0
0.000152492
0.0142689
0.0199547
0.0123954
0.00111101
0.0214796
0.00501046
0.0213053
0.0204122
0.00180812
0.000413907
4.35692e-05
0.0113933
0.00631753
0.0039648
0.0039648
0.0149224
0.0046619
0.00217846
0.00816922
0.00509759
0.0154671
0.0122212
0.0156413
0.0141164
0.000697107
0.0194754
0.00514116
0.000130708
0.0184951
0.00272307
0.0121122
0.00986842
0.00468369
0.0207825
0.00812565
0.0154453
0.0123519
0.00649181
0.0208914
0.00875741
0.0110666
0.0115241
0.010522
0.0038123
0.0182337
0.0207825
0.00812565
0.0202161
0.0185605
0.0164692
0.0117637
0.0162295
0.0194319
0.00583827
0.0152274
0.0174712
0.000697107
0.0123954
0.00143778
0.0156196
0.0160117
0.0072107
0.013354
0.0211528
0.0174059
0.0140946
0.00431335
0.0080603
0.01477
0.00276664
0.00444406
0.0159028
0.0194972
0.00625218
0.0180594
0.00213489
0.0143125
0.00420443
0.0022656
0.0057947
0.00930202
0.0108052
0.01477
0.0171663
0.0127658
0.0128747
0.0140728
0.0191922
0.0189744
