0
0.025218
0.0295639
0.0137472
0.0291205
0.0275831
0.00665188
0.0121803
0.0243902
0.0123282
0.0119143
0.0157576
0.0176497
0.00067997
0.0097561
0.0072136
0.0186548
0.0067997
0.00724316
0.00668145
0.000709534
0.0107317
0.000473023
0.00446415
0.00889874
0.00836659
0.0255137
0.00307465
0.0275536
0.026578
0.014782
0.0057354
0.0178566
0.0115004
0.0124464
0.00981523
0.0168514
0.0160828
0.0123282
0.0164671
0.00949002
0.00552846
0.00750924
0.0248928
0.00606061
0.00171471
0.0224686
0.00198078
0.0284701
0.0241537
0.0118551
0.0290318
0.0271397
0.00653363
0.00520325
0.0172653
0.0272875
0.0118551
0.0220843
0.0213747
0.0280562
0.0256319
0.0122099
0.011796
0.000946046
0.0191574
0.015255
0.000266075
0.0166445
0.0013895
0.0233851
