0
0.0065261
0.00936505
0.0115116
0.0137619
0.0156315
0.00552209
0.0097805
0.00965933
0.0126714
0.0109749
0.00605872
0.00502008
0.00784171
5.19319e-05
0.0012983
0.00420648
0.0156142
0.00794558
0.0167394
0.00526243
0.00296012
0.00290818
0.0127406
0.0114077
0.00917463
0.0108364
0.0158392
0.00552209
0.0107672
0.010421
0.0079802
0.000328902
0.00477773
0.00616258
0.0151641
0.0167048
0.0126368
0.0130695
0.00778978
0.0158392
0.000467387
0.00110788
0.0101613
0.0164797
0.00368716
0.000952084
0.0021119
0.00988437
0.00730508
0.0123944
0.0139524
8.65531e-05
0.012481
0.00924387
0.00682038
0.00467387
0.00237156
0.000605872
0.00908808
0.0172068
0.014489
0.0081533
0.00214652
0.00810137
0.00100402
0.0168432
0.00216383
0.0144544
0.00320247
0.00164451
0.0115116
0.00109057
0.0143678
0.0171202
0.00957277
0.00173106
0.00536629
0.00536629
0.0158219
0.00477773
0.00713198
0.0113904
0.00112519
0.00484697
0.0172241
0.00799751
0.012429
0.0108711
0.0142293
0.000952084
0.00212921
0.0151468
0.012983
0.00957277
0.00346212
0.0011425
0.0065261
0.00128099
0.00204265
0.00901883
0.0134677
0.0166355
0.0166182
0.00855145
0.00396413
0.0119963
0.0121001
0.000346212
0.00413724
0.0146275
0.00893228
0.00254466
0.00287356
0.0140043
0.0120309
0.0168259
0.00193879
0.00133292
0.0105075
0.00657804
