0
0.0064277
0.0238415
0.0305316
0.0143967
0.00380415
0.0214803
0.0029515
0.00901846
0.00154134
0.0203981
0.00229561
0.0278097
0.0131506
0.0312859
0.00498475
0.0166924
0.0323025
0.0251533
0.000426327
0.0265635
0.0101663
0.00314826
0.0198734
0.00423048
0.0204309
0.0242023
0.00364018
0.0238415
0.0040993
0.0170203
0.0301709
0.0191191
0.0290231
0.0102319
0.00442725
0.0191519
0.0171187
0.0215459
0.0261371
0.0238743
0.000721477
0.0315154
0.00914964
0.0212508
0.013085
0.0107894
0.0215459
0.011478
0.0301381
0.0130522
0.0169875
0.00550946
0.0130194
0.0307284
0.0282032
0.0211852
0.0306956
0.00449283
0.0249238
0.0150198
