0
0.00733549
0.0102481
0.00929522
0.00967278
0.0158576
0.000737145
0.010374
0.0131967
0.0159835
0.00909745
0.0171161
0.00242718
0.0108774
0.0158396
0.00978065
0.00142035
0.00604099
0.0105178
0.0122977
0.00174398
0.00257102
0.0167386
0.0142575
0.016415
0.00731751
0.00208558
0.00972672
0.00564545
0.0159655
0.00864797
0.00199569
0.00445883
0.00679612
0.0126933
0.0156778
0.00373966
0.00546566
0.00338008
0.0139698
0.00183387
0.0158216
0.0108414
0.0173679
0.0131248
0.0117044
0.00577131
0.0164509
0.0124416
0.0152643
0.0158756
0.00156419
0.00134844
0.00363179
0.00273283
0.0117943
0.010302
0.000305645
0.0115246
0.0136641
0.0138799
0.00927724
0.00190579
0.00753326
0.00584322
0.0161812
0.0074973
0.00109673
0.00415318
0.00348795
0.0174218
0.00325423
0.00650845
0.0130349
0.00843222
0.00041352
0.0101223
0.0152643
0.00264293
0.00787487
0.0164509
0.00731751
0.0167026
0.0175297
0.00915138
0.00339806
0.0055196
0.0178173
0.00695793
0.00934915
0.0106796
0.000485437
0.0162352
0.00857605
0.00177994
0.014671
0.00151025
0.00751528
0.0137001
0.002589
0.00778497
0.0058612
0.00204962
0.0153182
0.0115606
0.0140237
0.0176016
0.00339806
0.00913341
0.0150126
0.00372168
