0
0.0142713
0.0155227
0.00613689
0.013814
0.00464478
0.00584809
0.0117684
0.0192289
0.021443
0.00760493
0.0187235
0.0169667
0.0104929
0.00264729
0.0113833
0.0074846
0.0165816
0.0228629
0.00245476
0.0223094
0.00678668
0.0210339
0.0199509
0.00924143
0.0215393
0.00462072
0.0161003
0.00454852
0.0182422
0.00339334
0.00659415
0.0183144
0.00110705
0.0149933
0.0124182
0.0154024
0.0054149
0.0118406
0.0147045
0.0113833
0.0220206
0.013092
0.0168223
0.00856758
0.00584809
0.0172074
0.0229592
0.00502984
0.000673854
0.00587216
0.0190123
0.0220687
0.0138621
0.0237293
0.0186273
0.0233202
0.00450039
0.00640162
0.012707
0.0115759
0.0111427
0.0212264
0.0091211
0.0197102
0.0180978
0.0235849
0.000649788
0.0179775
0.00685888
0.00811032
0.00120331
0.0054149
0.00863978
0.0128754
0.0109261
0.0130439
0.0053427
0.0207932
0.0154024
0.00616095
