0
0.0292867
0.00173168
0.029317
0.0291955
0.0175598
0.0194434
0.00577227
0.0136104
0.0260664
0.028193
0.0286183
0.00240005
0.0229068
0.0259144
0.00082027
0.0134281
0.0175295
0.00698748
0.0083546
0.00905335
0.0120914
0.0276765
0.0221473
0.00704824
0.0106331
0.0287702
0.0198991
0.01118
0.00188358
0.0161624
0.026036
0.00407097
0.00519504
0.00121521
0.00352412
0.0137319
0.00969134
0.00288613
0.020051
0.0150687
0.0302285
0.0271297
0.0229979
0.011818
0.0258537
0.000486086
0.025398
0.0235752
0.0301069
0.0273119
0.0181371
0.0250638
0.0256106
0.0029469
0.00674444
0.0230283
0.0196561
0.00476972
0.0263702
0.0276157
