0
0.00822464
0.0196988
0.0214692
0.00739546
0.00838152
0.0104881
0.010264
0.00712653
0.0187127
0.0118103
0.00237551
0.00905383
0.00634216
0.00710412
0.0199901
0.0142531
0.00531128
0.00459415
0.0212675
0.00999507
0.00275649
0.0079109
0.0218278
0.00959168
0.00508718
0.00553539
0.000560262
6.72314e-05
0.016651
0.0113621
0.00540092
0.0195868
0.00237551
0.0155753
0.01627
0.0180404
0.00815741
0.0150374
0.00952445
0.0145892
0.00573708
0.0221191
0.00741787
0.0096365
0.00284613
0.00647663
0.0202367
0.0199677
0.00340639
0.00934517
0.00649904
0.00683519
0.00398906
0.0220967
0.016651
0.0145892
0.000246515
0.00291336
0.0208193
0.0194299
0.00293577
0.0190265
0.0155977
0.017637
0.000425799
0.0219623
0.00266685
0.014029
0.0166734
0.000582672
0.0175698
0.00961409
0.00849357
0.0160907
0.00712653
0.0215365
0.0194523
0.0222312
0.0169871
0.0144548
0.00589395
0.0184886
0.0025772
0.00721617
0.0146116
0.00221864
0.00885214
0.00880731
0.00867285
0.00654386
