0
0.00767971
0.00915343
0.00971017
0.0118716
0.0123137
0.00112985
1.63747e-05
0.000818733
0.0122974
0.00412641
0.0157197
0.00823645
0.00406091
0.00961192
0.00795808
0.000835107
0.0140003
0.00209596
0.00424103
0.00825282
0.00227608
0.0111348
0.00869494
0.00499427
0.0133126
0.00283281
0.00812183
0.000474865
0.00327493
0.012019
0.00759784
0.00265269
0.0102178
0.0132635
0.0112003
0.00638611
0.0146062
0.00378254
0.00551826
0.00545276
0.00763059
0.0139021
0.00553463
0.0144588
0.0142951
0.0113149
0.00214508
0.00427378
0.00307843
0.0045194
0.00406091
0.00913706
0.00687735
0.00912068
0.00365155
0.00406091
0.0112003
0.0119207
0.0155068
0.0153922
0.00399542
0.00535451
0.0119044
0.00925168
0.00206321
0.00537089
0.00198133
0.00766334
0.00736859
0.0095628
0.00928443
0.0138202
0.00556738
0.0159325
0.00948092
0.0114623
0.0102014
0.0133453
0.0127395
0.0140495
0.0117897
0.00499427
0.00230883
0.00325856
0.0123629
0.00106435
0.00320943
0.0143606
0.00550188
0.000261994
0.0106108
0.0110038
0.00858032
0.0102997
0.0120681
0.00856394
0.0143606
0.00175209
0.0122319
0.00605862
0.00563288
0.00235795
0.0124775
0.00797446
0.0118225
0.0137547
0.00969379
0.00188308
0.00869494
0.0161945
0.00687735
0.0106763
0.0148354
0.0149664
0.00700835
0.01215
0.00989029
0.0112985
0.0101195
0.0126249
