0
0.0181779
0.00525531
0.00527492
0.00243156
0.010393
0.00517688
0.00572594
0.0188838
0.0145109
0.00270609
0.0143541
0.00390227
0.00935367
0.00117656
0.0102557
0.0175504
0.00643188
0.00670641
0.00986352
0.0126481
0.0157071
0.000568672
0.00694172
0.0133344
0.00217664
0.00382383
0.00268649
0.012903
0.0150404
0.00152953
0.00694172
0.00676524
0.00558867
0.00223547
0.00509844
0.00378461
0.0143148
0.00366695
0.00711821
0.0101577
0.00598086
0.0141384
0.000862813
0.00827516
0.00549063
0.00194133
0.000902032
0.0122166
0.0183544
0.0083536
0.00535336
0.00492195
0.00351008
0.0166876
0.000117656
0.017472
0.0122166
0.0096086
0.00735352
0.0102165
0.0104518
0.00602008
0.0173151
0.0155306
0.0119029
0.0016668
0.00405914
0.00692211
0.0191976
0.000803985
0.00525531
0.0175112
0.00994196
0.00658875
0.0162366
0.0149031
0.00549063
0.0177661
0.0143737
0.0129422
0.00180406
0.0146286
0.0123931
0.00762805
0.00788297
0.013805
0.0110989
0.017119
0.0094125
0.0153738
0.00892227
0.00129422
0.0145698
0.00739274
0.0168641
0.00949094
0.00939289
0.0122755
0.00609852
0.00572594
0.0103145
0.0154914
0.0178838
0.0114127
0.00347086
0.00435328
0.00327477
0.0124127
0.00470625
0.0134913
