0
0.0164841
0.0220866
0.00775723
0.000251392
0.0110253
0.0137188
0.0240977
0.0169869
0.0193212
0.0258574
0.0183516
0.0179206
0.0280122
0.019824
0.029341
0.00513557
0.0326809
0.0273299
0.0252828
0.0141498
0.0107739
0.0239181
0.018603
0.0298079
0.00826001
0.00764949
0.0162686
0.00409409
0.032645
0.00258574
0.0317831
0.0285509
0.0102352
0.000718262
0.0160532
0.0236308
0.0202191
0.00208296
0.00650027
0.00696714
0.00143652
0.0139343
0.0060334
0.00495601
0.0105584
0.0185671
0.0342611
0.0160891
0.0184234
0.00614114
0.000287305
0.0336147
0.0280481
0.0251392
0.0190699
0.0277249
0.0121745
0.00477644
0.0352667
0.00653618
