0
0.00929742
0.00299697
0.0159725
0.014491
0.0069986
0.0167217
0.00624936
0.0148486
0.0125839
0.00614719
0.0168069
0.00240098
0.00951878
0.0165004
0.0162449
0.00996152
0.00260532
0.0157681
0.0156319
0.0116814
0.00260532
0.0048871
0.0103872
0.00914416
0.0148827
0.00429111
0.00180499
0.00507441
0.00638559
0.00269046
0.0152573
0.000493819
0.00262235
0.00275857
0.0164152
0.0148316
0.00933147
0.0124306
0.00226475
0.00631747
0.000664101
0.000153254
0.0110173
0.00968906
0.000357593
0.00275857
0.00830978
0.00834383
0.000476791
0.00243504
0.000357593
0.003014
0.00318428
0.0151722
0.00420597
0.00303103
0.00616422
0.0158533
0.00192419
0.00212853
0.0139291
0.0119368
0.00476791
0.00858223
0.000442734
0.015666
0.0140823
0.0152062
0.0155638
0.0129415
0.0169771
0.00328645
0.00197528
0.00148146
0.00517658
0.0124476
0.0153935
0.0129244
0.0129244
0.0159555
0.0106767
0.0014474
0.0127371
0.0158192
0.00974015
0.000119198
0.0169942
0.0151892
0.0119368
0.00487007
0.00352484
0.0155297
0.000102169
0.0159725
0.00507441
0.0168239
0
0.0062153
0.00716889
0.0100977
0.0113749
0.0145762
0.00192419
0.00912713
0.0145591
0.00349079
0.000834383
0.00476791
0.00102169
0.00636856
0.00996152
0.00165174
0.0113238
0.00950175
0.0162449
0.00376324
0.00461465
0.00424003
0.00299697
0.00841195
