0
0.0114605
0.0132688
0.00178384
0.0107275
0.0154436
0.0154681
0.0215771
0.0126824
0.00537595
0.0187425
0.0200132
0.0173985
0.0176185
0.00412971
0.0029079
0.0213083
0.0114361
0.0184737
0.0227989
0.0192801
0.0124136
0.011656
0.0145884
0.0173741
0.0105075
0.0150282
0.0100433
0.0119004
0.0178384
0.00283459
0.0182294
0.00791731
0.000806392
0.0238985
0.0135865
0.0167143
0.0217237
0.0150282
0.0136598
0.0204286
0.00437407
0.0184982
0.0206485
0.011485
0.00950566
0.00640227
0.00217482
0.0014173
0.0138309
0.00628009
0.00427632
0.00764851
0.00906581
0.0031767
0.0219681
0.00527821
0.0115339
0.0171786
0.00188158
0.00938348
0.0154436
0.00129512
0.0222369
0.0228967
0.0162745
0.00540039
0.000733084
0.00232143
0.0160545
0.00999438
0.0178384
0.0110451
0.013782
0.0159324
0.0235564
0.000830829
0.00464287
0.0240452
0.00855265
0.0230433
