0
0.00167461
0.0023586
0.0145762
0.0079249
0.0152366
0.00570782
0.0162744
0.0197179
0.00481155
0.0177131
0.0181848
0.00660409
0.0223595
0.0176895
0.00707581
0.0175244
0.00919855
0.0074296
0.0097882
0.0155432
0.0179018
0.0153309
0.0162744
0.00169819
0.0112977
0.0206849
0.0110618
0.0177131
0.00941082
0.00606161
0.00136799
0.00912779
0.0228784
0.00934006
0.0214161
0.0228549
0.020567
0.023303
0.00306618
0.0211802
0.00837304
0.00391528
0.00231143
0.00672202
0.0115336
0.0122411
0.00377376
0.00391528
0.00974103
0.0195528
0.0130431
0.0150715
0.00231143
0.0140573
0.0162036
0.0101184
0.00827869
0.015496
0.0181848
0.0054012
0.00771263
0.0193169
0.0168876
0.00301901
0.00127364
0.0225482
0.00476438
0.0096231
0.000613236
0.00584933
0.0132082
0.00120289
0.00200481
0.0143403
0.0114156
0.00384452
0.0152366
0.000283032
0.0170291
0.00141516
0.0101892
0.0106373
0.0042219
0.0204727
0.0201425
0.00339639
0.00360866
0.00507099
0.022336
0.00816076
