0
0.00843448
0.00630162
0.012041
0.0129523
0.00141544
0.00789157
0.00742622
0.000775585
0.00533214
0.0095203
0.0169271
0.008958
0.00566177
0.00476985
0.0027921
0.00321868
0.0149106
0.00593322
0.0128165
0.011595
0.0129329
0.00934579
0.00160934
0.0134176
0.000930702
0.0112266
0.0188855
0.0114011
0.00283088
0.0151433
0.00990809
0.00515764
0.0157444
0.00248187
0.00285027
0.0056036
0.0142514
0.0132237
0.016074
0.00515764
0.0142708
0.014581
0.00657308
0.0184395
0.00383914
0.0118858
0.0134176
0.0185946
0.00975298
0.0101214
0.00573933
0.0070966
0.00364525
0.00383914
0.0146973
0.0114205
0.0135727
0.00440144
0.0116919
0.00990809
0.00193896
0.00870594
0.00637918
0.0181487
0.00942335
0.0193508
0.0169077
0.0171986
0.0158025
0.00190018
0.00314112
0.00482801
0.0080273
0.0122736
0.00401365
0.0133788
0.0167332
0.0137085
0.0113429
0.0179548
0.0124869
0.0110715
0.0132043
0.00469229
0.0120603
0.0180323
0.00191957
0.0185365
0.0119246
0.0183232
0.00787218
0.0164618
0.0179742
0.0126032
0.00608834
0.0131268
0.00610773
0.0121185
0.00333501
0.00556482
