0
0.0321756
0.00551814
0.00304309
0.0325408
0.0178122
0.0369634
0.0213016
0.0136736
0.0101842
0.0142417
0.00916985
0.0281587
0.0320133
0.014972
0.0352593
0.0214234
0.0284022
0.00182585
0.00738457
0.0131461
0.0345695
0.0234521
0.000284022
0.000202873
0.0254808
0.00580216
0.0403311
0.0362736
0.0371663
0.023655
0.0295788
0.0306338
0.037856
0.001907
0.0119289
0.000608618
0.0195569
0.0047878
0.0199221
0.0206119
0.00499067
0.0328654
0.00900755
0.0287673
0.0273472
0.0336363
0.0262111
0.0189889
0.0337174
0.000649193
