0
0.0117276
0.00929654
0.00140032
0.0101523
0.00927709
0.00336465
0.0141782
0.0121555
0.0147811
0.018068
0.000466772
0.00772118
0.00315071
0.0132446
0.016162
0.0017115
0.0090437
0.00303402
0.0154424
0.00313126
0.0138281
0.0108719
0.019196
0.0112998
0.0179902
0.00437598
0.00678764
0.00396756
0.0165704
0.0130696
0.00964661
0.000272283
0.00659315
0.00859638
0.00565961
0.00717661
0.0146255
0.0154813
0.0112414
0.0193321
0.00964661
0.00233386
0.00877142
0.00851858
0.00400646
0.0153451
0.00690433
0.0178151
0.0121555
0.00180874
0.00256724
0.00449268
0.00951047
0.0166482
0.00394811
0.0181652
0.0177373
0.000700158
0.00416205
0.00886866
0.0173872
0.00233386
0.00931598
0.0194294
0.0171344
0.0185153
0.00772118
0.0179902
0.0115332
0.013303
0.00394811
0.00488165
0.000408425
0.0154813
0.0194488
0.00373417
0.0032285
0.00558181
0.0138281
0.00408425
0.0185736
0.0121166
0.0142171
0.00530953
0.0192543
0.0016726
0.018068
0.0123694
0.000233386
0.0141782
0.00287843
0.0109691
0.00103079
0.0111636
0.0134002
0.0164926
0.0171344
0.0185153
0.0145283
0.000408425
