0
0.0170382
0.00896534
0.00705868
0.0176264
0.0176061
0.0149287
0.00109531
0.00598365
0.00119673
0.012373
0.0132452
0.0147664
0.00062879
0.00849881
0.00302225
0.000344821
0.0173019
0.00454352
0.00606479
0.0159834
0.00249488
0.0149896
0.0188231
8.11343e-05
0.0120484
0.0125352
0.014523
0.00598365
0.0076469
0.0126367
0.00202836
0.00803229
0.0188637
0.0140565
0.0181132
0.0115616
0.012089
0.0162269
0.0162877
0.00933044
0.0127584
0.0182552
0.00626762
0.0142593
0.0156792
0.0105272
0.000791059
0.0151113
0.0129409
0.0182146
0.0196142
0.00738322
0.00519259
0.00649074
0.0163283
0.00229204
0.00571997
0.00624734
0.0119065
0.00535486
0.00705868
0.00231233
0.00371189
0.0088842
0.00918845
0.0169368
0.00517231
0.00231233
0.00886392
0.000446238
0.00144013
0.00663273
0.00525344
0.0193911
0.00734265
0.00316424
0.0195736
0.00683556
0.00886392
0.00294112
0.0161051
0.00525344
0.00188637
0.00300197
0.0116428
0.00436097
0.0167137
0.0123324
0.0165717
0.0179915
0.0184783
0.0174033
0.014949
0.0184175
0.0025963
0.0103852
0.0199185
0.00667329
0.00519259
0.00584167
