0
0.00204146
0.0102247
0.00765983
0.0167155
0.0158082
0.00553113
0.000785176
0.0145345
0.00682231
0.0145345
0.00233808
0.00745045
0.0127024
0.0160699
0.00699679
0.0143425
0.0141681
0.00427485
0.0138191
0.00275684
0.0151452
0.00579285
0.00762493
0.0112542
0.00713638
0.000907314
0.00765983
0.0160176
0.0163317
0.00996301
0.000122138
0.0155988
0.000907314
0.00893356
0.015372
0.00895101
0.0117253
0.00427485
0.00451912
0.0143076
0.00959659
0.0113938
0.00608948
0.00439698
0.0170994
0.0120568
0.0142553
0.00888121
0.0172739
0.00670017
0.0110099
0.0169075
0.0166981
0.0169598
0.0016227
0.0124058
0.0132433
0.00359436
0.0139063
0.0113065
0.0120219
0.00146566
0.00820073
0.00251256
0.00214615
0.0126675
0.00495533
0.00340243
0.00233808
0.0100154
0.000436209
0.0169424
0.00560092
0.0111844
0.0100154
0.00603713
0.0127024
0.00221594
0.00717127
0.0130688
0.0047634
0.000872418
0.00301857
0.00357691
0.000802624
0.00966639
0.0132433
0.0155639
0.0106086
0.0150754
0.00193677
0.00999791
0.016035
0.00310581
0.0127373
0.00247767
0.0102771
0.0142379
0.00535664
0.0149009
0.00239042
0.00917783
0.0132259
0.0090557
0.0129467
0.00352457
0.0124407
0.00202401
0.00772962
0.0166108
