0
0.0258855
0.00520074
0.0240337
0.0232457
0.0267523
0.0204878
0.0240731
0.0209606
0.0284071
0.0222213
0.000551594
0.0128837
0.00386116
0.0234821
0.0129625
0.0111107
0.0392814
0.0304559
0.0151688
0.0215516
0.0323076
0.0112289
0.0302983
0.0087467
0.0223001
0.00571293
0.00614633
0.00937709
0.0285253
0.0175722
0.0113865
0.032544
0.0241519
0.0386116
0.0207636
0.0269887
0.0300619
0.0318348
0.00307316
0.0241913
0.0257673
0.0107561
0.0219455
0.0137898
0.00732832
0.034908
0.00520074
0.0189512
0.0247823
0.0281707
