0
0.00164291
0.0131877
0.015097
0.0402735
0.00879179
0.00657164
0.00785933
0.0279295
0.00999068
0.00226455
0.0319258
0.0388526
0.0309933
0.040984
0.00155411
0.00168731
0.0132765
0.0122996
0.0242884
0.0125216
0.00945784
0.00159851
0.0305493
0.0376981
0.0371653
0.0374761
0.0283291
0.0110563
0.0218907
0.00666045
0.00608321
0.0174948
0.0134097
0.0170063
0.00226455
0.0381422
0.0121664
0.0383642
0.0428933
0.000843657
0.0313041
0.0347231
0.0421384
0.0285955
0.0186493
0.0133209
0.00488433
0.0343679
0.00639403
0.0330802
