0
0.00914617
0.00685963
0.00440578
0.0179949
0.00263975
0.000669232
0.0092763
0.0090904
0.0104475
0.00604168
0.0164891
0.000353206
0.0034577
0.00184039
0.00840258
0.0117673
0.000892309
0.0155782
0.00632052
0.0127898
0.00451732
0.0030859
0.00429424
0.012734
0.00583719
0.00784489
0.000297436
0.00161731
0.0050936
0.0118789
0.00959233
0.0185898
0.00804937
0.00747309
0.00152436
0.0184782
0.00263975
0.0151321
0.0112654
0.00401539
0.0143885
0.00988976
0.00377373
0.00403398
0.0185154
0.000929489
0.00762181
0.0146302
0.0030859
0.0103731
0.0103545
0.000483334
0.00574424
0.0180321
0.015318
0.00342052
0.00269552
0.00377373
0.00193334
0.00342052
0.0125853
0.00706412
0.0125109
0.0107077
0.00446155
0.0110795
0.0107077
0.002175
0.0110051
0.0133475
0.0121019
0.0041827
0.00213782
0.000594873
0.00793784
0.0181994
0.00198911
0.00778912
0.00585578
0.00269552
0.00410834
0.00347629
0.0104103
0.00258398
0.016043
0.0155225
0.00775194
0.0100571
0.0140353
0.0112096
0.00464744
0.00152436
0.0140911
0.00310449
0.011693
0.0147045
0.00407116
0.0168052
0.00593014
0.00620899
0.00972245
0.018125
0.0181808
0.00148718
0.00421988
0.0103173
0.00962951
0.00485193
0.0184411
0.0149648
0.00184039
0.0150763
0.00191475
0.00442437
0.0151321
0.0162475
0.0102987
0.00700835
0.00433142
0.0158385
