0
0.00570504
0.000870863
0.0169907
0.006256
0.0100771
0.00483418
0.0123165
0.000799773
0.0172751
0.0175239
0.0170974
0.00654036
0.00138627
0.00719795
0.0151246
0.00119077
0.00545623
0.0174884
0.00334127
0.0072335
0.0168485
0.00590054
0.0153379
0.00392777
0.00261259
0.0177016
0.0163331
0.0164042
0.00426545
0.00302136
0.00231045
0.00661145
0.000479864
0.010006
0.00120855
0.000888636
0.0102371
0.012903
0.00778445
0.00120855
8.88636e-05
0.00728682
0.00870863
0.00403441
0.0125831
0.010006
0.00330573
0.0162798
0.00773113
0.0171862
0.00179504
0.012512
0.0168308
0.00163509
0.017435
0.0150002
0.0127253
0.00629154
0.0131874
0.00133295
0.000675363
0.00618491
0.0170974
0.0126897
0.0137028
0.0175061
0.0163865
0.0154445
0.015409
0.0170085
0.00838872
0.0106992
0.0122454
0.0156755
0.0153201
0.00622045
0.0158888
0.00652259
0.0111257
0.015249
0.00472754
0.00110191
0.00815768
0.0129919
0.0115345
0.0101838
0.00325241
0.00607827
0.00319909
0.00590054
0.00671809
0.0106814
0.00837095
0.0117122
0.00385668
0.00428323
0.00636263
0.0162976
0.00394554
0.0118544
0.01173
0.00266591
0.00691359
0.0156222
0.00115523
0.0122099
1.77727e-05
0.0106636
0.0099705
0.0117478
