0
0.0224584
0.028866
0.00793021
0.0190008
0.020682
0.0116098
0.0051705
0.0281681
0.0121174
0.00735924
0.0277557
0.00710547
0.0109437
0.0143061
0.00713719
0.0145282
0.019889
0.024774
0.00526566
0.0182078
0.0221729
0.00840603
0.00139572
0.0175416
0.0228073
0.0200476
0.0218557
0.00393339
0.00269627
0.00634417
0.00142744
0.0236003
0.0287074
0.0108168
0.0247423
0.00656622
0.000793021
0.0123711
0.0183664
0.0178906
0.000475813
0.0114512
0.0112609
0.0149405
0.0296907
0.00596352
0.0290563
0.00237906
0.00574148
0.0162411
0.00704203
0.026709
0.0080571
0.0187787
0.0095797
0.00704203
0.0166852
0.0286439
0.0145282
0.0015226
0.00647105
0.0268358
0.0146868
0.0142744
0.0176051
0.0307692
0.0148136
0.00301348
0.0157653
0.00421887
