0
0.00516943
0.00817226
0.00140639
0.0050364
0.0079442
0.0130376
0.00954064
0.0175229
0.017884
0.0158694
0.00874242
0.00754509
0.00454226
0.00292681
0.000532147
9.50263e-05
0.0116312
0.0112321
0.0168007
0.00207157
0.0177509
0.0174848
0.0156223
0.00458027
0.000342095
0.00993975
0.0170477
0.00695593
0.00591064
0.00661383
0.00298383
0.0133987
0.00231864
0.00121634
0.0176559
0.0135508
0.00997776
0.00437121
0.00800122
0.018226
0.00718399
0.00416215
0.00534048
0.000152042
0.00277477
0.0021666
0.0152042
0.0186252
0.00515043
0.00157744
0.000513142
0.00670886
0.0151092
0.00543551
0.0086474
0.00408613
0.0175229
0.0125625
0.00570158
0.00638577
0.00528346
0.0112131
0.000380105
0.000418116
0.0141399
0.010814
0.0131897
0.0141969
0.00992075
0.0141779
0.00349697
0.00423817
0.0154133
0.00988274
0.00819127
0.0141779
0.0102058
0.0147481
0.0166676
0.00961666
0.0170857
0.0174088
0.00790619
0.00319288
0.000912253
0.0165346
0.0132657
0.0187392
0.00697493
0.0101488
0.00239466
0.00929357
0.0082863
0.00651881
0.00703195
0.0130376
0.00440922
0.00304084
0
0.00745006
0.00879944
0.0171998
0.00564456
0.0068609
0.0118593
0.0158504
0.0127145
0.0153372
0.0190053
0.00606268
