0
0.014203
0.00973764
0.0152969
0.0164446
0.0038018
0.00514678
0.000322795
0.00464466
0.00337141
0.014723
0.0175385
0.00744221
0.00658142
0.000251063
0.00588204
0.00878719
0.0147589
0.0104012
0.00450119
0.000986317
0.0108136
0.00568477
0.00796227
0.00204437
0.00245683
0.00616897
0.00193677
0.0175744
0.00444739
0.0178075
0.0102039
0.00643796
0
0.00369421
0.010186
0.00925345
0.0149203
0.00204437
0.00530818
0.00136291
0.00202643
0.00896652
0.00945071
0.00512885
0.010455
0.00568477
0.00541578
0.0122483
0.00681455
0.00937898
0.0106522
0.00817747
0.0156555
0.0131628
0.00720908
0.0102756
0.0137726
0.00566684
0.00202643
0.0153686
0.0113516
0.00919965
0.0130911
0.0099887
0.00218783
0.0160142
0.0145078
0.0099349
0.00905618
0.00543371
0.0108316
0.0164267
0.016337
0.0150638
0.0146692
0.00502125
0.000502125
0.0021161
0.0172516
0.0150817
0.00997077
0.00208023
0.0120689
0.0116923
0.00957624
0.00667109
0.00182917
0.0114951
0.00331761
0.0165343
0.00344314
0.00301275
0.00349694
0.00157811
0.00129118
0.00534405
0.0149562
0.00487779
0.00867959
0.00425013
0.00532611
0.00159604
8.96652e-05
0.00957624
0.0167495
0.0123917
0.00640209
0.0113157
0.000681455
0.00383767
0.00154224
0.00303068
0.012858
0.0138802
0.0119434
0.0107598
0.0110288
0.0177537
0.00464466
0.0116923
