0
0.0100178
0.0144701
0.0129262
0.0108975
0.00771979
0.00895855
0.00445234
0.011831
0.00287248
0.00872516
0.00798908
0.0162654
0.00624764
0.00333926
0.00531409
0.00529613
0.00497298
0.0117413
0.0136981
0.00278271
0.00299815
0.0109872
0.00859949
0.0148651
0.0116515
0.0108436
0.00804294
0.000736073
0.010305
0.000197483
0.0150446
0.0038958
0.0102691
0.0142547
0.00861744
0.00323154
0.0044703
0.00940737
0.0132673
0.0041651
0.000933556
0.00861744
0.00472164
0.0116694
0.014524
0.00594244
0.0175939
0.0145958
0.00967667
0.00964076
0.0171272
0.00348288
0.016409
0.0148112
0.0146317
0.0130159
0.0111847
0.00675033
0.008402
0.00513456
0.0130339
0.0023698
0.00714529
0.0162295
0.0142906
0.0087072
0.00280067
0.0167681
0.0083661
0.00219027
0.00971257
0.0135186
0.00190302
0.00500889
0.00229798
0.0178273
0.0103948
0.0142726
0.00576291
0.0107898
0.0131775
0.00439848
0.00827633
0.0029802
0.0145419
0.00306996
0.00285453
0.00215436
0.0132493
0.0143624
0.00233389
0.00946123
0.0128184
0.000628355
0.0106282
0.00120285
0.014147
0.00170553
0.00700167
0.0017953
0.0138956
0.0141649
0.0141111
0.0149369
0.010305
0.00789932
0.0136802
0.0165347
0.00888673
0.0161757
