0
0.0252383
0.00507352
0.00339312
0.00326386
0.00177735
0.0105995
0.00174503
0.0135725
0.00365164
0.0253999
0.00349006
0.0224592
0.0276943
0.0201971
0.028276
0.0233963
0.0117628
0.0261108
0.0254322
0.0112781
0.0188722
0.00888673
0.00953304
0.00155114
0.024689
0.0297948
0.0075618
0.0299887
0.02582
0.0255615
0.0199063
0.00678623
0.0169333
0.00242365
0.024689
0.00788496
0.0220391
0.00946841
0.0125384
0.00617224
0.0271772
0.0317014
0.0305381
0.00507352
0.00746486
0.00911294
0.0278236
0.0316368
0.00491194
0.0317984
0.00704476
0.0309582
0.029504
0.00449184
0.0251737
0.00184198
0.0195831
0.0248505
0.0284052
0.0159961
