0
0.0149805
0.00499349
0.0169887
0.0218465
0.0262972
0.0024696
0.0265143
0.00564481
0.0132436
0.0164459
0.00694746
0.0156318
0.0251303
0.00702888
0.00344659
0.00388081
0.0169887
0.0090914
0.0252388
0.019594
0.0170158
0.0264329
0.0197297
0.0265686
0.0268671
0.0195126
0.00379939
0.00719171
0.00865719
0.019404
0.024696
8.14155e-05
0.0232034
0.00130265
0.00322948
0.0205439
0.02665
0.0257002
0.00702888
0.0151976
0.00485779
0.0151704
0.0193226
0.0265415
0.00773448
0.0119952
0.00447785
0.00900999
0.0193226
0.00450499
0.0140306
0.00974273
0.00724598
0.0238819
0.00298524
0.0139221
0.0252931
0.0138406
0.0191598
0.0271385
0.0233391
0.00751737
0.0255916
0.00529201
0.0140035
0.00130265
0.0015469
0.00806014
0.023502
0.00445072
