0
0.0116581
0.0247514
0.00752864
0.0209241
0.00249276
0.0068488
0.0158378
0.00863654
0.00423014
0.0117084
0.00380209
0.00294599
0.0171724
0.0236938
0.019791
0.0226615
0.0145537
0.018104
5.03588e-05
0.00387763
0.00347476
0.0166688
0.0017122
0.00203953
0.0235931
0.0171975
0.00710059
0.00788115
0.0146041
0.02105
0.0189601
0.00405388
0.0101473
0.0169206
0.015435
0.00357548
0.0190104
0.0194889
0.0110538
0.0209996
0.00591716
0.0112048
0.0156868
0.0103487
0.00561501
0.00853582
0.00254312
0.00110789
0.0134962
0.0211759
0.0152084
0.0242478
0.0202694
0.00254312
0.0136724
0.0154853
0.00564019
0.00727685
0.00813295
0.011784
0.019086
0.0220572
0.0198665
0.00992068
0.023719
0.0217298
0.00848546
0.00365101
0.0034244
0.0101221
0.000302153
0.006597
0.0209744
0.023996
0.0128919
0.0134458
0.0140501
0.0178774
0.0145537
0.017122
