0
0.0217126
0.0152886
0.0218277
0.0011052
0.0132854
0.00301628
0.00978564
0.0161405
0.00626281
0.000759826
0.022956
0.00455896
0.0103843
0.0177523
0.0111211
0.0125947
0.00739103
0.0120651
0.0169694
0.013769
0.0179365
0.0198706
0.00739103
0.0124335
0.0134696
0.00557206
0.018443
0.00333863
0.00511156
0.0135848
0.00324653
0.00133545
0.0152195
0.0032235
0.0105224
0.00640096
0.0176602
0.0176141
0.00900279
0.00803573
0.00218738
0.0180056
0.0158873
0.0144137
0.0140913
0.018443
0.018397
0.0163938
0.0210449
0.0199397
0.00792061
0.0228869
0.0178444
0.0002763
0.00670028
0.0139301
0.0175451
0.00937119
0.00969354
0.00686146
0.0200087
0.00746011
0.00566416
0.0219198
0.0225185
0.0131703
0.0227257
0.00948631
0.0169004
0.003684
0.0159333
0.020239
0.0151274
0.00803573
0.0213212
0.00996984
0.0191338
0.00877254
0.010108
0.00782851
