0
0.0067453
0.00612353
0.00949618
0.018201
0.00169575
0.0151487
0.00911934
0.00599163
0.00987301
0.00883672
0.0162226
0.00521913
0.00352338
0.0127558
0.00359875
0.0028074
0.0146211
0.012134
0.0184459
1.88416e-05
0.000998606
0.00058409
0.0133775
0.00776275
0.0120398
0.0088744
0.0181256
0.00552059
0.00636847
0.0158646
0.00346686
0.00521913
0.0108716
0.0123601
0.0104759
0.0117949
0.0166371
0.00525681
0.0146399
0.00727286
0.00712213
0.00975996
0.000923239
0.0107962
0.00642499
0.00442778
0.0135283
0.0112108
0.00676414
0.00972227
0.00503071
0.0175415
0.00876135
0.00683951
0.00203489
0.0154124
0.000508724
0.00917587
0.0180691
0.004164
0.00631194
0.016656
0.0105701
0.016656
0.00960922
0.0107209
0.00431473
0.0175227
0.00636847
0.000357991
0.0138863
0.0160719
0.0184271
0.00154501
0.00243057
0.00580322
0.0153182
0.000320307
0.00614237
0.0050684
0.0100426
0.0133775
0.00776275
0.00906282
0.0136036
0.0112108
0.00146965
0.00207258
0.00384369
0.00254362
0.00706561
0.000452199
0.00960922
0.0147907
0.0182764
0.014753
0.0132645
0.0188416
0.00329728
0.0179561
1.88416e-05
0.00320307
0.0168444
0.0144704
0.0145646
0.0123978
0.0142066
0.00604816
0.00337265
0.00116818
