0
0.0155617
0.0175232
0.0275053
0.0168694
0.0332156
0.0269387
0.0236694
0.0239745
0.0176976
0.0160411
0.0100693
0.0331285
0.0364849
0.0146899
0.0185694
0.0416285
0.0207053
0.02829
0.0178719
0.00244104
0.0327797
0.000479491
0.00954623
0.0235386
0.0375311
0.00793339
0.0404516
0.0110283
0.00749749
0.00326926
0.00980777
0.0129898
0.00422824
0.0293361
0.00139488
0.0216207
0.0334772
0.0100693
0.0347413
0.0238874
0.0370952
0.00418465
0.0302515
0.0410183
0.00675646
0.00632056
0.0227104
0.0245848
0.0262848
0.00231027
