0
0.0184363
0.00326384
0.0212885
0.0115264
0.00790967
0.00255815
0.0187009
0.016231
0.0227881
0.0208474
0.0215825
0.0143491
0.0186421
0.0273751
0.0132612
0.00358729
0.00376371
0.0202299
0.0183481
0.0134376
0.0111147
0.00861537
0.0246111
0.01776
0.000264636
0.00473404
0.0134964
0.0135258
0.0265518
0.00132318
0.0103796
0.00799788
0.0245523
0.00326384
0.00123497
0.00502808
0.0194948
0.00579258
0.0137905
0.0242877
0.0148784
0.0236702
0.022494
0.000176424
0.0151136
0.0129672
0.0223176
0.0178482
0.0124085
0.0096151
0.0154077
0.011791
0.0227587
0.00141139
0.0192596
0.00232291
0.0271399
0.0238172
0.00114676
0.0134376
0.0219648
0.0141727
0.0262578
0.00532212
0.00249934
0.0163192
0.018848
0.0284631
0.0139963
0.0262284
