0
0.0136377
0.00108236
0.00909182
0.00847571
0.0120558
0.00880874
0.0074766
0.0127385
0.0069271
0.00899191
0.0104573
0.0153528
0.0132048
0.00717687
0.0151863
0.000982449
0.0139208
0.0166517
0.00184834
0.00106571
0.00333034
0.0140707
0.00526193
0.00391314
0.0110734
0.0127052
0.00755986
0.0121724
0.0159024
0.00407966
0.0104906
0.0128051
0.00949146
0.00900856
0.0111566
0.00284744
0.00256436
0.0112066
0.00128218
0.00414627
0.0126553
0.0117061
0.00414627
0.0132714
0.0148366
0.00138209
0.013005
0.0147367
0.00368002
0.000799281
0.00960802
0.0015153
0.00960802
0.00108236
0.00815932
0.00900856
0.0130882
0.0165851
0.00288074
0.00213142
0.016252
0.00169847
0.00724348
0.0148033
0.00930829
0.00870883
0.00253106
0.0146535
0.00507876
0.00659407
0.000899191
0.0014487
0.00869218
0.00880874
0.0131881
0.0129384
0.0151197
0.0114897
0.0130383
0.00316382
0.0129883
0.00616112
0.000516202
0.00124888
0.0150365
0.0127718
0.00697705
0.00794285
0.0124555
0.00309721
0.00722683
0.0100909
0.00697705
0.0128884
0.00802611
0.00982449
0.0111067
0.00318047
0.0134379
0.0118726
0.00611117
0.00186499
0.0137876
0.0113398
0.0116229
0.00214807
0.00143204
0.000882539
0.000732674
0.00401305
0.0145203
0.00805941
0.00980784
0.00955806
0.00472908
0.0078929
0.000249775
0.0122723
0.00116562
0.0142372
