0
0.0136586
0.00183918
0.0244232
0.0112244
0.0200417
0.0153085
0.00432748
0.00243421
0.0170665
0.00527412
0.00467909
0.0205285
0.00968274
0.0250994
0.00378655
0.00132529
0.00559868
0.00973683
0.0245314
0.0234495
0.00776242
0.0117112
0.0126579
0.0266411
0.0168772
0.0167419
0.00597733
0.0206367
0.0253969
0.00865496
0.0123604
0.022557
0.0226922
0.000405701
0.0140373
0.00256944
0.0247478
0.0189057
0.00562573
0.0221513
0.0267492
0.00308333
0.0261813
0.00649122
0.00803289
0.0119547
0.0135504
8.11403e-05
0.00651827
0.0130365
0.0165526
0.0132259
0.0244773
0.0129013
0.0244773
0.020258
0.00827631
0.0243421
0.0131447
0.00889839
0.0183918
0.00981798
0.0240716
0.0222595
0.012144
0.00762719
0.0256674
0.0240175
0.0122792
0.0183648
