0
0.0330774
0.00395711
0.0182298
0.0255014
0.00179254
0.00280718
0.0256029
0.00213075
0.0101803
0.0113978
0.0272263
0.00700105
0.023675
0.000845537
0.00683194
0.0250955
0.0271587
0.0059864
0.0165387
0.0247912
0.0224236
0.00784659
0.0306761
0.0173504
0.0248588
0.000338215
0.0126831
0.0325701
0.0091318
0.0289174
0.0262455
0.0197179
0.0103156
0.00524233
0.00558055
0.0306084
0.0281733
0.0124801
0.0179254
0.0325025
0.00875977
0.0275645
0.0306084
0.0120405
0.023675
0.00710251
0.0183989
0.0321304
0.00155579
6.7643e-05
0.0183651
0.015727
0.0333142
0.022356
0.0186356
0.00399094
0.00121757
0.011939
0.00899652
0.0281395
