0
0.00750588
0.0089754
0.00370772
0.0104901
0.00978929
0.0222689
0.0125249
0.0144239
0.0147405
0.0225855
0.0200081
0.0130901
0.0100606
0.00795804
0.00992494
0.0033686
0.0151022
0.00648852
0.00585549
0.012231
0.0144239
0.00612679
0.0151474
0.00153735
0.000474769
0.0130901
0.0201212
0.00296166
0.0120501
0.0100606
0.0180865
0.00888497
0.00976668
0.0125023
0.0185612
0.00558419
0.00151474
0.00187647
0.0144692
0.0011304
0.00675981
0.00357207
0.010671
0.0178604
0.0198951
0.000226081
0.0196464
0.0025321
0.0152831
0.000994755
0.0178152
0.00219298
0.0190134
0.0148987
0.0193977
0.0120049
0.0156674
0.00481552
0.00183125
0.0042051
0.0135874
0.00705372
0.00764153
0.0175213
0.00377555
0.01465
0.0127736
0.00368511
0.0193751
0.00262254
0.00687285
0.00501899
0.0188551
0.000203473
0.0153961
0.00739284
0.015803
0.00486073
0.0130449
0.0177021
0.000180865
0.00829716
0.0108067
0.0126379
0.0131579
0.0178152
0.00779978
0.0126831
0.00296166
0.00359468
0.00809369
0.000248689
0.0115301
0.0132257
0.0100154
0.0081389
0.00149213
0.000339121
0.00888497
0.0115075
