0
2.76526e-05
0.0146835
0.00232282
0.0218732
0.0131903
0.0205459
0.00353953
0.0215414
0.0246108
0.020214
0.00165915
0.0156514
0.0151813
0.0156514
0.0032077
0.0221221
0.00146559
0.00893178
0.0185272
0.000608357
0.00660896
0.017587
0.0181124
0.00398197
0.00843403
0.00677488
0.0135774
0.0101485
0.00738324
0.00987197
0.00221221
0.00622183
0.0113099
0.000165915
0.003263
0.0188591
0.0109228
0.0130797
0.0238918
0.0217349
0.0201864
0.0142964
0.021486
0.0231176
0.0141305
0.0225645
0.00683019
0.0241683
0.0257445
0.000718967
0.0131073
0.00223986
0.0179189
0.0150153
0.00179742
0.0121395
0.0123607
0.0157896
0.0173658
0.010508
0.00160385
0.0115588
0.0185825
0.0260211
0.0150153
0.00085723
0.0200758
0.0112822
0.0138539
0.0162321
0.00630479
0.011863
0.00154854
0.0223709
0.0206565
0.0191079
0.00442441
0.00746619
0.00376075
0.0162321
