0
0.0235311
0.0192854
0.023675
0.00428165
0.00708812
0.0248624
0.0337495
0.0239269
0.0226676
0.0155075
0.0051092
0.0232433
0.0211924
0.0239988
0.0269852
0.030979
0.0351168
0.0216601
0.0289641
0.0246825
0.0112618
0.025582
0.034721
0.0199331
0.0216961
0.00161911
0.023747
0.0246825
0.0156514
0.0105062
0.0170187
0.0117296
0.0137445
0.0358723
0.031015
0.029288
0.0202569
0.0198611
0.00399381
0.00176303
0.0285324
0.0118735
0.0355845
0.0188177
0.00334617
0.00651243
0.00741194
0.0253301
0.0198251
0.0283165
