0
0.013856
0.00765984
0.0205889
0.0132218
0.0142463
0.0209792
0.0227356
0.00341522
0.0145391
0.0161003
0.0154661
0.00234186
0.00082941
0.00680604
0.0105872
0.0151489
0.0202474
0.000146366
0.0181007
0.00995292
0.00470812
0.00114654
0.000463494
0.000536677
0.0181738
0.0156856
0.00661088
0.0103676
0.019174
0.00139048
0.021028
0.0147586
0.00309809
0.016637
0.0107823
0.00963579
0.00687922
0.0101237
0.0240285
0.0144659
0.0188325
0.00273217
0.00456175
0.00375674
0.0108311
0.0209304
0.00509843
0.000805015
0.000487888
0.00182958
0.016637
0.013173
0.0118069
0.00578147
0.00746469
0.0127339
0.0087088
0.0131974
0.00361037
0.0128802
0.00787939
0.00158564
0.013051
0.00509843
0.012929
0.0138804
0.0216866
0.00234186
0.00678165
0.0110263
0.016393
0.0231747
0.0236626
0.0222233
0.00580587
0.0214671
0.0128559
0.0105628
0.0143195
0.0120996
0.0161247
0.0202961
0.00580587
0.00343961
0.0213451
0.00539116
0.00197595
0.0211987
0.00197595
0.0110995
