0
0.0355197
0.0116886
0.0365033
0.0110455
0.0114995
0.00419882
0.000302618
0.00994856
0.0218641
0.000643062
0.013353
0.0358602
0.0146391
0.00370707
0.0246255
0.0371841
0.0082085
0.036768
0.0218641
0.0156605
0.00469057
0.0284839
0.00026479
0.034158
0.0257225
0.0211832
0.0117643
0.0208806
0.0132773
0.0368815
0.0147904
0.00113482
0.0105916
0.0264034
0.00355576
0.00499319
0.0221289
0.00783023
0.0163035
0.0137313
0.00828416
0.0316614
0.0108942
0.0197458
0.0109321
0.0257225
0.0159253
0.0227342
0.0248525
0.00574974
0.0132017
0.0171357
0.00200484
0.0243607
0.0220911
0.0243985
0.00571191
0.021902
0.000983507
0.0178544
