0
0.0168212
0.0011469
0.02383
0.0317627
0.0101947
0.00828316
0.0192106
0.0228743
0.0232566
0.0273663
0.00735927
0.00398229
0.0239574
0.0074867
0.0265698
0.00841059
0.000700882
0.0204212
0.0297556
0.0178406
0.00207079
0.014623
0.012361
0.00309025
0.0299787
0.0235433
0.0237981
0.00140176
0.0152601
0.0158973
0.0143044
0.0178088
0.0298831
0.0213132
0.0147504
0.000987607
0.015292
0.00898404
0.0193061
0.0220141
0.0127433
0.0205805
0.0221415
0.0306158
0.0305202
0.0215362
0.0169486
0.0309025
0.0243716
0.0291503
0.00124247
0.00551148
0.00500175
0.0149734
0.00681767
0.015069
0.0246265
0.0305202
0.0150371
0.00379114
