0
0.00941969
0.0132437
0.00555243
0.0109104
0.0211295
0.00557404
0.0193579
0.00922525
0.0129413
0.00635181
0.00503392
0.00172838
0.0049259
0.0118826
0.0207838
0.00929007
0.00559564
0.00343516
0.0115586
0.0171542
0.000194443
0.00211727
0.0121419
0.0199628
0.0123147
0.00607095
0.0130277
0.0114073
0.0121203
0.00799378
0.00820983
0.0122499
0.00248455
0.0172838
0.0147777
0.0207838
0.0188826
0.0177159
0.000864192
0.0199628
0.00231171
0.0167221
0.00157715
0.000388886
0.0194227
0.00563885
0.0141079
0.00142592
0.0194875
0.0196604
0.00866353
0.0156851
0.0103919
0.0196172
0.0174567
0.00985179
0.00306788
0.0040401
0.00110185
0.0122067
0.0136326
0.00386726
0.0110401
0.0120555
0.000907402
0.00894439
0.0071944
0.0135462
0.0128116
0.00125308
0.0131789
0.0216048
0.00743205
0.0120987
0.0141079
0.00734563
0.012574
0.00149073
0.0119259
0.0122499
0.0184721
0.00393207
0.00615737
0.014216
0.0184937
0.000864192
0.0138271
0.00524997
0.00460182
0.00667588
0.0128116
0.00654626
0.00321912
0.00347837
0.00803699
0.00745366
0.013395
0.00550923
0.00782094
0.00149073
