0
0.0276191
0.0267141
0.0282745
0.00864463
0.0168524
0.0141997
0.00343289
0.023999
0.0102987
0.0107356
0.0149799
0.0227819
0.0295228
0.0306775
0.0145742
0.00970571
0.00592953
0.00465
0.0105171
0.00905034
0.00465
0.0126705
0.0308336
0.00939363
0.0294292
0.00355772
0.016353
0.000280873
0.00415067
0.0181943
0.0139812
0.0172893
0.01395
0.0259339
0.00162282
0.0266829
0.0112037
0.028056
0
0.00748994
0.012452
0.0180695
0.0206597
0.0216272
0.0171644
0.0088943
0.0206597
0.0109852
0.0307712
0.00287114
0.00446275
0.0247168
0.0141685
0.00455638
0.010798
0.00374497
0.00976812
0.00858222
0.0258091
0.00465
0.00611678
0.00789564
0.0123896
0.0107356
0.0104235
0.0262772
0.00983054
0.0277752
0.0027151
0.011547
