0
0.00653556
0.000396095
0.00328758
0.0118432
0.0197057
0.0147347
0.00297071
0.0130315
0.0145961
0.00180223
0.00912998
0.013487
0.00344602
0.011863
0.00986275
0.00447587
0.000891213
0.00136653
0.0176856
0.0183392
0.0046145
0.00320837
0.0045947
0.000554532
0.0195275
0.00695146
0.00071297
0.0103579
0.0180619
0.0149724
0.00606025
0.0167548
0.0175668
0.0184778
0.0132098
0.0164973
0.0128929
0.00217852
0.00726833
0.0150516
0.0120215
0.00823877
0.0128731
0.00346583
0.012774
0.0111699
0.00332719
0.0050304
0.0162993
0.0102588
0.00257461
0.011863
0.00794169
0.0149328
0.00653556
0.00728814
0.0054661
0.0189135
0.00606025
0.00487196
0.0158042
0.00806052
0.0110312
0.0102985
0.00102985
0.00847642
0.0169528
0.0079615
0.0176658
0.0164775
0.00637712
0.00247559
0.0107936
0.00873388
0.018557
0.0110708
0.00526806
0.0196661
0.010754
0.0119819
0.00661478
0.0194086
0.0184976
0.0133484
0.00760501
0.013487
0.0025152
0.0127344
0.0110114
0.00435704
0.0142792
0.000673361
0.0124572
0.00709009
0.00388173
0.0141208
0.0179629
0.012774
0.00318856
0.0136851
