0
0.00196517
0.0195698
0.0228178
0.00600469
0.0224084
0.0197609
0.0192423
0.00335717
0.00073694
0.0022927
0.0152028
0.015967
0.0238277
0.000545881
0.00111906
0.0216715
0.00425787
0.0149571
0.00567717
0.017168
0.0174955
0.0158306
0.00862492
0.022736
0.00889787
0.0170315
0.000245647
0.0107539
0.0264207
0.0112997
0.0116273
0.0252743
0.015967
0.0152574
0.0147934
0.00979857
0.0211256
0.0247284
0.0256018
0.00502211
0.0013647
0.024783
0.0255472
0.0112997
0.0200884
0.00499481
0.000791528
0.0118456
0.0161308
0.0231181
0.0124461
0.00622305
0.00409411
0.0271849
0.0119275
0.0168131
0.00843387
0.00589552
0.025984
0.00854304
0.0215896
0.0264207
0.0146569
0.0247011
0.0166221
0.0228178
0.00977128
0.0230089
0.0119002
0.01392
