0
0.0158818
0.0135038
0.0109771
0.00229309
0.00681558
0.0143318
0.00165612
0.0034821
0.00222939
0.0131003
0.01206
0.0136099
0.0166249
0.0166886
0.0151811
0.00273897
0.0126545
0.00586012
0.0109559
0.0190029
0.0138859
0.00335471
0.0197248
0.0112531
0.0126969
0.0141195
0.0090662
0.0126332
0.000339717
0.0109134
0.0107648
0.0153297
0.0123572
0.0063697
0.00528685
0.000849293
0.00554164
0.00329101
0.0117202
0.00273897
0.00995796
0.00477727
0.0198522
0.00280267
0.0159879
0.00375812
0.00265404
0.0208714
0.017092
0.0091299
0.00371566
0.0150962
0.0202132
0.0132914
0.0035458
0.0140133
0.011699
0.0146715
0.0123784
0.00235679
0.00808952
0.012336
0.0205741
0.0131216
0.0131428
0.00592382
0.00902374
0.0204892
0.00556287
0.0176653
0.00649709
0.00594505
0.0100217
0.00876895
0.0172831
0.00959701
0.0209138
0.0104038
0.000127394
0.000997919
0.00416154
0.0200858
0.00588135
0.00501083
0.00898127
0.0201707
0.00367319
0.00174105
0.00666695
0.000743131
0.0188968
0.00881141
0.00641216
0.0141195
0.00278143
0.0148202
0.00320608
0.00808952
0.0041403
0.0153722
