0
0.014046
0.0126658
0.0218945
0.0125575
0.00121786
0.0020839
0.0215697
0.0257916
0.0173207
0.0107713
0.0126928
0.0238972
0.0197294
0.00108254
0.0109066
0.00330176
0.0103112
0.014046
0.0192693
0.00695535
0.0171854
0.0180514
0.020866
0.02
0.0163194
0.0108796
0.00427605
0.0234371
0.0243572
0.0241678
0.00549391
0.0183762
0.0122598
0.0192693
0.0258728
0.0100135
0.0192152
0.000568336
0.0196482
0.0137754
0.0182679
0.0193505
0.00400541
0.00435724
0.0187009
0.00922869
0.0187551
0.0184303
0.0043843
0.00952639
0.0143437
0.0197835
0.0107172
0.00987821
0.0270095
0.0118539
0.0162111
0.0152909
0.0107172
0.0189445
0.00376184
0.00600812
0.0170501
0.0161028
0.0102571
0.0125304
0.0085521
0.0153451
0.023816
0.0206766
