0
0.00592648
0.0118115
0.0130134
0.0181524
0.0200589
0.00314974
0.00261097
0.0205562
0.00690041
0.0206391
0.0194994
0.00623731
0.00196859
0.00402006
0.0157072
0.0158109
0.0135107
0.00198931
0.0141738
0.00687969
0.00113971
0.0129927
0.0032119
0.00404078
0.0118737
0.00752207
0.0182975
0.0199967
0.0154171
0.000352273
0.0166397
0.0112935
0.0135107
0.000538771
0.00499399
0.00586431
0.0190435
0.00648597
0.00835095
0.0178416
0.00213436
0.00325335
0.00998798
0.00310829
0.0115007
0.0069833
0.0173857
0.00685897
0.00735629
0.0119358
0.0141531
0.000891044
0.00578142
0.00298396
0.00737702
0.0191678
0.00501471
0.00862033
0.00986365
0.00300468
0.00578142
0.0138215
0.0165361
0.0148784
0.0132828
0.0029218
0.0174686
0.00323262
0.0188363
0.0159352
0.0151892
0.00279746
0.00147126
0.0044345
0.00957354
0.0188363
0.0032119
0.0187741
0.01148
0.00797795
0.0157694
0.00673463
0.00857889
0.00888972
0.0123917
0.00725268
0.00959426
0.0161631
0.0167848
0.0108169
0.00375067
0.0195201
0.0198309
0.000518049
0.00737702
0.00949065
0.0151685
0.0125368
0.00267313
0.000331551
