0
0.00908406
0.00432047
0.0200071
0.0100146
0.0179022
0.0137812
0.000598219
0.00516241
0.01418
0.00272522
0.00740019
0.0212478
0.0159525
0.00591572
0.0205167
0.016019
0.00861878
0.0148225
0.00525103
0.0125847
0.00478575
0.00432047
0.0192981
0.0101919
0.0218682
0.00225994
0.0194532
0.00724509
0.0100146
0.0210484
0.012762
0.0203616
0.00250366
0.0179909
0.0132494
0.00819781
0.00409891
0.00327912
0.0119201
0.00172819
0.0174813
0.0072894
0.00405459
0.0210484
0.00810919
0.0144459
0.00463066
0.00908406
0.0121195
0.0203837
0.00660256
0.00217131
0.0159968
0.0185005
0.0169717
0.00257012
0.0206275
0.0177915
0.0109673
0.0114769
0.0130279
0.00263659
0.0219347
0.0167501
0.0103027
0.000487437
0.012341
0.0146674
0.00152878
0.0125404
0.0140249
0.0129171
0.0120308
0.00434262
0.0094164
0.0110781
0.00527319
0.0175477
0.00303541
0.00733372
0.00126291
0.0132051
0.00206053
0.0166615
0.0136039
0.013471
0.0179466
0.0174591
0.00383303
0.0122746
