0
0.0369929
0.0116507
0.0376308
0.0291266
0.0041245
0.0414151
0.0213028
0.0103325
0.000127562
0.0164555
0.0275534
0.0420529
0.0190492
0.0282762
0.0275534
0.0130113
0.0186666
0.0322306
0.0161578
0.041245
0.0153074
0.030955
0.000382686
0.0199847
0.0127562
0.0224934
0.0110554
0.00119058
0.0120333
0.030955
0.0142019
0.0221107
0.0108428
0.0298495
0.000297644
0.00973722
0.00973722
0.00518752
0.0148822
0.00263628
0.0338039
0.0153074
0.0223233
0.0126286
0.00170082
0.0314653
0.0266604
0.0403096
0.0228761
0.0413726
