0
0.0211908
0.00472324
0.0108252
0.00421262
0.00975286
0.00112337
0.0145782
0.00280842
0.0141187
0.017642
0.00676573
0.0151654
0.00579555
0.0100082
0.00676573
0.018944
0.0215227
0.0109528
0.0223652
0.0209355
0.000459559
0.0169271
0.00837418
0.0161867
0.00993158
0.019327
0.00515727
0.0156505
0.0183313
0.00931883
0.000893587
0.0150123
0.00908905
0.00362541
0.0223652
0.0152931
0.0122294
0.00893587
0.0201185
0.0141697
0.0214971
0.0133527
0.00250204
0.0166718
0.0112081
0.0220333
0.0171824
0.0120251
0.000868056
0.0176164
0.0252502
0.0146548
0.0238971
0.0142974
0.0215737
0.00490196
0.0118719
0.0145527
0.00436581
0.0059998
0.0174632
0.007404
0.00492749
0.00117443
0.0229779
0.00314032
0.0141442
0.024229
0.0177185
0.022595
0.0234375
0.0110549
0.00209355
0.0167994
0.0108762
0.00464665
0.00597426
0.00546364
0.0110805
0.0148846
