0
0.0108194
0.00162698
0.00398609
0.0167782
0.0130565
0.0128328
0.00890769
0.00990421
0.0110431
0.00207439
0.00900938
0.0116329
0.00392508
0.0114905
0.0145004
0.00750442
0.0153342
0.0140733
0.0161884
0.0177137
0.000101686
0.0126701
0.00132192
0.00115922
0.0182221
0.00309125
0.00868398
0.0193813
0.0195847
0.0154359
0.00746375
0.0109821
0.0191373
0.0128531
0.01749
0.0136869
0.00671127
0.0129955
0.0198084
0.010494
0.0109414
0.00994489
0.0139106
0.00774847
0.0126701
0.00400643
0.017429
0.0137886
0.0154766
0.0019117
0.00193203
0.00447418
0.00148461
0.00827724
0.0118973
0.0101686
0.0180594
0.00892803
0.00286754
0.0155986
0.0129751
0.0143377
0.017734
0.00882634
8.13488e-05
0.00990421
0.0177544
0.0202762
0.0151309
0.0172256
0.00915174
0.0147851
0.00736206
0.00839926
0.0202355
0.0178154
0.0101279
0.0146021
0.00455553
0.0130565
0.0193
0.0161071
0.00959915
0.000366069
0.00894836
0.0165545
0.00207439
0.0135446
0.014053
0.00992455
