0
0.00054462
0.0253378
0.00101144
0.0101662
0.011048
0.0172982
0.0176872
0.00311211
0.00212661
0.00054462
0.0131487
0.0116445
0.024482
0.0063539
0.00407168
0.012241
0.0142898
0.0106331
0.0214217
0.0245338
0.022511
0.0169351
0.00318992
0.0228222
0.018154
0.00127078
0.0175056
0.0169351
0.0254415
0.0046163
0.00381234
0.0131487
0.0239633
0.0112036
0.00967349
0.0122669
0.0131746
0.0170129
0.00879172
0.0223554
0.00259343
0.00936228
0.00215255
0.0212402
0.015379
0.0108146
0.0108665
0.0207474
0.0110739
0.00580928
0.0196582
0.00977722
0.0139786
0.00443476
0.00386421
0.00956975
0.0243782
0.00554994
0.00267123
0.00321585
0.0254675
0.0210586
0.0253378
0.00036308
0.0170907
0.00342333
0.0123447
0.0136414
0.0227962
0.00700226
0.00482378
0.00482378
0.00373454
0.0028009
0.024067
0.00466817
0.0222775
0.0136674
0.0217589
0.0252341
