0
0.00028006
0.0258277
0.0143142
0.0131006
0.00463654
0.0156833
0.0160879
0.0310555
0.0169592
0.0181416
0.0201643
0.00952203
0.0246141
0.0231516
0.0207244
0.0239607
0.00398307
0.00301842
0.00535225
0.00513443
0.00802838
0.011638
0.0022716
0.00410754
0.0201643
0.00516555
0.0049166
0.00348519
0.00880632
0.0179861
0.0134118
0.00905527
0.0290017
0.0290017
0.0268235
0.00513443
0.0271969
0.0194797
0.0187951
0.0236495
0.0189507
0.00693926
0.0172704
0.0297175
0.0187018
0.0249564
0.0217513
0.00880632
0.000871297
0.0131317
0.00970874
0.0159012
0.00323625
0.00398307
0.000311177
0.0116069
0.0303087
0.0276014
0.0261078
0.0265123
0.0255477
0.00463654
0.00121359
0.00149365
0.00815285
0.0176749
0.000777944
0.0263567
0.00936644
0.00457431
