0
0.0259844
0.0194809
0.0133931
0.000920592
0.0180555
0.00712716
0.00231633
0.0130368
0.0209657
0.00843381
0.000267269
0.00543446
0.0273208
0.0196591
0.0168973
0.0180555
0.0226881
0.0128586
0.0141949
0.0250342
0.0177288
0.0221833
0.0280929
0.0123834
0.028865
0.0243511
0.015264
0.00228663
0.00368237
0.00216784
0.0159767
0.0204906
0.00270238
0.007632
0.00831502
0.0212627
0.00602839
0.00620657
0.0200451
0.02153
0.0174318
0.00911683
0.00881986
0.0189464
0.000148483
0.00267269
0.0236087
0.00329631
0.00611748
0.0271129
0.0106313
0.0146701
0.0269644
0.0025242
0.00100968
0.0101562
0.000653323
0.0203718
0.0276177
0.0171349
0.0289838
0.00546416
0.0291026
0.0118489
0.000534537
0.0279147
0.0225099
0.00400903
0.0234899
0.0178179
