0
0.00230147
0.00642411
0.0100664
0.00292187
0.00934598
0.00512328
0.00518332
0.006244
0.000220141
0.0082853
0.0014009
0.00704451
0.0163505
0.0114073
0.0184918
0.000420269
0.00350224
0.00126081
0.0141691
0.0196126
0.0133285
0.0159702
0.0113673
0.00534342
0.0142891
0.0018812
0.00544348
0.0123079
0.00144092
0.0133686
0.0194925
0.0118476
0.000660423
0.0160102
0.00752482
0.00902578
0.017231
0.0127882
0.00400256
0.0166306
0.00314201
0.0189922
0.00666427
0.0154099
0.00586375
0.0023415
0.00838537
0.00636407
0.012508
0.0104067
0.0103266
0.00924592
0.0162104
0.0169709
0.0199328
0.00648415
0.00550352
0.0152898
0.0103466
0.0127682
0.00486311
0.00144092
0.00830532
0.0152498
0.00826529
0.0101265
0.0123679
0.0126681
0.00262168
0.012468
0.00744476
0.0113473
0.00288184
0.00820525
0.0160703
0.0188321
0.00360231
0.00180115
0.00634406
0.00800512
0.00304195
0.0135287
0.0168108
0.00330211
0.00368236
0.0181516
0.00802514
0.0129883
0.0106868
0.00944605
0.000960615
0.000700448
0.0126281
0.00614393
0.000560359
0.0057837
0.0040626
0.0096862
0.0157501
0.00134086
0.00654419
0.0176113
0.0180916
0.00502321
0.00830532
0.0145093
0.0108069
0.00408261
0.00674432
0.00520333
