0
0.00714286
0.00085825
0.00085825
0.0139812
0.0174972
0.0169435
0.0196013
0.00107973
0.0252492
0.0222315
0.00337763
0.0231451
0.00141196
0.0136213
0.0175249
0.0017165
0.0256368
0.026412
0.0138151
0.0154762
0.0179125
0.00501107
0.00692137
0.0183555
0.0225637
0.0191584
0.0105759
0.0212071
0.0053433
0.0161683
0.0206257
0.0201274
0.00193798
0.0190199
0.0119048
0.0130676
0.00531561
0.00268549
0.00750277
0.00836102
0.00833333
0.0238372
0.00952381
0.0127907
0.0150332
0.00769657
0.0249723
0.0122093
0.0145072
0.01866
0.00107973
0.0227575
0.0145903
0.00166113
0.0146179
0.00753045
0.0111296
0.0247785
0.0245293
0.0208195
0.00855482
0.00146733
0.0160853
0.0051495
0.00562016
0.00985604
0.00395903
0.00348837
0.00703212
0.0165006
0.00708749
0.0021041
0.00625692
0.00797342
0.0172481
0.0153378
0.00526024
0.0142027
0.00991141
0.0245017
