0
0.00393859
0.00678402
0.0109637
0.0049996
0.0036653
0.00102886
0.0086649
0.00471023
0.00745921
0.0104975
0.00533719
0.00289366
0.0119605
0.0032634
0.00644643
0.00126999
0.0069287
0.00671972
0.00123784
0.00448517
0.0157704
0.00178442
0.00707339
0.0013343
0.0143879
0.00964553
0.00580339
0.0158669
0.0086649
0.0152078
0.00376176
0.00654288
0.00810224
0.00538542
0.00811832
0.00815047
0.0159794
0.00803794
0.0143075
0.0122177
0.0124267
0.0103046
0.0158187
0.0127642
0.015465
0.0086649
0.00927578
0.000562656
0.00958122
0.003601
0.00802186
0.00705731
0.0160437
0.0108673
0.00352062
0.000884173
0.0142432
0.0158347
0.00750744
0.00125392
0.0126196
0.00688048
0.012491
0.00270075
0.00189695
0.0109637
0.0058677
0.0138092
1.60759e-05
0.00712161
0.00688048
0.00192911
0.00380998
0.00954907
0.00147898
0.0138253
0.000160759
0.00742706
0.0111245
0.00863275
0.0101278
0.00469416
0.00749136
0.00900249
0.0125553
0.00932401
0.0122337
0.0157222
0.0114299
0.0041958
0.00671972
0.0101439
0.0150631
0.0148863
0.00954907
0.00688048
0.00946869
0.00869705
0.0134877
0.00983844
0.0142111
0.0143397
0.00292581
0.00602845
0.0115264
0.0136484
0.00604453
0.0113978
0.00302227
0.0123784
0.01016
0.00676794
0.00538542
0.00741098
0.0136484
0.00159151
0.0131179
0.0105779
0.00520858
0.00681617
