0
1.66027e-05
0.0149425
0.01471
0.0165031
0.00245721
0.00200893
0.00775348
0.00919792
0.000713918
0.00111238
0.00385184
0.00609321
0.00674071
0.00821836
0.0133154
0.00869984
0.00156066
0.00801913
0.0130332
0.0148096
0.0141455
0.000680713
0.0036028
0.0120204
0.00473178
0.00215836
0.00642526
0.00596039
0.00566154
0.0066411
0.0104763
0.0148927
0.000415069
0.00715578
0.0128505
0.00345337
0.00856702
0.00508044
0.00459896
0.00106258
0.00527967
0.00395145
0.0139629
0.00456576
0.0110574
0.0144776
0.000116219
0.0111903
0.0123358
0.00948017
0.0133984
0.0146104
0.0144278
0.00499743
0.011074
0.0150255
0.00952998
0.00131162
0.00740482
0.0102273
0.0136309
0.00428351
0.000282247
0.0137803
0.00951337
0.0100613
0.00499743
0.0136807
0.011954
0.0155734
0.00102937
0.00878285
0.00637545
0.0105759
0.00742143
0.0107918
0.0096628
0.0122362
0.0102273
0.0066245
0.00388504
0.0138965
0.00770367
0.000747124
0.0157394
0.00313792
0.00670751
0.00562833
0.0116385
0.0138301
0.00106258
0.0109578
0.000199233
0.00929754
0.0102107
0.00923113
0.00918132
0.0114891
0.0136641
0.0018097
0.00732181
0.0139297
0.0120536
0.0163869
0.00619282
0.0054457
0.0121698
0.0128505
0.00669091
0.00224137
0.00629244
0.0108748
0.0153575
0.0066577
0.0126513
0.0156232
0.00649167
0.0042503
0.00703956
0.00521326
