0
0.000691097
0.0169837
0.00945075
0.0012267
0.00718741
0.0115586
0.00920887
0.0163617
0.00825861
0.00986541
0.00741201
0.00392198
0.0162062
0.00936436
0.0108329
0.0112994
0.00461307
0.00352459
0.00596071
0.0141329
0.0104701
0.00825861
0.00832772
0.0102628
0.00758479
0.00634081
0.0147204
0.0134591
0.00473401
0.00996907
0.0121288
0.0148759
0.00772301
0.00177957
0.0121288
0.0167073
0.0140293
0.0101764
0.00820678
0.0116968
0.00542511
0.0140984
0.00583977
0.00640992
0.0158607
0.016068
0.00608165
0.0115413
0.00846594
0.00345548
0.00891515
0.00571883
0.00445758
0.000760207
0.00983085
0.00748112
0.00774029
0.000241884
0.00499318
0.00431936
0.0035937
0.0107293
0.00423297
0.00993452
0.00628898
0.00421569
0.0130099
0.00587432
0.00571883
0.00984813
0.0156188
0.0108157
0.00373192
0.00259161
0.0111958
0.0016068
0.0100209
0.00682458
0.0112476
0.01339
0.0165863
0.00438847
0.00767118
0.00297172
0.00471674
0.0161026
0.00304083
0.0110748
0.000207329
0.0104874
0.00146858
0.0139256
0.010522
0.00779212
0.0128198
0.00414658
0.0112476
0.00124397
0.00998635
0.0106083
0.00368009
0.00392198
0.00723924
0.00839683
0.00881149
0.00297172
0.00526961
0.00653087
0.00545967
0.00691097
0.014323
0.00463035
0.00943347
0.00559789
0.00366281
0.00715285
0.0141157
0.014634
0.0110748
0.00533872
