0
0.0102511
0.0151528
0.00311155
0.00754444
0.0182644
0.00797067
0.0122757
0.0114019
0.0132134
0.00937726
0.0173266
0.0195644
0.0154086
0.0092707
0.0130216
0.00279187
0.00426239
0.0147692
0.0202677
0.0140872
0.0154512
0.00701164
0.0146839
0.0103363
0.00924939
0.0124249
0.00334598
0.0170709
0.0135757
0.0100379
0.00272793
0.0089084
0.00875922
0.016261
0.000191808
0.00916414
0.0169217
0.00364435
0.0185627
0.0178807
0.0122331
0.0195644
2.1312e-05
0.000554111
0.00775756
0.0144708
0.00240825
0.0193086
0.00219513
0.00950514
0.0161545
0.0103789
0.00805592
0.0157709
0.0167725
0.0150036
0.0115511
0.0170922
0.0067772
0.00792805
0.0168578
0.0145774
0.00956907
0.0112101
0.00313286
0.0019607
0.00598866
0.0123396
0.015643
0.0114445
0.0131282
0.0101658
0.00771493
0.0106986
0.0124036
0.000660671
0.0179447
0.0114658
0.0201185
0.0144282
0.0058821
0.0134265
0.0200759
0.0120839
0.00988875
0.0107199
0.00937726
0.00198201
0.00731
0.0187545
