0
0.0421779
0.0306947
0.0185129
0.0393835
0.00113522
0.0152818
0.0151945
0.0387722
0.00873248
0.0281622
0.0208706
0.0356722
0.00895079
0.0434441
0.030258
0.0017465
0.00890713
0.0296468
0.0305637
0.00401694
0.017203
0.00777191
0.00227044
0.0185129
0.0197354
0.0288172
0.0138846
0.041392
0.0266341
0.0291228
0.0108719
0.00248876
0.0193424
0.024189
0.00807754
0.00641837
0.0110903
0.0207396
0.0215692
0.0291665
4.36624e-05
0.00654936
0.0210889
0.0351919
0.0175086
0.0110903
0.0127494
0.0268524
0.0338384
0.023665
