0
0.0391462
0.0301302
0.0187221
0.0138921
0
0.0423203
0.00174801
0.0246561
0.0295322
0.00335802
0.0409402
0.0130181
0.00584204
0.0423203
0.0360182
0.0206081
0.0204241
0.0157781
0.00234601
0.0329822
0.0302222
0.0135701
0.0309122
0.0378122
0.00119601
0.0391002
0.00616404
0.00211601
0.0212061
0.0172041
0.0200561
0.0405262
0.0155021
0.0227701
0.0167441
0.0263122
0.0147201
0.0159161
0.000966006
0.0123741
0.00423203
0.0192281
0.0318322
0.00372602
0.0443443
0.00460003
0.0179861
0.00110401
0.00975206
0.0440223
