0
0.0118551
0.0207961
0.020487
0.0100227
0.010972
0.0104863
0.0102435
0.0109058
0.0148575
0.0091176
0.00176612
0.0168223
0.0116564
0.0205312
0.00468022
0.00315694
0.01212
0.00980197
0.0186326
0.0211714
0.0207078
0.00993443
0.000220765
0.0198247
0.000132459
0.00419454
0.0147692
0.000860984
0.0163587
0.000463607
0.00408416
0.00368678
0.000375301
0.0192949
0.00759432
0.00309071
0.00642427
0.0144601
0.00147913
0.0151445
0.0011259
0.0177716
0.00713072
0.00651257
0.0122083
0.00373093
0.0149458
0.00271541
0.0173301
0.00481268
0.0126057
0.00130251
0.00613727
0.0163145
0.00942667
0.0139744
0.0108175
0.00796962
0.00269334
0.0218778
0.00951498
0.0111928
0.0198909
0.00966951
0.0137095
0.013555
0.0165574
0.00863192
0.00993443
0.0179041
0.0107071
0.0157626
0.018456
0.0165795
0.00549705
0.0103097
0.0189858
0.00845531
0.0101552
0
0.00521006
0.0220324
0.0212818
0.0159392
0.00234011
0.0219441
0.0182794
0.0203545
0.00538667
0.0171755
