0
0.0128682
0.00562267
0.00377031
0.0148026
0.00293428
0.00636034
0.0069013
0.00209826
0.0130649
0.0111798
0.0112945
0.00454076
0.013737
0.00609806
0.00442601
0.00821271
0.0100159
0.0147042
0.0135403
0.00508172
0.0051145
0.0116716
0.0142452
0.00780289
0.00772093
0.00118027
0.00881924
0.00106552
0.0152288
0.000229497
0.0125895
0.00547514
0.0116388
0.0033441
0.00391784
0.0100323
0.00106552
0.0100159
0.0108683
0.00613085
0.0135403
0.0100323
0.00406537
0.00152452
0.0113273
0.0145894
0.0108847
0.00126223
0.00650788
0.00983558
0.00903234
0.0109339
0.00945855
0.0046719
0.00809796
0.00213104
0.002672
0.0143272
0.0105569
0.0148026
0.00483583
0.00295067
0.00967166
0.00806518
0.00672098
0.00450798
0.00791764
0.0120322
0.00834385
0.0024589
0.00229497
0.0151632
0.0117371
0.00962248
0.0155238
0.00655705
0.00677016
0.00180319
0.00539318
0.00547514
0.0143272
0.000114748
0.00831107
0.0149501
0.0144419
0.00296707
0.0156058
0.000491779
0.016032
0.0118847
0.0106716
0.00339328
0.00701605
0.00398341
0.00806518
0.00814714
0.0060161
0.00721276
0.00949134
0.015573
0.00265561
0.0159992
0.00883563
0.00496697
0.0157041
0.0103765
0.0129174
0.0104749
0.00362277
0.0114912
0.00247529
0.0140813
0.00383588
0.0039998
0.00791764
0.0161467
0.00744226
0.00299985
0.0138518
0.0139993
