0
0.00078157
0.0086717
0.00372176
0.00647586
0.0168782
0.00573151
0.00279132
0.010942
0.00664334
0.010086
0.0149801
0.0132867
0.00498716
0.00204697
0.0111095
0.00664334
0.0165432
0.00245636
0.013603
0.00254941
0.00601064
0.00575012
0.00774126
0.017697
0.0139938
0.0185344
0.0124865
0.00532212
0.000260523
0.0178458
0.0174923
0.014887
0.0129145
0.0090811
0.00455916
0.00960214
0.0133239
0.00431724
0.0164316
0.0171945
0.0178645
0.000279132
0.00145149
0.0117608
0.00416837
0.0162269
0.012654
0.00662473
0.00156314
0.00135844
0.00254941
0.00939745
0.00308906
0.00249358
0.00310767
0.00500577
0.0048569
0.00407533
0.0178272
0.0059176
0.0151662
0.00502438
0.0181808
0.00835535
0.0113142
0.0180133
0.0152778
0.0146451
0.00642004
0.00736909
0.0151848
0.00429863
0.0080204
0.00325654
0.00539655
0.0113328
0.0132495
0.0184785
0.0140869
0.013082
0.0153337
0.00588038
0.0115747
0.00156314
0.00774126
0.000856005
0.014273
0.00333098
0.0130448
0.012226
0.0113328
0.00796457
0.00450333
0.00513603
0.0121143
0.00604786
0.0160222
0.0125796
0.00928579
7.44352e-05
0.00835535
0.0170643
0.00202836
0.00277271
0.00301463
0.00200975
0.0126168
0.0112769
0.00859727
0.0165804
