0
0.0189084
0.0186402
0.0134677
0.01387
0.0119734
0.00831434
0.0184869
0.0103067
0.0152302
0.0175291
0.0111305
0.00729899
0.00980862
0.00494262
0.00141765
0.0162838
0.00206901
0.00835265
0.00898485
0.0125864
0.0130845
0.0028353
0.0133336
0.0188318
0.0182954
0.0101726
0.0185061
0.0036016
0.000613039
0.0119351
0.00260541
0.00260541
0.00555566
0.00327592
0.00649438
0.0178931
0.000823771
0.0151919
0.00557482
0.0130271
0.0141765
0.0178164
0.0156133
0.00804613
0.00415717
0.00762467
0.0130845
0.0164179
0.00957873
0.00844844
0.0104408
0.00454032
0.0127014
0.0143298
0.00473189
0.00703079
0.00710742
0.0140616
0.000287362
0.00885074
0.0126439
0.00183912
0.00691584
0.0028353
0.000574724
0.0137359
0.00446369
0.0175099
0.0108431
0.0168586
0.0148087
0.0070691
0.0158815
0.010709
0.0180846
0.014847
0.0159007
0.0161689
0.0106132
0.00465526
0.00745225
0.0103833
0.00655185
0.00440621
0.00490431
0.00762467
0.00275867
0.012778
0.00170501
0.0103642
0.0100385
0.0171842
0.018736
0.00331424
0.00925305
0.011437
0.0127589
0.00262457
0.00134102
0.0145214
