0
0.00869565
0.0389862
0.0215949
0.00226664
0.000824232
0.0157841
0.0193283
0.0169792
0.0165259
0.0312384
0.00836596
0.00189573
0.00614053
0.0133938
0.0145477
0.0148362
0.038162
0.00766536
0.0132701
0.0296312
0.0216773
0.00647022
0.0216361
0.0282712
0.0229137
0.0359777
0.00465691
0.0105502
0.00675871
0.0320626
0.0028436
0.0279003
0.0152483
0.0302081
0.0265403
0.0400165
0.00692355
0.0403874
0.00729446
0.0230373
0.0154131
0.036225
0.000741809
0.000824232
0.0109623
0.012858
0.00201937
0.0184628
0.00366783
0.0378323
0.0331341
0.0212652
0.000576963
0.0222131
0.0039151
0.00428601
0.0167319
0.0017721
0.0184628
0.00712961
