0
0.0145229
0.00754345
0.00863619
0.00267898
0.00260848
0.0233001
0.0187529
0.0330995
0.0281645
0.00169199
0.0342628
0.0156156
0.0109274
0.0272833
0.000317248
0.0311255
0.0276005
0.0136064
0.00874194
0.0258733
0.00377172
0.0223836
0.00793119
0.0332758
0.0134302
0.0291163
0.00881244
0.0345447
0.00810744
0.0284113
0.0290458
0.0198104
0.0199866
0.0186471
0.0332758
0.0349325
0.0232296
0.0252388
0.0214671
0.0235468
0.0262963
0.0246396
0.0257323
0.0274948
0.0171314
0.0292925
0.0262963
0.0135712
0.0166026
0.0176249
