0
0.003036
0.0170956
0.00299986
0.0123609
0.0221917
0.0353838
0.00339743
0.00437328
0.00383114
0.0267096
0.0137343
0.0247578
0.0101561
0.0308298
0.0358898
0.00187943
0.0244687
0.00281914
0.0346248
0.0168787
0.0253361
0.0217218
0.018975
0.0193003
0.0247217
0.0132644
0.0314804
0.00104814
0.0198786
0.0199147
0.0239266
0.029601
0.0198424
0.0177823
0.0122524
0.0148547
0.0262758
0.00372271
0.0253361
0.0261313
0.00350586
0.0190473
0.027324
0.0302877
0.0234567
0.005313
0.0103007
0.0114934
0.00115657
0.00686714
0.0315888
0.00567443
0.0260951
0.00440943
0.0161558
0.00155414
0.0100839
0.000614428
0.0160474
0.0262397
