0
0.0167003
0.0143649
0.00396656
0.0145317
0.0169969
0.013123
0.0132342
0.00906378
0.0142537
0.00118626
0.00934181
0.00689515
0.00980519
0.0133454
0.00632055
0.00630201
0.0179051
0.0103613
0.0134752
0.0145502
0.0181646
0.0118997
0.00224278
0.0070805
0.00142722
0.0164223
0.00446702
0.00105651
0.0167559
0.00769217
0.017312
0.00318808
0.0174603
0.00507868
0.00354025
0.0155511
0.0142537
0.00485626
0.0119924
0.00409631
0.013883
0.0130859
0.0181832
0.00774777
0.00591277
0.00724732
0.00663565
0.0176086
0.00895257
0.0120294
0.00882282
0.0118812
0.0115661
0.0139386
0.0138459
0.00596838
0.00385535
0.0157736
0.0122889
0.00237252
0.0145502
0.0161813
0.0080258
0.0170525
0.0159775
0.017553
0.00785898
0.00526404
0.000685807
0.000889696
0.0179422
0.00359586
0.0162555
0.0134752
0.00172379
0.0184241
0.00804434
0.00989787
0.00659858
0.0169598
0.0096013
0.0101388
0.0136976
0.0040407
0.00428166
0.00374414
0.0151434
0.00296565
0.0101388
0.013883
0.00630201
0.0135493
0.00444848
0.00357732
0.0101944
0.0159219
0.0126782
0.00502308
0.00103798
0.000815555
