0
0.00668043
0.0153669
0.0127181
0.00372001
0.00888127
0.0108679
0.0026488
0.00409006
0.0138088
0.0126987
0.00625195
0.00666095
0.0139646
0.00438221
0.013283
0.0171588
0.00426535
0.00192817
0.00818012
0.013244
0.00730368
0.0182105
0.00627142
0.00905656
0.00788797
0.0124844
0.00206451
0.00609614
0.00319414
0.00648567
0.00617404
0.0138283
0.00167498
0.000506388
0.0120754
0.0164187
0.00255142
0.00658305
0.00855017
0.0170419
0.0013244
0.00983562
0.0163018
0.0141789
0.000915394
0.0158928
0.0118806
0.00555079
0.00673886
0.018191
0.00360315
0.00475226
0.0134972
0.00346681
0.00412901
0.0152696
0.00749844
0.00233718
0.00765425
0.0182689
0.00259037
0.0156786
0.0159512
0.00340838
0.017821
0.000253194
0.0166134
0.00537551
0.00823855
0.0113743
0.00706996
0.00775164
0.0115495
0.00905656
0.00812169
0.00732315
0.00309676
0.010342
0.0133609
0.00181131
0.0143931
0.0189701
0.000954347
0.01823
0.0101278
0.0112769
0.00442116
0.00118806
0.00440168
0.00128545
0.0039732
0.00424587
9.73824e-05
0.00701153
0.0134388
0.0167108
0.0193596
0.00173341
0.00788797
0.00549237
0.00716734
0.0114132
0.00938766
0.0170419
0.0156396
0.0142957
0.0116275
0.0113548
0.0176457
0.0158928
