0
0.00285112
0.01006
0.00883151
0.00273522
0.00760298
0.0176398
0.00574859
0.000579495
0.00799703
0.0184511
0.0121462
0.002063
0.010825
0.0215109
0.0149742
0.000741754
0.0159245
0.0120071
0.00201664
0.00108945
0.0112422
0.00549361
0.0217658
0.0101759
0.00540089
0.0229944
0.00519228
0.0174312
0.00948054
0.0110104
0.0230871
0.0169213
0.000556315
0.0122158
0.00850699
0.0120071
0.00644399
0.00968916
0.0215804
0.013282
0.0211632
0.0134675
0.0194942
0.0129112
0.00806657
0.00537771
0.0177094
0.0190074
0.00996732
0.0202823
0.000834473
0.0172226
0.0198883
0.0166663
0.0043578
0.00994414
0.0180339
0.0182425
0.0185902
0.00744072
0.0217427
0.0144642
0.00343061
0.000254978
0.00108945
0.0221599
0.0110568
0.0026425
0.00753344
0.00885469
0.0158782
0.00234116
0.00266568
0.0206532
0.0126098
0.0128184
0.0228785
0.000301337
0.0175703
0.000115899
0.0163649
0.00419554
0.00479822
0.00118217
0.00551679
0.00405647
0.0180107
0.0217195
0.0156
0.00855335
