0
0.0126645
0.0169517
0.0134776
0.00147834
0.00997881
0.00694821
0.0131572
0.0235549
0.00842655
0.017814
0.00559306
0.00852511
0.0110876
0.00189721
0.0156704
0.0066279
0.0115557
0.00165082
0.0119007
0.0244666
0.000147834
0.0152762
0.00960922
0.0241463
0.0180358
0.020204
0.0202779
0.015153
0.00150298
0.00726852
0.00665254
0.0165328
0.0175676
0.0116543
0.0142167
0.02082
0.00278421
0.0155965
0.0132065
0.0130833
0.0236781
0.0192431
0.00522348
0.0183807
0.00650471
0.0235303
0.0135268
0.0189474
0.00450894
0.00667718
0.00630759
0.0213128
0.0148327
0.0115557
0.0232593
0.0237028
0.00431183
0.00889469
0.000887005
0.0209678
0.0107426
0.0071946
0.0225447
0.0210417
0.00436111
0.0202533
0.0158922
0.0233824
0.0128862
0.00305524
0.00768738
0.0138718
0.00140443
0.00822944
0.00409008
0.00655398
0.0176169
0.00997881
0.00699749
0.0187996
