0
0.00281078
0.00974988
0.00873976
0.00248139
0.0143174
0.0198731
0.00610466
0.00267902
0.0136147
0.00759788
0.00412833
0.00331584
0.0134829
0.00612662
0.00237159
0.0101012
0.0127583
0.00331584
0.0191265
0.00766376
0.0202903
0.0153495
0.00707086
0.000307429
0.0137245
0.0167988
0.00522629
0.010233
0.0180285
0.00854213
0.0195876
0.0201805
0.0132194
0.0201146
0.0141856
0.0154154
0.00142735
0.00138343
0.0150201
0.0169964
0.0154154
0.00151518
0.00860801
0.013461
0.0180065
0.0028547
0.00122972
0.0162059
0.00184457
0.0210808
0.00669756
0.0202244
0.00873976
0.0216957
0.0187092
0.000944246
0.00426008
0.0142735
0.00081249
0.0120995
0.00138343
0.0219592
0.0120117
0.0207514
0.00902523
0.014537
0.0140978
0.00261314
0.0135708
0.00267902
0.0193021
0.0179187
0.0141637
0.00109796
0.00794923
0.0114847
0.0168427
0.0183359
0.00586311
0.0184677
0.00494082
0.0103208
0.0186873
0.0102989
0.0113309
0.0131536
0.013988
0.0180944
0.0158765
0.00711478
