0
0.0162619
0.0155154
0.0179147
0.0186879
0.00573165
0.0241263
0.0243129
0.0217003
0.000719789
0.00687798
0.000506518
0.004532
0.00597158
0.00367892
0.0109568
0.00109301
0.0102903
0.0126096
0.0244728
0.00546506
0.024846
0.0183679
0.014609
0.0163952
0.0173549
0.00901069
0.0179947
0.0149823
0.00445203
0.018208
0.0019461
0.010397
0.0235131
0.000133294
0.0116499
0.00327904
0.0219136
0.0176215
0.0195409
0.0161286
0.00117299
0.0179681
0.0107169
0.0177015
0.00482525
0.00450535
0.0205007
0.00191944
0.0142625
0.0133028
0.0224201
0.0132228
0.00450535
5.33177e-05
0.0163419
0.00533177
0.0168217
0.00711791
0.00599824
0.0244995
0.019461
0.0264189
0.00655808
0.0256458
0.00394551
0.0176482
0.0166884
0.0234331
0.0177815
0.00501186
0.0242329
0.00674469
0.00967716
0.00258591
0.0145291
0.0162352
0.00687798
0.00541175
0.0113034
0.0028525
