0
0.00533592
0.0334304
0.0253052
0.00392109
0.0128951
0.0261945
0.0044466
0.034158
0.0312879
0.0293071
0.033107
0.0374323
0.037877
0.0187161
0.0325006
0.00165737
0.0226777
0.00481041
0.0193225
0.0277306
0.0368259
0.00282965
0.0332687
0.00351686
0.0282157
0.00634651
0.00456787
0.0276093
0.00214245
0.00800388
0.020899
0.0271647
0.0221522
0.0332687
0.00836769
0.0290646
0.0143908
0.00852939
0.0162503
0.00432533
0.011925
0.0177056
0.0330665
0.0138653
0.0211416
0.0146334
0.033107
0.0367047
0.00654863
0.0314496
