0
0.0168009
0.0285685
0.0203416
0.00374896
0.011837
0.0186754
0.00649125
0.0101361
0.0160719
0.0236046
0.0210358
0.0313107
0.0035754
0.0240558
0.0318314
0.00399195
0.00645654
0.0318661
0.00538045
0.0251666
0.0219384
0.00753263
0.018363
0.0164191
0.029957
0.00735907
0.0177728
0.00749792
0.00892113
0.00458206
0.0220078
0.00361011
0.0172869
0.0177034
0.0177034
0.0150653
0.0223202
0.0188142
0.0338448
0.0130172
0.016905
0.0126701
0.0165232
0.02718
0.0324563
0.0163149
0.0184324
0.0172869
0.031519
0.0235351
0.00652597
0.00846987
0.0214177
0.0161761
0.0145099
0.00204804
0.00308942
0.00558873
0.0319356
0.0147528
