7261	614	7011	219	1207	5237	2200	1859	5707	730	1253	2075	5332	3706	2251	4786	5257	2968	1640	7025	2426	4635	3950	1629	3385	5891	120	3727	4120	3559	4836	2010	6537	5293	245	5975	4059	2313	2098	5565	1189	5017	395	4872	4488	2925	1808	2804	6554	3672	5943	1086	735	4578	3277	1153	1673	2069	4317	2068	6398	2559	5626	1481	7215	3690	6826	1208	247	6591	4530	1466	2586	7027	1336	1630	1149	764	4975	3733	778	930	3105	4071	6926	4790	1574	826	1787	6041	236	1063	3565	1567	5838	2687	1246	3960	5639	197	1384	4476	339	1194	5328	4526	3123	4025	2316	1994	6504	6535	1867	1243	7097	6943	6447	6252	4036	3654	2377
614	7261	511	866	6223	5519	5713	3167	680	3868	1278	6995	1648	7076	6201	3242	5512	120	1738	5874	6851	3488	993	5665	2949	3632	3928	6116	3180	3713	2650	4951	6922	5821	1429	5508	3967	276	3577	1343	3925	1535	5469	5804	3781	5342	2990	4548	4854	2028	1357	7234	2280	4082	2571	1347	1947	1234	4366	5030	2156	4555	1449	4880	6171	5867	4144	2814	3023	5147	5098	6172	4679	1437	5789	5347	6593	5436	2163	837	4344	2308	3522	1407	527	4656	3980	3492	7043	5823	6242	5619	821	1596	1573	5738	4877	4292	268	6274	2368	3289	3532	5271	1020	2877	2916	1439	1896	2459	2755	1410	3921	1736	5049	7206	1162	6000	4391	984	2183
7011	511	7261	7201	5642	204	6734	3715	5695	635	179	5045	120	6253	862	6471	3246	6498	2285	1776	5109	341	2310	2913	5318	2713	2688	6646	2167	4198	364	811	2480	3624	5445	7005	4398	1295	1989	3000	3911	5357	4186	2747	1260	449	5592	6333	6940	428	7108	4594	478	3790	145	3017	120	5165	2827	5526	4182	5460	2365	2951	172	375	4293	3331	2061	6083	3467	4253	1090	2562	3814	411	1881	1022	1898	6174	1398	4870	5811	2185	5253	3931	5294	2513	5923	3719	1192	3489	772	3330	1328	3336	1747	3905	4252	5768	3766	5618	5603	6163	2302	2045	6654	6819	5132	1451	4259	5829	254	6735	7094	7167	3800	1341	258	1847	749
219	866	7201	7261	2817	6709	602	4961	5933	3965	1148	6291	4209	6135	1829	3383	2749	6306	6881	1906	5898	6418	1176	403	6898	6580	5571	5650	3308	3149	1943	120	261	2292	4460	620	829	6645	864	481	6329	1274	2706	4214	4855	1323	3770	4037	5939	3387	5663	2509	203	795	2973	4883	7207	5929	5062	3125	6991	5525	7006	6337	1616	2715	6904	4388	2640	713	7106	5197	6731	4711	4777	2051	5516	6416	1636	1662	4316	7145	1370	3343	1968	5135	1303	3529	7091	2116	2794	782	6910	5484	3576	6779	1491	5385	1778	1172	5777	5220	4052	1435	884	2991	344	5493	3329	2941	5500	1111	6906	2171	3638	5095	2444	3245	5482	2573	2376
1207	6223	5642	2817	7261	5853	4995	6830	2871	6484	4584	438	4797	2282	1753	383	398	504	1876	5377	6334	6422	3304	6707	5969	120	445	1972	526	3774	3842	3030	3805	390	4527	1504	2624	2083	3079	4468	6939	4775	5671	4200	2357	3184	4837	2799	1817	3201	1459	2756	4752	3901	4501	2060	1100	5289	1335	3485	5539	3899	358	7035	7180	5438	1200	3620	1324	4736	5187	4104	6696	568	5061	4408	5803	4917	1880	6109	1093	690	2055	684	564	2849	5023	3985	5070	5698	6270	2502	2158	4114	1505	3160	3832	4330	1249	4136	1395	2225	7024	1018	7026	939	6816	4669	2611	615	3203	1222	1097	7034	294	6440	541	783	5075	878	4613
5237	5519	204	6709	5853	7261	2781	3411	2286	6385	2825	1944	7187	7060	3525	1951	4634	5761	6429	4456	1845	6988	3071	5358	2909	4637	1358	5434	1203	2131	4668	2684	4331	5096	1938	997	6183	120	6286	120	3631	5517	5836	691	1997	6079	592	1645	4148	2709	2236	5770	2408	7127	4438	4981	4946	1080	2512	266	4434	2093	2678	4081	756	5506	7115	2092	1363	4508	3916	5801	2338	5178	4889	4862	4359	586	4076	5360	140	1613	3515	2257	5989	6671	6805	2449	1394	891	4954	5462	5813	5232	921	3883	231	6730	6159	664	1690	642	122	2244	7038	2544	3092	3217	6787	1269	851	5756	5158	2435	5042	1492	4644	1954	2900	2382	7064
2200	5713	6734	602	4995	2781	7261	5841	4553	6890	6617	3042	6493	3667	291	2677	612	6058	3074	4588	3352	5418	4551	3834	6404	6698	5585	4426	1500	4454	2761	3229	5483	2441	2853	1633	4942	3839	3642	5175	1752	5840	6962	6261	4724	120	5900	4373	3700	4539	5451	1646	4323	5722	5421	2885	5311	5578	5559	3431	2671	2394	1035	198	4435	2564	5091	3121	945	2895	7224	1748	290	4653	5181	1547	1875	3656	4980	2896	7105	5496	4396	3186	1420	2823	3750	6847	2297	6675	7154	954	1385	5640	6410	799	698	1515	3871	3939	2536	2759	843	517	7002	3891	6075	3441	6093	6067	6821	4959	6020	4570	3234	4746	3280	4924	4018	2046	5133
1859	3167	3715	4961	6830	3411	5841	7261	361	2414	5621	3158	3046	4899	3248	6332	4342	4787	2693	1102	3164	4135	6383	1381	5598	3388	243	6256	2762	6882	6142	4755	3741	674	5415	801	3445	443	6941	3059	166	2195	4542	3047	905	5248	6433	6322	2869	2336	4760	4264	5492	5860	5221	1698	6663	1907	4834	120	1123	5646	679	5407	3398	2777	6356	3073	1302	120	327	2511	3088	4971	5550	2492	4419	2868	5589	3681	2324	2071	7193	6015	3754	4244	2411	912	4974	6143	3127	3554	3536	2500	4585	3661	5608	3703	4013	6948	7259	4589	644	2797	5558	2767	6342	1107	412	6573	6231	5569	3767	363	5607	1800	1186	4733	5386	2211	2802
5707	680	5695	5933	2871	2286	4553	361	7261	5286	4576	6499	3024	3095	7150	5334	6475	2040	6640	120	6031	6197	857	967	2314	4826	4566	7008	2582	4646	5260	7172	7130	195	5726	3725	4878	3392	1027	5557	6503	1810	5446	6417	6213	3601	3243	5210	1024	538	4106	497	1220	5764	507	7170	5194	5852	6959	922	4631	3138	3716	3569	4932	976	3819	6432	1212	4000	1379	6899	5157	4197	4611	5941	3877	6366	192	2328	120	4568	5183	2089	4174	5306	1236	2667	7227	3241	1730	3946	154	3408	120	3979	1397	1516	1065	4985	6104	5814	1663	213	1976	5380	368	120	4838	3971	4272	3737	7229	3475	3923	2196	5956	6758	7253	7016	5582
730	3868	635	3965	6484	6385	6890	2414	5286	7261	1756	2299	6181	6080	6186	6673	120	475	4046	6070	121	5263	1651	2942	4670	5225	4254	2122	5677	6028	2056	7160	3571	6750	2520	6540	5574	4739	4858	149	4335	7126	3077	3912	4380	3197	2319	6050	5223	1013	717	5350	5980	5019	5819	1967	2496	1380	4718	5335	5416	643	1011	4792	303	4239	5615	5389	5015	6811	2213	1005	246	1707	4800	3291	1894	1216	5606	2936	3874	4172	1499	1576	2073	521	3442	4212	6474	768	4444	4573	3649	781	2346	2831	1838	406	3215	4504	1710	4467	128	4793	4994	6659	2470	753	1196	5985	4199	6060	1034	3399	263	419	1182	766	856	3169	1888
1253	1278	179	1148	4584	2825	6617	5621	4576	1756	7261	4478	4369	3262	2584	3677	6363	6449	467	2739	1325	5425	2891	5491	2685	4169	2456	6746	380	2950	7111	780	4766	5962	1658	1705	3765	6486	4332	6212	562	3116	692	6792	5955	2333	7152	5010	1165	6387	6189	2639	4451	4424	2662	4532	1706	865	3332	1608	314	935	6246	6326	498	6630	2135	6338	3866	1549	4639	1839	2170	3552	4625	456	6084	6703	869	4714	5832	7257	1374	5534	889	1917	3253	6188	1402	1521	4524	5992	1758	800	2062	1298	6193	1454	5851	2663	6046	4851	4448	7050	4319	4288	3170	1931	4984	654	1807	402	5712	4540	120	1289	1819	4274	3595	1554	3959
2075	6995	5045	6291	438	1944	3042	3158	6499	2299	4478	7261	2351	6318	2094	4241	6152	516	120	4075	2694	6570	6809	1751	3749	5660	5847	5542	3544	6689	1476	4676	5503	1488	3384	2751	1589	5281	1060	7062	6008	2023	2104	5326	5624	1937	1251	222	1087	5006	4248	4863	7153	280	6167	333	2385	3239	1318	4110	6936	622	1921	6796	5501	1287	1279	5680	7021	6818	804	5741	3892	2078	347	3723	5963	2159	1244	3695	5005	2133	2727	628	2208	4280	5543	4958	5701	4367	1503	667	6616	641	1882	1850	2615	832	5772	5250	5053	3373	6701	2102	872	1099	5661	229	6722	5762	5531	3249	2938	2822	3864	4374	6236	1154	7109	4817	1674
5332	1648	120	4209	4797	7187	6493	3046	3024	6181	4369	2351	7261	3811	3214	6627	1595	4756	1434	2580	1759	1157	992	4003	5906	4591	3320	6665	2683	3374	6620	4007	1804	4521	1059	4748	699	321	2848	2469	4040	6348	5211	2616	5935	3579	3755	4130	988	4437	4030	2053	3752	1684	572	120	4692	3342	4305	2182	2652	7000	356	307	2805	5227	423	1408	300	1583	6716	6262	5862	5370	2644	120	1091	738	6836	5490	2029	5307	1184	983	4225	2398	2378	2327	1350	3617	2561	1061	4622	274	695	5039	5228	3172	3409	5245	2460	5595	2339	5721	174	2740	4084	3351	1780	6605	956	120	4240	4158	182	3795	4031	1775	6895	6110	2837
3706	7076	6253	6135	2282	7060	3667	4899	3095	6080	3262	6318	3811	7261	270	4108	5739	235	2345	5920	6533	1178	2409	784	7100	4308	5952	6123	3107	2173	1784	6509	4603	3279	576	3460	5320	3684	2847	2067	1175	2548	5206	7191	4754	3791	120	563	5284	6384	2609	248	3802	894	6069	2669	2553	1682	6081	7195	512	3478	675	3065	4095	4128	1113	5336	5454	6249	4730	2166	4936	4673	6840	1127	5013	2550	5848	6055	1209	6728	208	6590	1621	6344	3740	4278	120	2813	5256	171	6768	2517	4459	5604	3867	3439	7241	657	5432	3514	4152	2043	599	7175	2401	1509	1789	244	421	4749	3297	5945	6168	1607	2054	3368	2555	854	2421
2251	6201	862	1829	1753	3525	291	3248	7150	6186	2584	2094	3214	270	7261	2205	4710	1550	4372	6034	3809	1362	3032	5374	4416	597	950	705	852	6609	1610	2828	1928	6311	7252	5277	4338	3612	5352	2246	3610	4145	6724	5188	2976	2367	5099	1725	1797	120	4027	3991	3263	5802	4652	2222	6980	2908	1664	3875	1691	5167	5159	508	6494	3526	5529	1472	4694	5401	6799	1419	3010	1327	120	6597	5417	6131	6527	6160	3818	6602	2844	5567	5123	2013	2276	4345	5740	3382	2174	7057	1936	867	6969	5402	2455	3619	3122	4791	7082	2846	4232	2306	2864	6091	590	1359	7184	5184	898	601	120	4279	329	5931	2661	6878	2594	1715	6536
4786	3242	6471	3383	383	1951	2677	6332	5334	6673	3677	4241	6627	4108	2205	7261	2921	2981	5459	673	1375	6126	4224	7056	5965	2228	285	4383	1245	120	1786	2658	6775	5142	1809	5408	4935	6376	7137	2660	1021	120	1290	2892	3051	4770	2326	5632	3742	5771	3712	7235	2476	5560	545	2987	6362	6907	4556	6650	5463	3001	5538	2320	593	2808	5102	5392	4463	120	212	2085	3211	539	6413	4966	5126	6987	3976	6100	6125	272	7013	4654	6833	5367	2048	5009	6666	4088	4572	120	3803	3358	7258	5143	4802	689	4159	3699	2248	6294	3845	4146	4471	6425	6628	4105	4816	1638	1935	6299	6455	906	4217	5888	1532	542	5553	2383	2340
5257	5512	3246	2749	398	4634	612	4342	6475	120	6363	6152	1595	5739	4710	2921	7261	4203	566	7028	624	6992	892	4117	702	1387	292	5678	6071	2291	6977	3206	7107	6003	1266	1254	3237	6230	2928	3476	120	2984	5602	2742	4299	1004	6607	7163	2091	5644	848	2596	120	1160	6908	120	2212	6949	120	3987	5057	6459	6626	4466	7220	2970	7085	5504	2110	3231	3196	2161	5419	1998	5686	893	5747	4063	2058	5121	3178	3896	5842	2622	5034	3311	2197	4685	6606	3238	5711	3788	3463	4073	5259	184	1533	6128	359	4213	4650	4139	1365	1493	7218	6864	2588	2829	5563	3440	1628	3645	227	218	6025	3110	183	3822	4875	2230	2926
2968	120	6498	6306	504	5761	6058	4787	2040	475	6449	516	4756	235	1550	2981	4203	7261	7022	4281	1096	5669	3962	3287	1721	5468	5118	3380	3261	3872	584	4809	4922	479	3782	5984	1858	6849	3361	3474	4822	3176	5775	819	2649	6578	5288	2279	5967	2491	2932	6350	2431	2038	6464	1580	2971	2604	1320	3745	6132	5788	6051	3386	1158	5381	120	346	2255	6976	3075	4363	3982	5316	6029	6259	2047	4479	3087	6444	4257	6517	994	2657	873	2818	5301	4411	3641	6450	4731	2608	5800	5163	6124	4547	3691	6303	5825	3524	2018	2278	1213	727	535	5588	2708	5268	554	2284	5234	7086	5209	2271	868	2903	378	6971	4927	3856	2356
1640	1738	2285	6881	1876	6429	3074	2693	6640	4046	467	120	1434	2345	4372	5459	566	7022	7261	3452	696	6843	3983	5627	1510	7029	2014	6828	5362	6234	5088	3377	637	5349	7122	120	312	2610	5684	6466	6442	747	5140	120	3887	3281	2875	7194	120	2986	1816	3064	1551	4619	399	2049	221	3422	5219	1558	966	2325	6600	5653	1919	1693	3493	522	5267	5556	5182	6415	1073	5782	3998	446	646	4636	4565	3735	3663	1390	434	5122	6307	4318	5921	5849	1421	6915	2057	1128	5339	5662	7074	5474	1247	1311	6049	4519	4944	6979	3724	6539	3934	2534	2583	6576	169	6685	4207	2714	1273	5797	3275	2428	3118	763	6403	6937	5059
7025	5874	1776	1906	5377	4456	4588	1102	120	6070	2739	4075	2580	5920	6034	673	7028	4281	3452	7261	3136	5265	670	6331	3369	6323	3312	3628	1012	4979	886	3274	5850	5131	1864	424	2417	2934	4554	3806	2374	3637	6200	2150	3917	7161	2429	1349	6699	4674	2237	6389	373	3673	6850	5429	6210	1624	957	5443	282	3282	2656	6392	4260	636	1465	5581	3316	1637	3338	6732	7231	388	6557	5442	4180	2741	1923	4350	7169	4513	5391	3455	916	4651	2070	4901	6482	5930	5372	4783	354	5420	6319	6975	3794	2025	4627	6852	663	6820	1702	1440	3521	2967	6677	7078	3665	2416	1671	6955	4849	1726	6931	3831	1270	2223	1143	5545	530
2426	6851	5109	5898	6334	1845	3352	3164	6031	121	1325	2694	1759	6533	3809	1375	624	1096	696	3136	7261	429	4953	3599	2937	1643	2052	1367	1332	1386	1206	6208	3321	6248	1438	293	6468	250	2253	3499	5692	120	5798	3687	2352	5902	490	2103	4853	6345	2461	3296	2664	4177	1188	2870	5292	4972	2199	6574	734	7233	2732	1601	163	120	5003	4820	758	1711	3895	2897	148	338	528	4083	1138	1632	1862	1144	1625	1642	3710	2113	2845	305	120	941	1130	6695	6300	4762	207	2235	5470	2722	666	4750	1833	740	3319	6674	3334	450	3942	4171	6682	4963	1431	196	4905	963	3704	3477	4173	3743	2373	3876	6875	1584	2893
4635	3488	341	6418	6422	6988	5418	4135	6197	5263	5425	6570	1157	1178	1362	6126	6992	5669	6843	5265	429	7261	3548	649	6309	2920	841	1232	6649	6371	1042	120	6497	5071	5314	4436	2106	3099	1092	1581	6412	4590	5633	4549	1015	4358	2710	1452	7072	1229	4094	1977	4997	4753	6960	3963	6697	3969	6806	5715	3375	1098	3283	5355	4079	6111	3469	2452	4892	6957	6935	5674	322	2450	3479	6559	968	7196	3325	2332	3799	4250	2312	2729	6263	2602	1772	4992	4473	6946	1140	330	3538	232	6346	5067	5195	828	6757	5035	4417	2311	7061	716	4918	1475	5008	6507	1404	4759	2105	2672	3182	1485	5494	2996	2705	7052	3298	4093	1548
3950	993	2310	1176	3304	3071	4551	6383	857	1651	2891	6809	992	2409	3032	4224	892	3962	3983	670	4953	3548	7261	6782	942	1666	120	4028	6789	7176	7009	1264	3090	442	2128	7223	5150	5611	3142	5696	2628	4322	374	1904	932	6290	448	5174	2125	5536	4237	2614	5973	7173	5029	6652	381	1445	5365	5617	5224	4277	6680	3294	3504	3349	400	4684	120	4586	410	4903	3063	2927	743	3402	557	6657	3230	712	4621	6567	3689	5960	5200	3292	1981	2240	936	5226	6048	6683	4409	1225	2821	3658	2691	6305	3777	5081	311	1634	2883	6688	5614	1391	2341	2193	1377	6966	6729	3553	3326	3223	6856	7210	3897	2467	598	178	1453
1629	5665	2913	403	6707	5358	3834	1381	967	2942	5491	1751	4003	784	5374	7056	4117	3287	5627	6331	3599	649	6782	7261	306	3625	1874	1656	5319	2037	6165	7202	6057	120	6531	1077	6016	1680	6394	7081	2587	2811	1669	3323	2576	6278	6185	3413	4687	7080	6176	6555	7204	2042	677	1527	4771	2914	6045	1677	4839	2008	613	120	5239	4950	3909	4049	6134	5252	5865	277	2760	1987	6437	1541	5856	5452	5521	3132	5472	844	1333	206	581	2434	6603	223	1918	6754	791	6039	1369	3026	5645	2524	2266	565	350	621	2004	6037	2334	2187	5706	4096	1115	2397	297	1218	2839	151	5957	2904	5816	7256	1932	5805	7162	5086	6297
3385	2949	5318	6898	5969	2909	6404	5598	2314	4670	2685	3749	5906	7100	4416	5965	702	1721	1510	3369	2937	6309	942	306	7261	4002	1536	7211	794	2342	5991	1700	6203	4230	4860	1563	6222	2771	510	4562	1068	3572	1717	5161	1826	6524	5321	5708	4347	1281	6386	4087	1033	1248	685	1495	3920	4873	5971	2066	813	1355	2457	2252	1612	120	271	7093	3459	5774	3776	3006	474	6097	2130	120	3847	3836	5704	7092	5213	4818	5786	5996	3355	6023	919	5486	5036	4667	432	7236	3557	3418	839	4296	2736	6487	1856	3078	6101	1124	237	6996	1405	6375	4525	4275	6565	6107	2323	3606	6369	3501	4990	5736	3621	2773	1109	7125	6556
5891	3632	2713	6580	120	4637	6698	3388	4826	5225	4169	5660	4591	4308	597	2228	1387	5468	7029	6323	1643	2920	1666	3625	4002	7261	7089	5911	2184	4486	6044	600	4735	1714	4595	1526	6839	2117	158	3933	6752	2242	3202	1905	908	4545	6985	2579	6800	120	3812	5246	6352	4097	4343	162	3002	757	6954	1053	6733	4689	1667	5400	1301	3994	1544	715	4805	2484	2575	1310	5643	2538	2293	1081	5499	4125	5343	2107	459	4727	3647	3080	2318	4628	4581	4194	6614	5846	2551	1401	120	6166	2124	3429	3792	6767	6791	3650	1724	4698	6146	4403	1929	2603	3447	6755	3992	2983	377	4091	1739	2274	1798	1719	669	1600	2358	6353	405
120	3928	2688	5571	445	1358	5585	243	4566	4254	2456	5847	3320	5952	950	285	292	5118	2014	3312	2052	841	120	1874	1536	7089	7261	3947	5480	2015	1530	2977	7117	4690	2572	2471	4168	205	3016	2651	4796	7039	4340	2731	5240	439	5656	5327	6691	6194	2757	4832	2753	4560	5760	990	2447	2126	1026	5978	1221	1703	259	147	6813	5716	3432	6078	1308	120	4249	6492	5675	3995	2568	3564	7222	5054	611	130	4193	472	5058	4482	2874	4993	1231	5464	2370	6217	1768	4078	6661	777	1388	3972	3067	899	1886	4445	6525	4282	6284	6373	6164	1665	298	3674	5127	4054	2134	7144	1282	6854	5793	2563	706	5826	3627	6884	3714
3727	6116	6646	5650	1972	5434	4426	6256	7008	2122	6746	5542	6665	6123	705	4383	5678	3380	6828	3628	1367	1232	4028	1656	7211	5911	3947	7261	4945	6295	7131	5398	2597	5600	3153	4176	5681	6777	386	6694	1782	5368	3930	6199	6844	6760	4258	6451	2146	6870	2872	1670	4535	1872	1400	5903	3473	594	120	6769	4857	3775	4276	1681	2440	5625	748	1167	4118	500	3364	2138	2680	4929	547	1803	2350	920	7164	3027	3736	5299	6997	3846	2453	133	5757	4885	3114	5541	3919	5478	3003	6399	6648	3878	5406	5465	5068	6636	863	4577	3443	3285	4931	4541	937	5056	1085	1145	3437	4522	5440	6017	4016	6310	4629	1228	7205	1649	7244
4120	3180	2167	3308	526	1203	1500	2762	2582	5677	380	3544	2683	3107	852	1245	6071	3261	5362	1012	1332	6649	6789	5319	794	2184	5480	4945	7261	6505	3083	5498	3547	2673	3362	4495	177	2442	6717	762	1373	5999	4270	1313	5657	5562	3381	987	5479	3396	5376	3718	2876	1766	759	2606	4633	4329	2861	2686	1604	393	1922	5831	6225	5703	4693	3542	4610	1980	5104	4970	2682	2437	5114	2157	2521	798	609	2894	1125	6434	6781	3213	2944	5031	2632	3372	6670	4906	288	6289	5155	2186	6967	5186	6582	1811	1728	5014	6970	4060	5283	514	120	444	157	5169	6743	3328	4699	6489	1164	3696	7051	5040	1606	4856	176	6541	588
3559	3713	4198	3149	3774	2131	4454	6882	4646	6028	2950	6689	3374	2173	6609	120	2291	3872	6234	4979	1386	6371	7176	2037	2342	4486	2015	6295	6505	7261	3988	3111	4481	2475	6272	1844	190	2309	6534	6929	3502	1214	2425	1322	5364	1966	4058	6686	6795	5938	4658	7190	6414	6312	2519	7007	3049	6187	6483	739	6296	2305	2030	1045	861	900	3815	2629	1956	2256	6588	5659	5450	4859	3780	6359	6726	1827	5953	1443	3204	1762	4705	5766	1895	2243	4528	6155	3558	5839	2407	397	1418	3446	131	430	1559	5728	5366	3829	2168	120	2855	3840	4831	5827	6237	6676	4897	2059	1916	807	2954	7213	4165	5280	1537	4462	2806	6443	1155
4836	2650	364	1943	3842	4668	2761	6142	5260	2056	7111	1476	6620	1784	1610	1786	6977	584	5088	886	1206	1042	7009	6165	5991	6044	1530	7131	3083	3988	7261	6581	3804	6700	846	5198	3376	3494	2041	6405	3999	2009	2503	6179	3367	3031	6561	5596	6678	5718	1524	5901	6511	4808	1129	7142	2790	491	4407	3449	6441	2955	5730	3019	4022	3403	2392	6087	4222	4671	6288	3228	5208	6594	7019	3276	1796	5229	5828	6445	3094	120	3844	5946	4696	5105	2824	709	2220	606	2803	6406	5346	5471	5773	634	6138	1586	1821	2298	2948	6546	5877	2063	4823	4664	4370	2793	917	3760	5007	5833	4283	185	4229	503	4273	1297	1084	4569	6718
2010	4951	811	120	3030	2684	3229	4755	7172	7160	780	4676	4007	6509	2828	2658	3206	4809	3377	3274	6208	120	1264	7202	1700	600	2977	5398	5498	3111	6581	7261	1071	1913	4567	5658	5025	1865	2782	5258	1150	3605	6462	1467	3018	120	5679	2750	464	317	3161	4721	5690	153	6287	638	1846	2999	5750	6038	4866	1118	4833	5148	5670	302	1973	4489	4811	4047	5597	1316	5631	2281	7073	524	3906	1823	2923	6173	710	5430	4226	3394	1114	2483	5683	1852	3518	4579	693	7070	3350	486	1820	4086	3378	4184	7012	1911	4360	4825	1708	5129	6855	426	2418	3954	5908	2957	1788	6928	3044	2462	6660	3666	2695	769	5616	1049	5636
6537	6922	2480	261	3805	4331	5483	3741	7130	3571	4766	5503	1804	4603	1928	6775	7107	4922	637	5850	3321	6497	3090	6057	6203	4735	7117	2597	3547	4481	3804	1071	7261	5528	694	1000	4769	2754	7199	4493	4742	6215	5580	4575	2557	2490	5735	5886	2791	1920	6022	2275	6068	6885	3163	4618	7208	640	3678	1561	896	2659	5809	3268	1942	120	544	4421	6994	755	6009	6595	328	5509	3850	6905	1647	6292	6822	4882	3508	3424	2022	2072	6508	6932	3141	2227	3165	2000	6114	2995	5502	1101	5199	2494	4939	1082	6283	1868	233	4907	4893	1560	6612	3680	4647	6642	4845	1272	234	529	555	2746	1602	3155	5812	5254	3148	5561	6481
5293	5821	3624	2292	390	5096	2441	674	195	6750	5962	1488	4521	3279	6311	5142	6003	479	5349	5131	6248	5071	442	120	4230	1714	4690	5600	2673	2475	6700	1913	5528	7261	3935	4368	3575	4134	6989	7151	1764	979	3339	120	5192	5414	4379	2140	1331	1479	228	4069	5575	3509	5890	4298	5507	871	6452	1978	241	3580	2569	3936	6893	6141	4910	2745	2953	4909	6255	5312	2743	4245	4737	943	357	5382	1709	3997	570	3240	3193	3622	120	6916	3456	5273	3975	129	3951	6998	2961	320	2654	931	2526	2901	4660	2317	3603	5647	7237	2217	4439	2665	1731	1777	1879	6801	5863	3823	4861	4450	120	6408	3941	5628	6043	5235	1861
245	1429	5445	4460	4527	1938	2853	5415	5726	2520	1658	3384	1059	576	7252	1809	1266	3782	7122	1864	1438	5314	2128	6531	4860	4595	2572	3153	3362	6272	846	4567	694	3935	7261	6742	7110	2477	1305	6191	1878	6712	6251	4163	4616	3393	7129	120	488	4977	5287	3757	4537	5915	120	1599	2175	1718	3034	4020	1490	1631	6776	2711	3744	585	2003	3914	5794	6862	4675	688	2676	6824	1352	5244	6458	4375	3128	1433	7048	7018	5323	2215	4164	579	6469	1687	2100	5051	5913	2172	454	3490	3216	4813	1416	1657	7067	2911	4300	6254	2439	1957	4788	7054	6638	1988	2935	6204	1480	1962	6178	6834	2924	2263	2391	2816	5078	1965	5672
5975	5508	7005	620	1504	997	1633	801	3725	6540	1705	2751	4748	3460	5277	5408	1254	5984	120	424	293	4436	7223	1077	1563	1526	2471	4176	4495	1844	5198	5658	1000	4368	6742	7261	1946	3924	2795	1340	1261	1873	1239	969	803	2465	187	4600	1795	3927	3902	4723	1887	3309	4015	6687	7084	4937	855	6764	6538	242	3159	6887	1412	4902	6021	6825	4986	3527	6273	5107	466	3057	2566	1531	4988	3685	5940	155	334	4962	6900	1424	5530	5635	5089	3893	653	351	5074	3607	1275	1668	2905	1473	918	3926	6161	5873	6010	4080	3433	5895	4765	6354	1685	2410	5168	7059	4999	3005	7003	6865	3535	6370	650	3986	3747	4236	3284
4059	3967	4398	829	2624	6183	4942	3445	4878	5574	3765	1589	699	5320	4338	4935	3237	1858	312	2417	6468	2106	5150	6016	6222	6839	4168	5681	177	190	3376	5025	4769	3575	7110	1946	7261	4926	2165	6631	2880	3570	4361	1151	127	6456	2201	5072	3299	1963	6647	6258	3541	6693	5843	6424	5453	6047	3254	6765	3692	1794	7182	4170	6218	4767	5026	2017	6778	5076	5094	2836	4242	1908	1644	6552	453	6530	6042	1556	3259	120	2423	3307	4597	1233	6502	3618	825	7166	2800	2164	814	660	5547	817	4138	252	923	194	3709	1611	5958	6365	6301	1177	168	5830	787	2451	1309	3870	3807	2929	6877	3198	3236	2533	431	4487	6807
2313	276	1295	6645	2083	120	3839	443	3392	4739	6486	5281	321	3684	3612	6376	6230	6849	2610	2934	250	3099	5611	1680	2771	2117	205	6777	2442	2309	3494	1865	2754	4134	2477	3924	4926	7261	2643	2108	3061	4107	5905	1430	3266	2231	924	6871	1984	6845	948	4620	120	4701	5156	4175	2273	3528	342	6506	4895	4571	6374	981	7246	6063	6668	3945	5824	5149	1743	4761	1566	5455	4309	5110	573	7225	4326	1529	2232	2141	6780	2577	141	5641	4538	1960	3948	3173	5878	6339	1338	6479	2696	3360	5405	3581	278	1241	4477	1869	6912	1713	960	4626	2867	4969	4024	5780	7063	6832	5275	1409	2975	6918	3644	6120	610	1368	1899
2098	3577	1989	864	3079	6286	3642	6941	1027	4858	4332	1060	2848	2847	5352	7137	2928	3361	5684	4554	2253	1092	3142	6394	510	158	3016	386	6717	6534	2041	2782	7199	6989	1305	2795	2165	2643	7261	2180	120	6679	6624	1487	6192	6235	3503	5548	6902	287	6407	5154	2890	5236	2464	2547	5060	6569	2856	4446	6759	6072	6343	408	2268	6066	2149	4559	4558	5638	2035	1354	4643	1614	4725	3069	5570	6610	4557	2623	4828	6053	5568	6232	2506	3722	6705	760	3273	1497	6012	3609	3397	4612	5201	2940	7124	1985	2194	1066	6007	6209	792	6841	1103	120	6266	6436	1830	3347	2931	4227	6202	2589	1582	3028	2919	2443	5079	736	559
5565	1343	3000	481	4468	120	5175	3059	5557	149	6212	7062	2469	2067	2246	2660	3476	3474	6466	3806	3499	1581	5696	7081	4562	3933	2651	6694	762	6929	6405	5258	4493	7151	6191	1340	6631	2108	2180	7261	1055	188	3220	3101	6629	6423	4599	6662	2556	2613	1824	1001	3137	3591	4333	6771	5527	224	1720	5857	5207	433	3244	3233	532	5134	5340	3174	1356	6632	2329	700	418	3708	1514	1133	1293	5457	3465	120	4900	4987	5176	2850	6211	4289	1346	536	4523	2129	3427	6180	1545	1688	4376	6794	1696	4066	5566	5868	4887	2404	123	4038	7032	5676	120	5515	3181	2738	7036	2118	1267	1083	3208	1783	2024	2226	7037	2006	6542
1189	3925	3911	6329	6939	3631	1752	166	6503	4335	562	6008	4040	1175	3610	1021	120	4822	6442	2374	5692	6412	2628	2587	1068	6752	4796	1782	1373	3502	3999	1150	4742	1764	1878	1261	2880	3061	120	1055	7261	5296	5634	3862	2005	470	2835	3732	5261	890	7250	3102	2764	1737	5278	882	4949	2473	1543	1062	4029	5599	3438	1455	4009	6723	4067	5988	6572	652	5948	7238	3013	6140	5138	7139	5909	487	3516	6285	3918	2770	3984	4389	4848	2888	962	6522	3175	6513	3711	1570	4443	2427	1769	7020	5371	4328	1791	6521	662	6518	2337	240	216	7197	3652	6472	1136	3932	1940	1734	2233	3303	913	2033	2769	4161	3301	925	3497
5017	1535	5357	1274	4775	5517	5840	2195	1810	7126	3116	2023	6348	2548	4145	120	2984	3176	747	3637	120	4590	4322	2811	3572	2242	7039	5368	5999	1214	2009	3605	6215	979	6712	1873	3570	4107	6679	188	5296	7261	3611	6869	4782	6548	4846	5551	4663	4973	447	1364	4680	6708	1288	3824	5785	1285	3566	558	3322	3062	6267	3151	1078	5652	5369	3143	776	4365	4920	5489	534	5458	4142	336	1903	2974	7017	5000	4205	1224	1017	2347	2635	1292	2786	4580	4043	367	5266	4371	2964	125	3885	1518	5944	5087	647	2907	3152	5322	1265	3335	4290	2809	3139	2321	6115	793	3356	4401	2482	2148	2945	4472	468	1074	6103	4812	1038
395	5469	4186	2706	5671	5836	6962	4542	5446	3077	692	2104	5211	5206	6724	1290	5602	5775	5140	6200	5798	5633	374	1669	1717	3202	4340	3930	4270	2425	2503	6462	5580	3339	6251	1239	4361	5905	6624	3220	5634	3611	7261	5212	337	1215	595	1166	4509	5942	3370	2998	265	6467	262	4688	802	3098	5590	5966	120	4048	6136	4640	6196	5379	3738	4814	3955	460	2902	587	4235	771	2807	7104	1889	2887	2123	678	5344	480	6835	3340	1802	5044	2290	2264	1076	2241	1825	1152	6137	4166	5012	6770	3100	6655	3817	5388	389	4497	4864	5485	1088	617	5222	1235	902	4449	5337	4982	6859	6005	3404	5196	6738	6040	120	3085	2578
4872	5804	2747	4214	4200	691	6261	3047	6417	3912	6792	5326	2616	7191	5188	2892	2742	819	120	2150	3687	4549	1904	3323	5161	1905	2731	6199	1313	1322	6179	1467	4575	120	4163	969	1151	1430	1487	3101	3862	6869	5212	7261	492	3636	6749	1193	6953	5959	3519	1291	6715	4004	6052	3154	3952	6485	6558	6275	2050	6465	4400	4303	2906	835	325	4183	806	926	120	1121	6921	5113	3177	6250	6314	5439	5119	6599	6205	1444	2785	340	1137	1623	506	4195	3113	5139	6772	2420	5932	2288	5191	5190	1799	1892	887	5052	1854	2139	239	5549	5623	3676	3048	4102	5231	2229	1436	724	5202	3849	3797	6411	3232	3615	189	6368	7066
4488	3781	1260	4855	2357	1997	4724	905	6213	4380	5955	5624	5935	4754	2976	3051	4299	2649	3887	3917	2352	1015	932	2576	1826	908	5240	6844	5657	5364	3367	3018	2557	5192	4616	803	127	3266	6192	6629	2005	4782	337	492	7261	2362	1447	3314	2952	845	4178	4606	7147	355	4187	343	543	6999	4807	3771	1330	3602	1716	6920	249	6739	1513	3593	2188	1660	4425	577	4065	4774	1048	5449	1704	1741	6568	3486	2605	1054	6335	7200	4967	2692	2884	2026	2300	6773	1494	6391	6461	120	5533	4602	3040	5555	1848	1675	2878	1540	2363	4453	5242	7171	4089	1329	1067	1941	4587	4251	1860	5179	5949	4686	1064	3466	2720	4167	120
2925	5342	449	1323	3184	6079	120	5248	3601	3197	2333	1937	3579	3791	2367	4770	1004	6578	3281	7161	5902	4358	6290	6278	6524	4545	439	6760	5562	1966	3031	120	2490	5414	3393	2465	6456	2231	6235	6423	470	6548	1215	3636	2362	7261	5587	683	4928	1095	3683	5753	1539	3726	120	2542	4311	1890	2820	5027	3670	7185	2792	4192	142	733	2647	1106	6623	6401	2096	5514	5270	2076	3318	5403	4306	7044	4868	6226	5997	1871	589	3949	120	3056	3778	4697	5128	5279	6886	2788	4119	6388	3940	6706	6336	120	3629	6247	5510	7120	7133	5093	6027	2852	2216	120	4925	3179	5880	4294	6704	2445	5928	4720	6260	5649	897	6519	1672
1808	2990	5592	3770	4837	592	5900	6433	3243	2319	7152	1251	3755	120	5099	2326	6607	5288	2875	2429	490	2710	448	6185	5321	6985	5656	4258	3381	4058	6561	5679	5735	4379	7129	187	2201	924	3503	4599	2835	4846	595	6749	1447	5587	7261	5431	5404	2585	574	4109	7141	5954	2218	5303	2258	1428	2468	6112	1181	2405	6317	1276	5488	2879	1569	728	4607	4286	1851	3590	1562	1072	2178	3009	4115	3498	3104	2245	4682	6763	5262	2681	3060	1132	707	1814	3511	4952	618	1312	5092	6228	4498	2250	3496	6157	6096	3295	3913	1990	5018	6095	6611	3882	3140	4729	7138	3828	2303	3302	2384	3705	4874	5837	4996	3305	238	1198	1609
2804	4548	6333	4037	2799	1645	4373	6322	5210	6050	5010	222	4130	563	1725	5632	7163	2279	7194	1349	2103	1452	5174	3413	5708	2579	5327	6451	987	6686	5596	2750	5886	2140	120	4600	5072	6871	5548	6662	3732	5551	1166	1193	3314	683	5431	7261	5020	3130	7118	525	6515	4666	4757	4745	5524	1425	1955	5751	4806	2570	6512	1735	4763	4243	3481	4386	181	4500	1740	3659	6639	167	4847	2036	2712	6823	120	7188	256	2020	4608	6355	2247	6641	4515	6901	465	3970	1591	3582	3011	4014	7183	2419	2518	3103	2153	6169	5037	5609	5422	5164	269	4582	3664	5172	5689	401	4418	1619	5872	6427	1110	7119	5041	5447	6880	909	5767
6554	4854	6940	5939	1817	4148	3700	2869	1024	5223	1165	1087	988	5284	1797	3742	2091	5967	120	6699	4853	7072	2125	4687	4347	6800	6691	2146	5479	6795	6678	464	2791	1331	488	1795	3299	1984	6902	2556	5261	4663	4509	6953	2952	4928	5404	5020	7261	975	1970	2087	3953	5987	3039	3820	186	1945	4896	2522	4819	5399	4700	7245	7015	1089	4593	360	6360	156	5723	5298	1926	3810	3860	830	7046	1650	2646	4238	3653	6831	2607	1655	3648	6740	2001	5979	5787	697	3453	2353	6190	1822	7069	1949	720	2082	2176	6224	6747	370	5216	4938	5218	737	4876	2210	4704	5151	1934	1337	5693	3608	6308	6860	1119	4099	5896	5637	3858
3672	2028	428	3387	3201	2709	4539	2336	538	1013	6387	5006	4437	6384	120	5771	5644	2491	2986	4674	6345	1229	5536	7080	1281	120	6194	6870	3396	5938	5718	317	1920	1479	4977	3927	1963	6845	287	2613	890	4973	5942	5959	845	1095	2585	3130	975	7261	2137	5783	5970	2638	215	4758	6879	3598	4768	3082	6268	5217	645	4609	509	1761	2192	2508	1191	199	4137	3224	1863	741	4291	2830	1321	3922	3798	4695	2801	3344	4034	372	4390	1806	3854	4341	1226	840	483	3007	3345	3194	7001	165	1252	4219	1626	6150	392	1618	335	275	7136	3865	1477	934	5097	6059	701	4189	719	6379	5964	4364	2387	5610	6476	6965	4747
5943	1357	7108	5663	1459	2236	5451	4760	4106	717	6189	4248	4030	2609	4027	3712	848	2932	1816	2237	2461	4094	4237	6176	6386	3812	2757	2872	5376	4658	1524	3161	6022	228	5287	3902	6647	948	6407	1824	7250	447	3370	3519	4178	3683	574	7118	1970	2137	7261	5719	4055	2765	2718	4432	2947	6144	7087	4378	3235	1933	3537	4301	4517	7155	6938	5854	1877	858	4934	6446	3964	1983	6227	6978	2514	1342	1427	1652	4531	6653	4867	4983	3539	1187	6421	4188	120	6154	6327	1520	4461	2369	6619	5586	1676	1528	6651	7165	911	668	310	1617	3697	3468	6361	1016	6151	1474	1393	949	1378	847	3530	6736	6325	1805	6883	5808	6298
1086	7234	4594	2509	2756	5770	1646	4264	497	5350	2639	4863	2053	248	3991	7235	2596	6350	3064	6389	3296	1977	2614	6555	4087	5246	4832	1670	3718	7190	5901	4721	2275	4069	3757	4723	6258	4620	5154	1001	3102	1364	2998	1291	4606	5753	4109	525	2087	5783	5719	7261	7116	1767	6245	5069	4394	2088	1568	4941	567	4206	6276	1306	627	6118	6714	3560	6725	5117	1314	3594	2507	3464	5817	4843	3451	6625	1902	5473	3430	5573	4661	1002	1179	4998	7158	1461	1832	3070	3957	6635	5605	437	7219	2348	2725	3462	1953	3827	1043	551	5481	4151	6054	6963	5749	6516	4402	6514	120	4098	7226	7146	5717	6863	5477	4991	7031	1319	3694
735	2280	478	203	4752	2408	4323	5492	1220	5980	4451	7153	3752	3802	3263	2476	120	2431	1551	373	2664	4997	5973	7204	1033	6352	2753	4535	2876	6414	6511	5690	6068	5575	4537	1887	3541	120	2890	3137	2764	4680	265	6715	7147	1539	7141	6515	3953	5970	4055	7116	7261	4012	5077	4255	409	1760	1961	1790	785	2489	2958	3055	7178	4057	1635	3410	3484	3487	4001	4284	2221	3796	476	4150	1508	5125	6544	2730	6006	5734	2956	143	5552	3505	5285	961	3604	2700	1969	2689	1484	3908	2111	4948	1893	2400	4430	980	6121	6956	742	7135	4915	2627	3568	6837	6170	120	5594	6419	4377	4070	1392	3643	1050	4412	1361	2626	6086
4578	4082	3790	795	3901	7127	5722	5860	5764	5019	4424	280	1684	894	5802	5560	1160	2038	4619	3673	4177	4753	7173	2042	1248	4097	4560	1872	1766	6312	4808	153	6885	3509	5915	3309	6693	4701	5236	3591	1737	6708	6467	4004	355	3726	5954	4666	5987	2638	2765	1767	4012	7261	2359	5203	5591	4474	4795	1555	6024	2833	332	3551	5310	3226	304	952	6644	5073	180	120	3448	6145	6566	6598	1283	1238	3734	4801	604	1843	7212	4127	959	5882	4019	5276	3068	4598	152	5002	996	2717	316	3257	842	120	4123	3789	2666	6601	3886	1360	3583	2265	1464	7004	3156	6430	6672	3395	6098	4798	502	1841	120	4140	6814	6815	3567
3277	2571	145	2973	4501	4438	5421	5221	507	5819	2662	6167	572	6069	4652	545	6908	6464	399	6850	1188	6960	5029	677	685	4343	5760	1400	759	2519	1129	6287	3163	5890	120	4015	5843	5156	2464	4333	5278	1288	262	6052	4187	120	2218	4757	3039	215	2718	6245	5077	2359	7261	3837	944	251	4101	3416	888	5876	3861	5247	2841	4321	4271	4503	4179	6239	5085	2277	2136	6265	353	6804	853	2472	1450	754	1446	4681	1008	2933	4008	7260	3835	5758	1031	391	5990	200	5537	1639	518	7088	5435	6106	2114	7217	4641	4624	3207	5475	5763	6891	2642	3264	6658	4894	4334	6842	2515	1565	1353	407	687	2505	5423	3573	4933
1153	1347	3017	4883	2060	4981	2885	1698	7170	1967	4532	333	120	2669	2222	2987	120	1580	2049	5429	2870	3963	6652	1527	1495	162	990	5903	2606	7007	7142	638	4618	4298	1599	6687	6424	4175	2547	6771	882	3824	4688	3154	343	2542	5303	4745	3820	4758	4432	5069	4255	5203	3837	7261	859	2965	5448	7209	6495	3841	3084	7247	2119	6961	463	1104	883	5137	2267	2539	6480	2917	6766	3584	201	1519	2600	4005	5315	3389	1376	3981	3974	4964	1483	3124	6968	3833	4062	2979	2181	6243	286	561	5765	3910	4336	6347	2399	7098	161	5540	1457	3938	4387	3310	214	1853	4035	4784	5495	7214	3588	619	5004	1399	5697	876	910
1673	1947	120	7207	1100	4946	5311	6663	5194	2496	1706	2385	4692	2553	6980	6362	2212	2971	221	6210	5292	6697	381	4771	3920	3002	2447	3473	4633	3049	2790	1846	7208	5507	2175	7084	5453	2273	5060	5527	4949	5785	802	3952	543	4311	2258	5524	186	6879	2947	4394	409	5591	944	859	7261	1912	1597	4835	625	6195	1023	7077	6002	6710	1835	5345	2007	2779	2498	2989	2565	1190	2203	3730	655	4662	5673	901	7248	6613	5893	6827	5951	2963	4405	6942	904	731	5576	4821	2854	4185	2648	202	2034	870	3808	3589	2980	1785	978	3888	6219	5705	1003	6861	427	3119	6545	6952	4514	5593	3043	362	5065	5899	3500	7251	5177
2069	1234	5165	5929	5289	1080	5578	1907	5852	1380	865	3239	3342	1682	2908	6907	6949	2604	3422	1624	4972	3969	1445	2914	4873	757	2126	594	4329	6187	491	2999	640	871	1718	4937	6047	3528	6569	224	2473	1285	3098	6485	6999	1890	1428	1425	1945	3598	6144	2088	1760	4474	251	2965	1912	7261	4111	477	1615	7040	4131	3772	2819	6523	2343	4592	4041	4262	3210	120	170	4113	2349	1754	3212	3545	2862	2915	7075	5050	3222	1326	5912	371	5885	2032	4978	5348	2415	4452	3531	5584	4362	4410	7123	4881	2301	1577	5993	2758	6381	4011	120	295	3993	1389	6950	3801	3286	6390	591	4717	3707	5171	6076	3188	6592	6241	5302
4317	4366	2827	5062	1335	2512	5559	4834	6959	4718	3332	1318	4305	6081	1664	4556	120	1320	5219	957	2199	6806	5365	6045	5971	6954	1026	120	2861	6483	4407	5750	3678	6452	3034	855	3254	342	2856	1720	1543	3566	5590	6558	4807	2820	2468	1955	4896	4768	7087	1568	1961	4795	4101	5448	1597	4111	7261	2752	4023	4716	578	1964	4404	2567	318	2527	3491	3412	2701	4781	5720	6532	7140	211	5274	1403	3038	4583	2735	2641	6589	5892	5776	120	6113	4201	4143	1525	1256	135	7254	6798	3507	4916	2160	5047	5947	1414	4397	6972	1284	1120	1471	5082	5579	425	2675	4465	257	6293	5428	455	4657	2080	3189	4433	4228	4287	2143
2068	5030	5526	3125	3485	266	3431	120	922	5335	1608	4110	2182	7195	3875	6650	3987	3745	1558	5443	6574	5715	5617	1677	2066	1053	5978	6769	2686	739	3449	6038	1561	1978	4020	6764	6765	6506	4446	5857	1062	558	5966	6275	3771	5027	6112	5751	2522	3082	4378	4941	1790	1555	3416	7209	4835	477	2752	7261	3717	569	2546	5215	928	1793	3816	3592	4940	3419	6277	2497	2361	6438	1159	6669	3848	6618	5282	1910	2721	6983	2493	3400	2860	5998	4779	5090	745	1801	2296	1590	4908	2191	5879	4090	5467	6341	1572	788	5919	2972	2599	1183	1742	6393	6102	2960	5305	366	4313	786	1553	6785	2966	6720	5341	6892	827	5688	4210
6398	2156	4182	6991	5539	4434	2671	1123	4631	5416	314	6936	2652	512	1691	5463	5057	6132	966	282	734	3375	5224	4839	813	6733	1221	4857	1604	6296	6441	4866	896	241	1490	6538	3692	4895	6759	5207	4029	3322	120	2050	1330	3670	1181	4806	4819	6268	3235	567	785	6024	888	6495	625	1615	4023	3717	7261	120	5046	3278	2690	3682	3520	2224	6175	7239	1870	4533	4890	1733	3041	2699	2386	4039	1462	6551	3587	2099	3162	6622	4617	6684	3785	5001	1242	1205	665	3996	6099	2109	1014	4678	1678	2574	775	815	435	4045	4068	2525	2842	2259	6271	4891	6526	929	947	2698	5356	6092	5844	2863	319	3333	651	1723	3894
2559	4555	5460	5525	3899	2093	2394	5646	3138	643	935	622	7000	3478	5167	3001	6459	5788	2325	3282	7233	1098	4277	2008	1355	4689	1703	3775	393	2305	2955	1118	2659	3580	1631	242	1794	4571	6072	433	5599	3062	4048	6465	3602	7185	2405	2570	5399	5217	1933	4206	2489	2833	5876	3841	6195	7040	4716	569	120	7261	7053	2079	5727	2554	1729	2481	2540	5822	6587	1271	7045	4499	6721	4804	5160	164	3634	3363	2433	2424	1204	2882	553	4543	3020	531	5028	2039	5269	4315	495	1139	3209	5904	5394	3761	7121	5544	4414	4480	1885	4844	2169	1237	5983	6019	881	723	3779	3219	5995	6608	955	5410	6934	1564	313	6867	3859
5626	1449	2365	7006	358	2678	1035	679	3716	1011	6246	1921	356	675	5159	5538	6626	6051	6600	2656	2732	3283	6680	613	2457	1667	259	4276	1922	2030	5730	4833	5809	2569	6776	3159	7182	6374	6343	3244	3438	6267	6136	4400	1716	2792	6317	6512	4700	645	3537	6276	2958	332	3861	3084	1023	4131	578	2546	5046	7053	7261	4132	1501	120	1010	3693	6073	2978	5063	4327	2910	915	4904	2653	1041	2095	1079	3943	989	765	3327	2726	369	6402	1294	296	3613	2501	2617	4267	974	4266	1227	505	1641	2389	5103	1837	2674	4709	1930	6358	1692	3633	982	5354	5243	823	4420	6528	4382	1069	3616	2889	3746	5230	874	3826	4734
1481	4880	2951	6337	7035	4081	198	5407	3569	4792	6326	6796	307	3065	508	2320	4466	3386	5653	6392	1601	5355	3294	120	2252	5400	147	1681	5831	1045	3019	5148	3268	3936	2711	6887	4170	981	408	3233	1455	3151	4640	4303	6920	4192	1276	1735	7245	4609	4301	1306	3055	3551	5247	7247	7077	3772	1964	5215	3278	2079	4132	7261	5685	5032	2145	1842	3461	7113	2530	4483	3406	1258	3586	6182	3495	482	5205	5732	3317	3221	2081	4385	7198	3978	7068	6543	6872	4269	3250	1914	440	3585	4623	139	5351	2994	5810	6803	1268	2943	5193	1952	3346	4484	725	6269	4061	1277	575	6549	4475	2209	7055	3097	2260	4162	2272	4233	5108
7215	6171	172	1616	7180	756	4435	3398	4932	303	498	5501	2805	4095	6494	593	7220	1158	1919	4260	163	4079	3504	5239	1612	1301	6813	2440	6225	861	4022	5670	1942	6893	3744	1412	6218	7246	2268	532	4009	1078	6196	2906	249	142	5488	4763	7015	509	4517	627	7178	5310	2841	2119	6002	2819	4404	928	2690	5727	1501	5685	7261	6313	120	7112	6812	3096	714	5173	940	3015	5409	1458	5189	3635	6913	5390	6367	2254	2734	5914	5784	5214	7181	3112	6575	2322	4604	1470	5497	6510	220	3679	6130	2011	5702	816	1156	387	6088	2523	1771	5120	1522	120	5820	7189	385	4006	1999	1396	5907	4216	1255	2214	137	3764	3510
3690	5867	375	2715	5438	5506	2564	2777	976	4239	6630	1287	5227	4128	3526	2808	2970	5381	1693	636	120	6111	3349	4950	120	3994	5716	5625	5703	900	3403	302	120	6141	585	4902	4767	6063	6066	5134	6723	5652	5379	835	6739	733	2879	4243	1089	1761	7155	6118	4057	3226	4321	6961	6710	6523	2567	1793	3682	2554	120	5032	6313	7261	6033	7134	5742	4339	4353	3366	5518	3035	946	2403	7242	515	623	2155	977	895	4196	2031	2724	938	6454	2838	6615	5024	1694	1057	6944	1116	1307	5725	3134	1975	120	2077	2787	571	3671	3391	3731	3081	4638	6013	2832	671	1489	6783	7216	7232	348	3739	3857	3021	4026	1750	2366
6826	4144	4293	6904	1200	7115	5091	6356	3819	5615	2135	1279	423	1113	5529	5102	7085	120	3493	1465	5003	3469	400	3909	271	1544	3432	748	4693	3815	2392	1973	544	4910	2003	6021	5026	6668	2149	5340	4067	5369	3738	325	1513	2647	1569	3481	4593	2192	6938	6714	1635	304	4271	463	1835	2343	318	3816	3520	1729	1010	2145	120	6033	7261	523	4393	3626	484	1382	7041	3354	2396	6903	5620	964	210	3961	5699	513	6529	1185	1992	6951	3561	1037	1296	3655	6364	6993	6829	3562	1007	3574	7243	2886	1722	3786	767	4490	4346	6637	2810	2858	1219	7042	4659	1317	3903	6233	5317	5927	632	1108	1552	2716	4441	4126	3900
1208	2814	3331	4388	3620	2092	3121	3073	6432	5389	6338	5680	1408	5336	1472	5392	5504	346	522	5581	4820	2452	4684	4049	7093	715	6078	1167	3542	2629	6087	4489	4421	2745	3914	6825	2017	3945	4559	3174	5988	3143	4814	4183	3593	1106	728	4386	360	2508	5854	3560	3410	952	4503	1104	5345	4592	2527	3592	2224	2481	3693	1842	7112	7134	523	7261	6139	4392	2019	5779	3863	3191	2432	824	2307	4154	3300	2601	6520	6737	4129	1344	661	4563	5520	5714	6026	2315	3168	6577	5238	656	3187	2630	1855	4247	2969	5917	6562	120	1925	1168	4153	6221	6744	1029	4221	4428	6927	2670	5601	5136	6129	4708	3821	796	6745	3089	5111
247	3023	2061	2640	1324	1363	945	1302	1212	5015	3866	7021	300	5454	4694	4463	2110	2255	5267	3316	758	4892	120	6134	3459	4805	1308	4118	4610	1956	4222	4811	6994	2953	5794	4986	6778	5824	4558	1356	6572	776	3955	806	2188	6623	4607	181	6360	1191	1877	6725	3484	6644	4179	883	2007	4041	3491	4940	6175	2540	6073	3461	6812	5742	4393	6139	7261	4181	4457	451	1605	1051	5011	3293	1812	1763	7014	6372	5950	3977	3512	3260	289	6664	2287	5691	3054	4074	4830	2360	711	2707	420	5651	4160	2151	1538	4485	1701	5375	2535	2065	1695	633	6727	5456	4265	260	2766	3660	2612	5759	7047	3470	2748	4442	5667	3756	4642
6591	5147	6083	713	4736	4508	2895	120	4000	6811	1549	6818	1583	6249	5401	120	3231	6976	5556	1637	1711	6957	4586	5252	5774	2484	120	500	1980	2256	4671	4047	755	4909	6862	3527	5076	5149	5638	6632	652	4365	460	926	1660	6401	4286	4500	156	199	858	5117	3487	5073	6239	5137	2779	4262	3412	3419	7239	5822	2978	7113	3096	4339	3626	4392	4181	7261	3457	5613	4518	1699	6149	3417	3686	1170	1498	3546	1413	4544	352	3144	5807	4056	461	3973	1263	1517	7221	4512	6911	1105	226	5313	4458	376	607	2270	7148	2388	3550	4989	4645	6584	5666	1025	5426	2121	7156	4536	4447	1441	3944	2768	2679	4776	1727	1901	998
4530	5098	3467	7106	5187	3916	7224	327	1379	2213	4639	804	6716	4730	6799	212	3196	3075	5182	3338	3895	6935	410	5865	3776	2575	4249	3364	5104	6588	6288	5597	6009	6255	4675	6273	5094	1743	2035	2329	5948	4920	2902	120	4425	2096	1851	1740	5723	4137	4934	1314	4001	180	5085	2267	2498	3210	2701	6277	1870	6587	5063	2530	714	4353	484	2019	4457	3457	7261	4713	1883	6206	3135	3012	3271	209	2558	6133	3517	5395	4491	2636	4665	4550	2859	2486	7249	3759	120	2634	1982	2812	5204	1840	5845	7090	3428	5792	1262	6571	7255	1286	3657	1813	3357	822	299	4440	4121	4044	2485	2620	875	5427	2261	6105	5106	6457	5754
1466	6172	4253	5197	4104	5801	1748	2511	6899	1005	1839	5741	6262	2166	1419	2085	2161	4363	6415	6732	2897	5674	4903	277	3006	1310	6492	2138	4970	5659	3228	1316	6595	5312	688	5107	2836	4761	1354	700	7238	5489	587	1121	577	5514	3590	3659	5298	3224	6446	3594	4284	120	2277	2539	2989	120	4781	2497	4533	1271	4327	4483	5173	3366	1382	5779	451	5613	4713	7261	4406	7192	6888	1950	1070	1197	5818	1511	4773	4032	4943	629	1598	5359	5064	6876	5251	2618	1460	6711	4469	5583	986	2866	4789	2549	7132	2528	4348	5378	1257	126	4413	616	1300	6490	6667	5934	4764	5476	1927	281	4423	4529	5791	4352	225	5733	5858
2586	4679	1090	6731	6696	2338	290	3088	5157	246	2170	3892	5862	4936	3010	3211	5419	3982	1073	7231	148	322	3063	2760	474	5643	5675	2680	2682	5450	5208	5631	328	2743	2676	466	4242	1566	4643	418	3013	534	4235	6921	4065	5270	1562	6639	1926	1863	3964	2507	2221	3448	2136	6480	2565	170	5720	2361	4890	7045	2910	3406	940	5518	7041	3863	1605	4518	1883	4406	7261	4355	5055	1588	5331	582	7159	4246	2516	5897	6858	4914	2412	6982	6094	6981	4561	2381	1996	1686	4190	3549	3787	1478	6062	7179	703	5333	2776	1006	6395	138	5554	382	120	6896	6032	5918	4772	5249	2379	4147	1056	3669	3597	2488	5752	3029	5875
7027	1437	2562	4711	568	5178	4653	4971	4197	1707	3552	2078	5370	4673	1327	539	1998	5316	5782	388	338	2450	2927	1987	6097	2538	3995	4929	2437	4859	6594	2281	5509	4245	6824	3057	1908	5455	1614	3708	6140	5458	771	5113	4774	2076	1072	167	3810	741	1983	3464	3796	6145	6265	2917	1190	4113	6532	6438	1733	4499	915	1258	3015	3035	3354	3191	1051	1699	6206	7192	4355	7261	6478	1836	2016	6064	5864	7177	2581	3513	6460	3315	473	2737	4960	5682	3145	120	1774	6762	6802	774	2463	6207	2780	3435	6396	4492	548	2772	704	1036	1195	3662	6001	120	1448	6719	4976	4051	4218	1432	3813	2295	2239	6560	120	3702	2262
1336	5789	3814	4777	5061	4889	5181	5550	4611	4800	4625	347	2644	6840	120	6413	5686	6029	3998	6557	528	3479	743	6437	2130	2293	2568	547	5114	3780	7019	7073	3850	4737	1352	2566	1644	4309	4725	1514	5138	4142	2807	3177	1048	3318	2178	4847	3860	4291	6227	5817	476	6566	353	6766	2203	2349	7140	1159	3041	6721	4904	3586	5409	946	2396	2432	5011	6149	3135	6888	5055	6478	7261	5687	3147	3218	3784	2142	6774	4220	4785	2992	4930	3721	5924	6984	761	5710	3762	413	2120	790	309	6974	4794	605	2625	1142	6380	3072	4691	1469	3958	2012	3614	789	6340	3881	6122	6324	6550	2190	4211	631	3251	1818	686	583	4295
1630	5347	411	2051	4408	4862	1547	2492	5941	3291	456	3723	120	1127	6597	4966	893	6259	446	5442	4083	6559	3402	1541	120	1081	3564	1803	2157	6359	3276	524	6905	943	5244	1531	6552	5110	3069	1133	7139	336	7104	6250	5449	5403	3009	2036	830	2830	6978	4843	4150	6598	6804	3584	3730	1754	211	6669	2699	4804	2653	6182	1458	2403	6903	824	3293	3417	3012	1950	1588	1836	5687	7261	4824	1019	4728	6748	6930	5894	7168	6378	5887	1135	6397	273	414	6753	1134	3050	146	3183	3131	2044	6917	4884	5048	1897	3728	580	537	6857	2946	5393	3117	3200	2219	3990	3022	3472	1423	1044	4399	416	193	6563	3523	540	708
1149	6593	1881	5516	5803	4359	1875	4419	3877	1894	6084	5963	1091	5013	5417	5126	5747	2047	646	4180	1138	968	557	5856	3847	5499	7222	2350	2521	6726	1796	3906	1647	357	6458	4988	453	573	5570	1293	5909	1903	1889	6314	1704	4306	4115	2712	7046	1321	2514	3451	1508	1283	853	201	655	3212	5274	3848	2386	5160	1041	3495	5189	7242	5620	2307	1812	3686	3271	1070	5331	2016	3147	4824	7261	3025	5022	6810	4149	1345	5124	5668	3423	4314	3265	3483	5130	2796	4384	422	2413	3890	5664	732	7033	834	7030	2436	2537	7099	1122	2478	120	2930	1534	1058	2479	4719	4911	3252	4741	2474	3471	6448	3267	3192	6808	5535	3247
764	5436	1022	6416	4917	586	3656	2868	6366	1216	6703	2159	738	2550	6131	6987	4063	4479	4636	2741	1632	7196	6657	5452	3836	4125	5054	920	798	1827	5229	1823	6292	5382	4375	3685	6530	7225	6610	5457	487	2974	2887	5439	1741	7044	3498	6823	1650	3922	1342	6625	5125	1238	2472	1519	4662	3545	1403	6618	4039	164	2095	482	3635	515	964	4154	1763	1170	209	1197	582	6064	3218	1019	3025	7261	4715	5466	3825	120	3053	2487	134	1372	4351	396	6788	1383	4505	6751	6435	1712	3898	550	441	5855	1039	5185	2355	5994	6477	1622	2372	2857	5961	797	6147	2865	3390	5021	596	4208	6741	4017	2873	5016	2002	6035	120
4975	2163	1898	1636	1880	4076	4980	5589	192	5606	869	1244	6836	5848	6527	3976	2058	3087	4565	1923	1862	3325	3230	5521	5704	5343	611	7164	609	5953	5828	2923	6822	1709	3128	5940	6042	4326	4557	3465	3516	7017	2123	5119	6568	4868	3104	120	2646	3798	1427	1902	6544	3734	1450	2600	5673	2862	3038	5282	1462	3634	1079	5205	6913	623	210	3300	7014	1498	2558	5818	7159	5864	3784	4728	5022	4715	7261	1201	4574	726	1199	1849	971	1948	1506	4141	5926	810	933	2097	5612	4337	1351	1163	6986	6793	6914	120	914	2127	7096	4085	2393	6790	5411	2238	1259	1315	6198	3205	2532	120	1141	5325	1334	6264	6077	6919	6973
3733	837	6174	1662	6109	5360	2896	3681	2328	2936	4714	3695	5490	6055	6160	6100	5121	6444	3735	4350	1144	2332	712	3132	7092	2107	130	3027	2894	1443	6445	6173	4882	3997	1433	155	1556	1529	2623	120	6285	5000	678	6599	3486	6226	2245	7188	4238	4695	1652	5473	2730	4801	754	4005	901	2915	4583	1910	6551	3363	3943	5732	5390	2155	3961	2601	6372	3546	6133	1511	4246	7177	2142	6748	6810	5466	1201	7261	2202	5630	3313	6553	6596	144	6713	379	230	2784	4429	3640	3004	1468	394	2997	4042	6220	1732	5115	6634	2840	6148	3578	4672	4648	5925	4256	217	1749	1442	2380	1173	5413	4751	820	6817	3126	5968	3270	5066
778	4344	1398	4316	1093	140	7105	2324	120	3874	5832	5005	2029	1209	3818	6125	3178	4257	3663	7169	1625	3799	4621	5472	5213	459	4193	3736	1125	3204	3094	710	3508	570	7048	334	3259	2232	4828	4900	3918	4205	5344	6205	2605	5997	4682	256	3653	2801	4531	3430	6006	604	1446	5315	7248	7075	2735	2721	3587	2433	989	3317	6367	977	5699	6520	5950	1413	3517	4773	2516	2581	6774	6930	4149	3825	4574	2202	7261	6690	1815	1959	2962	6848	5308	4850	1146	5145	3879	6082	3768	4064	4204	3688	3783	4632	3482	4683	1052	7228	4285	5304	415	6377	3869	3873	4840	2531	7023	7143	2466	5986	5166	3076	2330	3904	5387	6321	648
930	2308	4870	7145	690	1613	5496	2071	4568	4172	7257	2133	5307	6728	6602	272	3896	6517	1390	4513	1642	4250	6567	844	4818	4727	472	5299	6434	1762	120	5430	3424	3240	7018	4962	120	2141	6053	4987	2770	1224	480	1444	1054	1871	6763	2020	6831	3344	6653	5573	5734	1843	4681	3389	6613	5050	2641	6983	2099	2424	765	3221	2254	895	513	6737	3977	4544	5395	4032	5897	3513	4220	5894	1345	120	726	5630	6690	7261	6177	457	1924	2402	2354	5309	7114	1603	5648	4053	120	1915	1579	1654	4546	2074	2294	6874	5889	3698	3115	5180	1546	5806	3290	3668	3596	3889	5272	1223	552	1831	6158	436	3748	5835	3033	1507	2633
3105	3522	5811	1370	2055	3515	4396	7193	5183	1499	1374	2727	1184	208	2844	7013	5842	994	434	5391	3710	2312	3689	1333	5786	3647	5058	6997	6781	4705	3844	4226	2022	3193	5323	6900	2423	6780	5568	5176	3984	1017	6835	2785	6335	589	5262	4608	2607	4034	4867	4661	2956	7212	1008	1376	5893	3222	6589	2493	3162	1204	3327	2081	2734	4196	6529	4129	3512	352	4491	4943	6858	6460	4785	7168	5124	3053	1199	3313	1815	6177	7261	3341	3120	4743	3255	2132	4010	7240	5655	1371	4312	4502	6089	4912	603	4307	1746	6866	1028	6496	1689	6014	1030	120	2774	3306	5977	5264	3288	4827	4354	770	965	2826	3133	365	1594	3227	4829
4071	1407	2185	3343	684	2257	3186	6015	2089	1576	5534	628	983	6590	5567	4654	2622	2657	5122	3455	2113	2729	5960	206	5996	3080	4482	3846	3213	5766	5946	3394	2072	3622	2215	1424	3307	2577	6232	2850	4389	2347	3340	340	7200	3949	2681	6355	1655	372	4983	1002	143	4127	2933	3981	6827	1326	5892	3400	6622	2882	2726	4385	5914	2031	1185	1344	3260	3144	2636	629	4914	3315	2992	6378	5668	2487	1849	6553	1959	457	3341	7261	1486	4431	4112	4215	6400	6761	132	6090	4722	6702	3769	6065	1217	6897	808	4427	549	2783	1523	2798	3150	6119	3929	3646	5433	3091	120	4869	6473	2438	1792	2331	1117	5564	6853	3415	3907
6926	527	5253	1968	564	5989	1420	3754	4174	2073	889	2208	4225	1621	5123	6833	5034	873	6307	916	2845	6263	5200	581	3355	2318	2874	2453	2944	1895	4696	1114	6508	120	4164	5530	4597	141	2506	6211	4848	2635	1802	1137	4967	120	3060	2247	3648	4390	3539	1179	5552	959	4008	3974	5951	5912	5776	2860	4617	553	369	7198	5784	2724	1992	661	289	5807	4665	1598	2412	473	4930	5887	3423	134	971	6596	2962	1924	3120	1486	7261	2621	5654	6382	6579	6692	4356	849	953	4744	2371	951	5295	2021	462	3371	6933	315	6156	5461	5910	833	5101	6279	7058	608	1496	3701	6947	3185	4706	120	6011	2593	4324	6214	3171
4790	4656	3931	5135	2849	6671	2823	4244	5306	521	1917	4280	2398	6344	2013	5367	3311	2818	4318	4651	305	2602	3292	2434	6023	4628	4993	133	5031	2243	5105	2483	6932	6916	579	5635	1233	5641	3722	4289	2888	1292	5044	1623	2692	3056	1132	6641	6740	1806	1187	4998	3505	5882	7260	4964	2963	371	120	5998	6684	4543	6402	3978	5214	938	6951	4563	6664	4056	4550	5359	6982	2737	3721	1135	4314	1372	1948	144	6848	2402	4743	4431	2621	7261	970	6964	4913	308	6431	1773	3109	2959	1202	2728	5152	2090	973	4842	903	7174	3555	4157	5487	5532	5815	173	2898	6004	3036	6056	5523	5981	1592	6547	5746	150	2189	326	2851
1574	3980	5294	1303	5023	6805	3750	2411	1236	3442	3253	5543	2378	3740	2276	2048	2197	5301	5921	2070	120	1772	1981	6603	919	4581	1231	5757	2632	4528	2824	5683	3141	3456	6469	5089	6502	4538	6705	1346	962	2786	2290	506	2884	3778	707	4515	2001	3854	6421	7158	5285	4019	3835	1483	4405	5885	6113	4779	3785	3020	1294	7068	7181	6454	3561	5520	2287	461	2859	5064	6094	4960	5924	6397	3265	4351	1506	6713	5308	2354	3255	4112	5654	970	7261	417	520	2249	2162	4888	2637	1174	5353	6604	5112	5361	2543	4155	6282	4703	4234	3324	2269	6030	1230	3880	972	7203	4732	1040	6491	1593	958	4116	2595	2115	1009	5300	1131
826	3492	2513	3529	3985	2449	6847	912	2667	4212	6188	4958	2327	4278	4345	5009	4685	4411	5849	4901	941	4992	2240	223	5486	4194	5464	4885	3372	6155	709	1852	2227	5273	1687	3893	3618	1960	760	536	6522	4580	2264	4195	2026	4697	1814	6901	5979	4341	4188	1461	961	5276	5758	3124	6942	2032	4201	5090	5001	531	296	6543	3112	2838	1037	5714	5691	3973	2486	6876	6981	5682	6984	273	3483	396	4141	379	4850	5309	2132	4215	6382	6964	417	7261	4965	3434	6328	2815	1834	1161	7128	1757	2179	6488	3106	4021	1147	5976	3157	6153	7065	5755	4947	6184	2939	120	7095	5884	2144	3195	1991	493	6784	2064	6257	1411	2592
1787	7043	5923	7091	5070	1394	2297	4974	7227	6474	1402	5701	1350	120	5740	6666	6606	3641	1421	6482	1130	4473	936	1918	5036	6614	2370	3114	6670	3558	2220	3518	3165	3975	2100	653	825	3948	3273	4523	3175	4043	1076	3113	2300	5128	3511	465	5787	1226	120	1832	3604	3068	1031	6968	904	4978	4143	745	1242	5028	3613	6872	6575	6615	1296	6026	3054	1263	7249	5251	4561	3145	761	414	5130	6788	5926	230	1146	7114	4010	6400	6579	4913	520	4965	7261	1974	4957	2375	4297	120	2598	5790	999	5731	2510	3426	4268	7079	1697	6061	5572	4349	4702	5511	5834	676	5709	4810	5748	6280	5080	6501	5444	2719	4712	4103	4455
6041	5823	3719	2116	5698	891	6675	6143	3241	768	1521	4367	3617	2813	3382	4088	3238	6450	6915	5930	6695	6946	5226	6754	4667	5846	6217	5541	4906	5839	606	4579	2000	129	5051	351	7166	3173	1497	2129	6513	367	2241	5139	6773	5279	4952	3970	697	840	6154	3070	2700	4598	391	3833	731	5348	1525	1801	1205	2039	2501	4269	2322	5024	3655	2315	4074	1517	3759	2618	2381	120	5710	6753	2796	1383	810	2784	5145	1603	7240	6761	6692	308	2249	3434	1974	7261	2912	1422	879	2289	5384	1502	6330	4601	3937	6463	3853	1755	1406	494	2430	5883	5700	1211	120	1299	4122	560	1169	5796	4655	2922	1542	3414	4511	3258	6320
236	6242	1192	2794	6270	4954	7154	3127	1730	4444	4524	1503	2561	5256	2174	4572	5711	4731	2057	5372	6300	1140	6048	791	432	2551	1768	3919	288	2407	2803	693	6114	3951	5913	5074	2800	5878	6012	3427	3711	5266	1825	6772	1494	6886	618	1591	3453	483	6327	3957	1969	152	5990	4062	5576	2415	1256	2296	665	5269	2617	3250	4604	1694	6364	3168	4830	7221	120	1460	1996	1774	3762	1134	4384	4505	933	4429	3879	5648	5655	132	4356	6431	2162	6328	4957	2912	7261	2406	838	6349	626	1587	6085	5737	4956	284	5424	1993	7103	6909	4955	7102	501	1463	6357	5084	3421	2448	3758	1828	6302	1557	5729	6315	5241	4740	1032
1063	5619	3489	782	2502	5462	954	3554	3946	4573	5992	667	1061	171	7057	120	3788	2608	1128	4783	4762	330	6683	6039	7236	1401	4078	5478	6289	397	6406	7070	2995	6998	2172	3607	2164	6339	3609	6180	1570	4371	1152	2420	6391	2788	1312	3582	2353	3007	1520	6635	2689	5002	200	2979	4821	4452	135	1590	3996	4315	4267	1914	1470	1057	6993	6577	2360	4512	2634	6711	1686	6762	413	3050	422	6751	2097	3640	6082	4053	1371	6090	849	1773	4888	2815	2375	1422	2406	7261	485	2982	5043	639	2668	4422	3966	2454	722	4231	3405	3556	1884	499	5141	331	1417	4496	6117	5881	6244	556	3852	5743	4156	120	1075	812	1280
3565	821	772	6910	2158	5813	1385	3536	154	3649	1758	6616	4622	6768	1936	3803	3463	5800	5339	354	207	3538	4409	1369	3557	120	6661	3003	5155	1418	5346	3350	5502	2961	454	1275	814	1338	3397	1545	4443	2964	6137	5932	6461	4119	5092	3011	6190	3345	4461	5605	1484	996	5537	2181	2854	3531	7254	4908	6099	495	974	440	5497	6944	6829	5238	711	6911	1982	4469	4190	6802	2120	146	2413	6435	5612	3004	3768	120	4312	4722	953	3109	2637	1834	4297	879	838	485	7261	4879	1094	2704	4470	1683	2733	6470	120	5396	6756	1770	4510	1210	805	4395	4815	3533	2499	927	4304	159	3129	3623	6500	2395	1745	4072	836
1567	1596	3330	5484	4114	5232	5640	2500	3408	781	800	641	274	2517	867	3358	4073	5163	5662	5420	2235	232	1225	3026	3418	6166	777	6399	2186	3446	5471	486	1101	320	3490	1668	660	6479	4612	1688	2427	125	4166	2288	120	6388	6228	4014	1822	3194	2369	437	3908	2717	1639	6243	4185	5584	6798	2191	2109	1139	4266	3585	6510	1116	3562	656	2707	1105	2812	5583	3549	774	790	3183	3890	1712	4337	1468	4064	1915	4502	6702	4744	2959	1174	1161	120	2289	6349	2982	4879	7261	1979	1512	4077	4780	6127	659	4898	6786	3651	850	404	4494	885	5441	6958	1415	6925	5922	809	5778	1627	264	3348	3401	2304	2529	6439
5838	1573	1328	3576	1505	921	6410	4585	120	2346	2062	1882	695	4459	6969	7258	5259	6124	7074	6319	5470	6346	2821	5645	839	2124	1388	6648	6967	131	5773	1820	5199	2654	3216	2905	5547	2696	5201	4376	1769	3885	5012	5191	5533	3940	4498	7183	7069	7001	6619	7219	2111	316	518	286	2648	4362	3507	5879	1014	3209	1227	4623	220	1307	1007	3187	420	226	5204	986	3787	2463	309	3131	5664	3898	1351	394	4204	1579	6089	3769	2371	1202	5353	7128	2598	5384	626	5043	1094	1979	7261	5937	120	5871	5329	5162	2591	6894	2985	5233	6453	7071	6643	6428	489	6838	1744	3272	6018	1779	4124	3884	3720	5972	1578	6889	5513
2687	5738	3336	6779	3160	3883	799	3661	3979	2831	1298	1850	5039	5604	5402	5143	184	4547	5474	6975	2722	5067	3658	2524	4296	3429	3972	3878	5186	430	634	4086	2494	931	4813	1473	817	3360	2940	6794	7020	1518	6770	5190	4602	6706	2250	2419	1949	165	5586	2348	4948	3257	7088	561	202	4410	4916	4090	4678	5904	505	139	3679	5725	3574	2630	5651	5313	1840	2866	1478	6207	6974	2044	732	550	1163	2997	3688	1654	4912	6065	951	2728	6604	1757	5790	1502	1587	639	2704	1512	5937	7261	985	2775	6036	3365	253	6238	3093	120	3425	301	2234	4871	6240	744	349	4552	718	3639	6923	3444	136	5038	3146	5916	5795
1246	4877	1747	1491	3832	231	698	5608	1397	1838	6193	2615	5228	3867	2455	4802	1533	3691	1247	3794	666	5195	2691	2266	2736	3792	3067	5406	6582	1559	6138	3378	4939	2526	1416	918	4138	5405	7124	1696	5371	5944	3100	1799	3040	6336	3496	2518	720	1252	1676	2725	1893	842	5435	5765	2034	7123	2160	5467	1678	5394	1641	5351	6130	3134	7243	1855	4160	4458	5845	4789	6062	2780	4794	6917	7033	441	6986	4042	3783	4546	603	1217	5295	5152	5112	2179	999	6330	6085	2668	4470	4077	120	985	7261	323	5522	191	120	6797	1891	3269	877	5694	4302	4886	3225	5397	2086	469	5290	4707	267	1659	1575	6216	2283	471	2723
3960	4292	3905	5385	4330	6730	1515	3703	1516	406	1454	832	3172	3439	3619	689	6128	6303	1311	2025	4750	828	6305	565	6487	6767	899	5465	1811	5728	1586	4184	1082	2901	1657	3926	252	3581	1985	4066	4328	5087	6655	1892	5555	120	6157	3103	2082	4219	1528	3462	2400	120	6106	3910	870	4881	5047	6341	2574	3761	2389	2994	2011	1975	2886	4247	2151	376	7090	2549	7179	3435	605	4884	834	5855	6793	6220	4632	2074	4307	6897	2021	2090	5361	6488	5731	4601	5737	4422	1683	4780	5871	2775	323	7261	2993	5170	4605	5781	1126	6074	6656	907	3108	1585	4968	2843	5859	2147	3458	3014	2446	4841	3729	7101	2112	3600	3037
5639	268	4252	1778	1249	6159	3871	4013	1065	3215	5851	5772	3409	7241	3122	4159	359	5825	6049	4627	1833	6757	3777	350	1856	6791	1886	5068	1728	5366	1821	7012	6283	4660	7067	6161	923	278	2194	5566	1791	647	3817	887	1848	3629	6096	2153	2176	1626	6651	1953	4430	4123	2114	4336	3808	2301	5947	1572	775	7121	5103	5810	5702	120	1722	2969	1538	607	3428	7132	703	6396	2625	5048	7030	1039	6914	1732	3482	2294	1746	808	462	973	2543	3106	2510	3937	4956	3966	2733	6127	5329	6036	5522	2993	7261	2027	5100	7186	1348	4778	4596	3045	2619	5622	1426	4919	3753	5338	2881	4614	4320	1304	4923	1866	2152	729	4506
197	6274	5768	1172	4136	664	3939	6948	4985	4504	2663	5250	5245	657	4791	3699	4213	3524	4519	6852	740	5035	5081	621	3078	3650	4445	6636	5014	3829	2298	1911	1868	2317	2911	5873	194	1241	1066	5868	6521	2907	5388	5052	1675	6247	3295	6169	6224	6150	7165	3827	980	3789	7217	6347	3589	1577	1414	788	815	5544	1837	6803	816	2077	3786	5917	4485	2270	5792	2528	5333	4492	1142	1897	2436	5185	120	5115	4683	6874	6866	4427	3371	4842	4155	4021	3426	6463	284	2454	6470	659	5162	3365	191	5170	2027	7261	2495	2697	6564	3843	3337	7049	255	4092	5083	124	4726	5437	2198	3630	2590	2390	681	2763	4507	279	1909
1384	2368	3766	5777	1395	1690	2536	7259	6104	1710	6046	5053	2460	5432	7082	2248	4650	2018	4944	663	3319	4417	311	2004	6101	1724	6525	863	6970	2168	2948	4360	233	3603	4300	6010	3709	4477	6007	4887	662	3152	389	1854	2878	5510	3913	5037	6747	392	911	1043	6121	2666	4641	2399	2980	5993	4397	5919	435	4414	2674	1268	1156	2787	767	6562	1701	7148	1262	4348	2776	548	6380	3728	2537	2355	914	6634	1052	5889	1028	549	6933	903	6282	1147	4268	3853	5424	722	120	4898	2591	253	120	4605	5100	2495	7261	1620	5505	6873	4677	4464	3454	721	4564	6924	2645	2789	3915	1456	2458	5769	4649	324	818	7010	3058
4476	3289	5618	5220	2225	642	2759	4589	5814	4467	4851	3373	5595	3514	2846	6294	4139	2278	6979	6820	6674	2311	1634	6037	1124	4698	4282	4577	4060	120	6546	4825	4907	5647	6254	4080	1611	1869	6209	2404	6518	5322	4497	2139	1540	7120	1990	5609	370	1618	668	551	6956	6601	4624	7098	1785	2758	6972	2972	4045	4480	4709	2943	387	571	4490	120	5375	2388	6571	5378	1006	2772	3072	580	7099	5994	2127	2840	7228	3698	6496	2783	315	7174	4703	5976	7079	1755	1993	4231	5396	6786	6894	6238	6797	5781	7186	2697	1620	7261	5297	5869	5982	2504	2154	5799	4033	6304	3052	1679	5330	5116	3420	6846	3540	3066	6426	3480	1995
339	3532	5603	4052	7024	122	843	644	1663	128	4448	6701	2339	4152	4232	3845	1365	1213	3724	1702	3334	7061	2883	2334	237	6146	6284	3443	5283	2855	5877	1708	4893	7237	2439	3433	5958	6912	792	123	2337	1265	4864	239	2363	7133	5018	5422	5216	335	310	5481	742	3886	3207	161	978	6381	1284	2599	4068	1885	1930	5193	6088	3671	4346	1925	2535	3550	7255	1257	6395	704	4691	537	1122	6477	7096	6148	4285	3115	1689	1523	6156	3555	4234	3157	1697	1406	7103	3405	6756	3651	2985	3093	1891	1126	1348	6564	5505	5297	7261	120	1857	1939	5144	6681	4100	5255	4310	4534	6586	2703	4191	658	6633	5153	2335	4799	7083
1194	5271	6163	1435	1018	2244	517	2797	213	4793	7050	2102	5721	2043	2306	4146	1493	727	6539	1440	450	716	6688	2187	6996	4403	6373	3285	514	3840	2063	5129	1560	2217	1957	5895	6365	1713	6841	4038	240	3335	5485	5549	4453	5093	6095	5164	4938	275	1617	4151	7135	1360	5475	5540	3888	4011	1120	1183	2525	4844	6358	1952	2523	3391	6637	1168	2065	4989	1286	126	138	1036	1469	6857	2478	1622	4085	3578	5304	5180	6014	2798	5461	4157	3324	6153	6061	494	6909	3556	1770	850	5233	120	3269	6074	4778	3843	6873	5869	120	7261	1250	5974	120	1900	458	7157	4261	6281	3407	3763	5324	5577	5936	880	283	3968	2988
5328	1020	2302	884	7026	7038	7002	5558	1976	4994	4319	872	174	599	2864	4471	7218	535	3934	3521	3942	4918	5614	5706	1405	1929	6164	4931	120	4831	4823	6855	6612	4439	4788	4765	6301	960	1103	7032	216	4290	1088	5623	5242	6027	6611	269	5218	7136	3697	6054	4915	3583	5763	1457	6219	120	1471	1742	2842	2169	1692	3346	1771	3731	2810	4153	1695	4645	3657	4413	5554	1195	3958	2946	120	2372	2393	4672	415	1546	1030	3150	5910	5487	2269	7065	5572	2430	4955	1884	4510	404	6453	3425	877	6656	4596	3337	4677	5982	1857	1250	7261	779	2702	2834	751	3256	120	1112	1482	3190	4223	175	3563	5861	6108	3379	3359
4526	2877	2045	2991	939	2544	3891	2767	5380	6659	4288	1099	2740	7175	6091	6425	6864	5588	2534	2967	4171	1475	1391	4096	6375	2603	1665	4541	444	5827	4664	426	3680	2665	7054	6354	1177	4626	120	5676	7197	2809	617	3676	7171	2852	3882	4582	737	3865	3468	6963	2627	2265	6891	3938	5705	295	5082	6393	2259	1237	3633	4484	5120	3081	2858	6221	633	6584	1813	616	382	3662	2012	5393	2930	2857	6790	4648	6377	5806	120	6119	833	5532	6030	5755	4349	5883	7102	499	1210	4494	7071	301	5694	907	3045	7049	4464	2504	1939	5974	779	7261	831	1653	3793	6229	6583	860	3534	4357	750	6316	3838	4050	4852	2204	4630
3123	2916	6654	344	6816	3092	6075	6342	368	2470	3170	5661	4084	2401	590	6628	2588	2708	2583	6677	6682	5008	2341	1115	4525	3447	298	937	157	6237	4370	2418	4647	1731	6638	1685	168	2867	6266	120	3652	3139	5222	3048	4089	2216	3140	3664	4876	1477	6361	5749	3568	1464	2642	4387	1003	3993	5579	6102	6271	5983	982	725	1522	4638	1219	6744	6727	5666	3357	1300	120	6001	3614	3117	1534	5961	5411	5925	3869	3290	2774	3929	5101	5815	1230	4947	4702	5700	501	5141	805	885	6643	2234	4302	3108	2619	255	3454	2154	5144	120	2702	831	7261	5383	120	4738	4803	345	4133	1366	6621	752	4921	1958	1240	3008	630
4025	1439	6819	5493	4669	3217	3441	1107	120	753	1931	229	3351	1509	1359	4105	2829	5268	6576	7078	4963	6507	2193	2397	4275	6755	3674	5056	5169	6676	2793	3954	6642	1777	1988	2410	5830	4969	6436	5515	6472	2321	1235	4102	1329	120	4729	5172	2210	934	1016	6516	6837	7004	3264	3310	6861	1389	425	2960	4891	6019	5354	6269	120	6013	7042	1029	5456	1025	822	6490	6896	120	789	3200	1058	797	2238	4256	3873	3668	3306	3646	6279	173	3880	6184	5511	1211	1463	331	4395	5441	6428	4871	4886	1585	5622	4092	721	5799	6681	1900	2834	1653	5383	7261	2101	2344	5744	3353	1781	2778	4520	3506	2422	746	1765	672	3199
2316	1896	5132	3329	2611	6787	6093	412	4838	1196	4984	6722	1780	1789	7184	4816	5563	554	169	3665	1431	1404	1377	297	6565	3992	5127	1085	6743	4897	917	5908	4845	1879	2935	5168	787	4024	1830	3181	1136	6115	902	5231	1067	4925	7138	5689	4704	5097	6151	4402	6170	3156	6658	214	427	6950	2675	5305	6526	881	5243	4061	5820	2832	4659	4221	4265	5426	299	6667	6032	1448	6340	2219	2479	6147	1259	217	4840	3596	5977	5433	7058	2898	972	2939	5834	120	6357	1417	4815	6958	489	6240	3225	4968	1426	5083	4564	4033	4100	458	751	3793	120	2101	7261	3830	682	3751	5724	6585	546	3675	533	2084	6990	5745	2364
1994	2459	1451	2941	615	1269	6067	6573	3971	5985	654	5762	6605	244	5184	1638	3440	2284	6685	2416	196	4759	6966	1218	6107	2983	4054	1145	3328	2059	3760	2957	1272	6801	6204	7059	2451	5780	3347	2738	3932	793	4449	2229	1941	3179	3828	401	5151	6059	1474	6514	120	6430	4894	1853	3119	3801	4465	366	929	723	823	1277	7189	671	1317	4428	260	2121	4440	5934	5918	6719	3881	3990	4719	2865	1315	1749	2531	3889	5264	3091	608	6004	7203	120	676	1299	5084	4496	3533	1415	6838	744	5397	2843	4919	124	6924	6304	5255	7157	3256	6229	4738	2344	3830	7261	2560	160	7149	5373	5146	5363	3855	2206	4415	1046	1180
6504	2755	4259	5500	3203	851	6821	6231	4272	4199	1807	5531	956	421	898	1935	1628	5234	4207	1671	4905	2105	6729	2839	2323	377	2134	3437	4699	1916	5007	1788	234	5863	1480	4999	1309	7063	2931	7036	1940	3356	5337	1436	4587	5880	2303	4418	1934	701	1393	120	5594	6672	4334	4035	6545	3286	257	4313	947	3779	4420	575	385	1489	3903	6927	2766	7156	4121	4764	4772	4976	6122	3022	4911	3390	6198	1442	7023	5272	3288	120	1496	3036	4732	7095	5709	4122	3421	6117	2499	6925	1744	349	2086	5859	3753	4726	2645	3052	4310	4261	120	6583	4803	5744	682	2560	7261	2918	496	6420	1171	3166	3851	5870	1571	120	4202
6535	1410	5829	1111	1222	5756	4959	5569	3737	6060	402	3249	120	4749	601	6299	3645	7086	2714	6955	963	2672	3553	151	3606	4091	7144	4522	6489	807	5833	6928	529	3823	1962	3005	3870	6832	4227	2118	1734	4401	4982	724	4251	4294	3302	1619	1337	4189	949	4098	6419	3395	6842	4784	6952	6390	6293	786	2698	3219	6528	6549	4006	6783	6233	2670	3660	4536	4044	5476	5249	4051	6324	3472	3252	5021	3205	2380	7143	1223	4827	4869	3701	6056	1040	5884	4810	560	2448	5881	927	5922	3272	4552	469	2147	5338	5437	2789	1679	4534	6281	1112	860	345	3353	3751	160	2918	7261	3436	2655	7230	3773	4263	4381	6945	6409	2177
1867	3921	254	6906	1097	5158	6020	3767	7229	1034	5712	2938	4240	3297	120	6455	227	5209	1273	4849	3704	3182	3326	5957	6369	1739	1282	5440	1164	2954	4283	3044	555	4861	6178	7003	3807	5275	6202	1267	2233	2482	6859	5202	1860	6704	2384	5872	5693	719	1378	7226	4377	6098	2515	5495	4514	591	5428	1553	5356	5995	4382	4475	1999	7216	5317	5601	2612	4447	2485	1927	2379	4218	6550	1423	4741	596	2532	1173	2466	552	4354	6473	6947	5523	6491	2144	5748	1169	3758	6244	4304	809	6018	718	5290	3458	2881	2198	3915	5330	6586	3407	1482	3534	4133	1781	5724	7149	496	3436	7261	3989	1986	6162	5412	3543	6351	2207	995
1243	1736	6735	2171	7034	2435	4570	363	3475	3399	4540	2822	4158	5945	4279	906	218	2271	5797	1726	3477	1485	3223	2904	3501	2274	6854	6017	3696	7213	185	2462	2746	4450	6834	6865	2929	1409	2589	1083	3303	2148	6005	3849	5179	2445	3705	6427	3608	6379	847	7146	4070	4798	1565	7214	5593	4717	455	6785	6092	6608	1069	2209	1396	7232	5927	5136	5759	1441	2620	281	4147	1432	2190	1044	2474	4208	120	5413	5986	1831	770	2438	3185	5981	1593	3195	6280	5796	1828	556	159	5778	1779	3639	4707	3014	4614	3630	1456	5116	2703	3763	3190	4357	1366	2778	6585	5373	6420	2655	3989	7261	6868	5866	4516	773	2744	5546	5629
7097	5049	7094	3638	294	5042	3234	5607	3923	263	120	3864	182	6168	329	4217	6025	868	3275	6931	4173	5494	6856	5816	4990	1798	5793	4016	7051	4165	4229	6660	1602	120	2924	3535	6877	2975	1582	3208	913	2945	3404	3797	5949	5928	4874	1110	6308	5964	3530	5717	1392	502	1353	3588	3043	3707	4657	2966	5844	955	3616	7055	5907	348	632	6129	7047	3944	875	4423	1056	3813	4211	4399	3471	6741	1141	4751	5166	6158	965	1792	4706	1592	958	1991	5080	4655	6302	3852	3129	1627	4124	6923	267	2446	4320	2590	2458	3420	4191	5324	4223	750	6621	4520	546	5146	1171	7230	1986	6868	7261	4325	2541	3450	1971	991	1661
6943	7206	7167	5095	6440	1492	4746	1800	2196	419	1289	4374	3795	1607	5931	5888	3110	2903	2428	3831	3743	2996	7210	7256	5736	1719	2563	6310	5040	5280	503	3666	3155	6408	2263	6370	3198	6918	3028	1783	2033	4472	5196	6411	4686	4720	5837	7119	6860	4364	6736	6863	3643	1841	407	619	362	5171	2080	6720	2863	5410	2889	3097	4216	3739	1108	4708	3470	2768	5427	4529	3669	2295	631	416	6448	4017	5325	820	3076	436	2826	2331	120	6547	4116	493	6501	2922	1557	5743	3623	264	3884	3444	1659	4841	1304	2390	5769	6846	658	5577	175	6316	752	3506	3675	5363	3166	3773	6162	5866	4325	7261	2899	3086	1047	2631	2552
6447	1162	3800	2444	541	4644	3280	1186	5956	1182	1819	6236	4031	2054	2661	1532	183	378	3118	1270	2373	2705	3897	1932	3621	669	706	4629	1606	1537	4273	2695	5812	3941	2391	650	3236	3644	2919	2024	2769	468	6738	3232	1064	6260	4996	5041	1119	2387	6325	5477	1050	120	687	5004	5065	6076	3189	5341	319	6934	3746	2260	1255	3857	1552	3821	2748	2679	2261	5791	3597	2239	3251	193	3267	2873	1334	6817	2330	3748	3133	1117	6011	5746	2595	6784	5444	1542	5729	4156	6500	3348	3720	136	1575	3729	4923	681	4649	3540	6633	5936	3563	3838	4921	2422	533	3855	3851	4263	5412	4516	2541	2899	7261	519	3956	5033	2545
6252	6000	1341	3245	783	1954	4924	4733	6758	766	4274	1154	1775	3368	6878	542	3822	6971	763	2223	3876	7052	2467	5805	2773	1600	5826	1228	4856	4462	1297	769	5254	5628	2816	3986	2533	6120	2443	2226	4161	1074	6040	3615	3466	5649	3305	5447	4099	5610	1805	4991	4412	4140	2505	1399	5899	3188	4433	6892	3333	1564	5230	4162	2214	3021	2716	796	4442	4776	6105	4352	2488	6560	1818	6563	3192	5016	6264	3126	3904	5835	365	5564	2593	150	2115	2064	2719	3414	6315	120	2395	3401	5972	5038	6216	7101	1866	2763	324	3066	5153	880	5861	4050	1958	746	2084	2206	5870	4381	3543	773	3450	3086	519	7261	5291	384	452
4036	4391	258	5482	5075	2900	4018	5386	7253	856	3595	7109	6895	2555	2594	5553	4875	4927	6403	1143	6875	3298	598	7162	1109	2358	3627	7205	176	2806	1084	5616	3148	6043	5078	3747	431	610	5079	7037	3301	6103	120	189	2720	897	238	6880	5896	6476	6883	7031	1361	6814	5423	5697	3500	6592	4228	827	651	313	874	2272	137	4026	4441	6745	5667	1727	5106	225	5752	120	686	3523	6808	2002	6077	5968	5387	3033	1594	6853	4324	2189	1009	6257	4712	4511	5241	1075	1745	2304	1578	3146	2283	2112	2152	4507	818	6426	2335	283	6108	4852	1240	1765	6990	4415	1571	6945	6351	2744	1971	1047	3956	5291	7261	4615	4865
3654	984	1847	2573	878	2382	2046	2211	7016	3169	1554	4817	6110	854	1715	2383	2230	3856	6937	5545	1584	4093	178	5086	7125	6353	6884	1649	6541	6443	4569	1049	5561	5235	1965	4236	4487	1368	736	2006	925	4812	3085	6368	4167	6519	1198	909	5637	6965	5808	1319	2626	6815	3573	876	7251	6241	4287	5688	1723	6867	3826	4233	3764	1750	4126	3089	3756	1901	6457	5733	3029	3702	583	540	5535	6035	6919	3270	6321	1507	3227	3415	6214	326	5300	1411	4103	3258	4740	812	4072	2529	6889	5916	471	3600	729	279	7010	3480	4799	3968	3379	2204	3008	672	5745	1046	120	6409	2207	5546	991	2631	5033	384	4615	7261	1339
2377	2183	749	2376	4613	7064	5133	2802	5582	1888	3959	1674	2837	2421	6536	2340	2926	2356	5059	530	2893	1548	1453	6297	6556	405	3714	7244	588	1155	6718	5636	6481	1861	5672	3284	6807	1899	559	6542	3497	1038	2578	7066	120	1672	1609	5767	3858	4747	6298	3694	6086	3567	4933	910	5177	5302	2143	4210	3894	3859	4734	5108	3510	2366	3900	5111	4642	998	5754	5858	5875	2262	4295	708	3247	120	6973	5066	648	2633	4829	3907	3171	2851	1131	2592	4455	6320	1032	1280	836	6439	5513	5795	2723	3037	4506	1909	3058	1995	7083	2988	3359	4630	630	3199	2364	1180	4202	2177	995	5629	1661	2552	2545	452	4865	1339	7261
