6106	5262	1708	2378	3511	2577	5987	3101	4736	5062	4866	3234	4235	2946	464	288	3040	4700	1765	4379	5512	1870	1617	1255	5650	501	5868	4516	3776	511	2821	4360	2742	5622	3871	3054	696	2949	2546	4563	814	249	1480	6056	4652	2617	554	4203	3493	3457	4286	3015	1994	3073	5183	439	5557	2395	1325	4683	3837	986	270	367	2869	5766	693	5905	2423	2383	5482	2091	5271	4080	3550	1058	4856	989	419	5463	1694	2687	383	3986	110	2296	3490	218	426	5915	739	4166	2305	1323	4582	4909	1713	3964	2552	5359	3347	5822	205	1624	628	2033	4624	1798	3709	5094	6025
5262	6106	4496	4981	685	2414	3956	1594	1734	2334	5010	4910	3781	2163	4328	3713	2143	1835	3112	2458	5437	5771	5608	2247	5086	3949	4114	3008	3674	1406	5844	5761	2175	2624	4330	6055	3139	743	2764	4123	2612	4834	1280	3766	1351	2928	2747	1024	4447	2225	5225	4749	1591	5423	2806	4573	2469	1282	4773	5523	3948	5314	3175	4338	845	4205	5459	1500	298	5734	1357	3486	4899	2512	3988	796	3914	4831	6000	1772	2630	5494	5932	5222	4118	1516	1371	4066	4764	1392	830	2676	1177	1852	5100	4541	110	5518	5947	3951	3479	1220	846	866	468	5876	2779	4087	1236	2411	110
1708	4496	6106	2489	2430	4413	3845	2056	258	6063	4620	798	5502	5821	1585	3591	4441	3121	1112	2058	3416	2132	4458	941	4435	4224	5380	1532	2232	5632	4348	1361	3305	1871	1476	4059	422	307	3149	110	3133	4292	3061	5617	2408	2696	5677	3352	432	2533	5331	4861	5787	5634	1562	3137	4192	3316	151	536	2874	4714	775	540	268	3097	4685	2499	865	585	4495	1904	2290	1551	1888	1655	5858	1629	5967	5772	3165	450	3249	463	2221	3532	318	1098	6069	690	762	2135	3655	745	3661	3499	1756	5577	3931	1621	5639	3981	2102	461	4051	1767	2320	4411	110	2652	3383
2378	4981	2489	6106	4558	3877	4194	5074	1990	3413	3900	683	2178	921	5991	4139	795	2656	5610	1489	275	1690	2192	4487	2125	5609	5029	4078	5259	1529	756	5596	3195	5442	5298	3972	1153	5739	1959	1203	5282	675	4325	4794	1782	3965	3579	2043	3564	4894	3241	532	5388	5582	1208	2994	5603	1654	4549	2923	3387	2050	5215	4765	397	907	110	4036	1515	4741	5724	1284	4421	4875	5107	3807	4742	5263	858	4228	5178	2140	3758	3846	2837	2048	4668	881	1944	5466	4021	5723	3696	3893	2734	5061	624	3108	5046	2168	5588	5426	5016	3191	3811	2405	3306	2681	1327	1967	2074
3511	685	2430	4558	6106	3096	5104	608	1486	5199	1613	6073	5322	3785	4043	2299	4262	751	1860	5414	2267	2543	110	4809	1125	3940	2318	4592	4847	6083	183	3601	4061	2639	1100	478	4242	396	143	1029	2461	3160	1951	1206	2101	3402	3303	1452	2165	5717	531	5415	595	3950	5079	2657	5743	5449	5797	2730	4607	2933	4867	3146	3233	3723	5453	3714	1963	5244	4183	3515	2189	4168	2148	5951	2177	1286	1448	1737	2691	861	4130	409	2366	2314	3079	4978	446	201	5645	927	607	2487	3388	3926	5777	5306	2211	5513	398	636	514	3733	557	3930	3983	6032	4180	455	1558
2577	2414	4413	3877	3096	6106	3551	5856	3435	2754	985	582	2849	1565	5737	3044	4729	791	1461	5398	2413	4913	2622	5711	297	5187	3031	4034	4401	5740	5536	6030	4093	2273	1976	3669	5933	6044	4719	2509	2128	3594	4106	1308	3135	2173	4613	2852	1085	3360	2068	4537	110	3667	4712	4377	173	3768	4755	3150	3720	5294	1166	4433	867	3571	4209	1673	362	5911	2481	1826	2883	2464	2862	1060	3455	2300	495	3090	2784	5862	5833	2117	1931	6031	4796	6070	3056	4919	4600	308	3938	1463	2841	6060	2745	3397	4651	300	4684	1158	3216	3075	656	3698	4860	5891	3373	3036	837
5987	3956	3845	4194	5104	3551	6106	5356	2768	5985	3474	5860	5390	4026	4245	5224	1444	1034	605	3109	4151	3329	5041	3937	695	4547	4084	1239	2653	3012	530	2274	2671	1455	4944	4038	3932	4250	2501	3955	3897	4946	1099	2497	1214	4174	3471	233	1038	1265	5666	5281	4999	2116	5212	5429	4186	854	1053	5000	5728	365	4274	2097	5026	236	2147	3880	5819	5530	4982	5561	2857	1603	3528	411	2442	1861	6011	110	4149	1507	2209	1272	4157	5066	5956	899	5304	4692	389	110	3386	4744	4804	2439	5671	3275	1230	1628	1030	6104	3856	3555	400	5284	806	2965	1192	3017	1031
3101	1594	2056	5074	608	5856	5356	6106	4291	4474	1261	5569	5412	1740	2118	1087	2981	1473	110	4068	4879	445	2051	4003	2152	402	5964	5311	2503	2389	1175	1260	110	2830	4927	5293	4676	4947	3600	1543	1105	698	1838	1859	2345	3514	2579	5005	4735	2904	2392	1238	3129	4125	5927	4799	2816	5706	2518	1653	2241	4814	4075	5350	3806	4545	1275	1790	4737	401	5687	3242	1416	3239	1939	4481	1715	3392	3814	1531	1468	896	5978	494	1934	1901	465	728	1422	1342	5812	1155	1890	3535	5983	2186	1358	1385	3834	5069	3166	289	3092	1311	1511	1572	2073	2002	3291	2381	4144
4736	1734	258	1990	1486	3435	2768	4291	6106	3999	5401	3198	110	3865	569	5794	4475	5033	2398	3909	2482	1819	1288	386	3009	3420	4218	2640	5605	4143	1262	3603	5648	1955	1095	4094	3288	642	2343	3615	3444	749	5567	5990	5168	1637	3616	139	1510	3613	4282	3269	146	4828	1425	4188	1269	970	3212	1518	5923	3020	1925	1168	3436	2205	576	977	5658	535	4121	163	4408	4046	110	1064	3159	1581	2675	3111	3257	1124	4041	2798	1664	735	1240	5276	534	2674	4675	4278	2649	3507	3357	1956	2183	1813	1353	3812	3422	3868	2988	1333	768	110	2373	5343	859	2418	5028
5062	2334	6063	3413	5199	2754	5985	4474	3999	6106	3501	110	213	4394	1116	3218	1554	1998	1457	5218	140	876	2007	580	470	573	4253	449	5037	960	2089	586	3886	110	4559	2171	4797	1711	2338	2858	5532	4635	3805	3238	3921	1010	2892	3629	2794	4659	2886	5633	5400	5128	1423	428	4187	4898	110	4966	1569	2753	2438	2990	1222	5593	1301	3721	2771	1382	936	2468	3649	2717	1936	2335	2316	1580	1524	5816	2952	3395	4806	2761	963	4024	3590	5163	1938	2894	1364	862	6066	704	1429	917	4830	5363	736	4506	110	5837	5279	3838	408	2847	1049	3527	5665	148	765
4866	5010	4620	3900	1613	985	3474	1261	5401	3501	6106	5539	857	4010	721	110	508	1881	3896	2488	5940	4268	2790	2400	1213	1552	3284	3459	2815	5073	3558	2916	5694	1074	6058	2905	2372	1582	2406	3813	2388	2357	2864	1630	3349	3509	1497	3692	1684	4367	3710	3708	2801	5652	2678	2635	5088	4153	2655	5450	2758	1015	4574	4932	4039	2474	2842	2986	5847	2697	5806	2250	1550	3263	4887	909	3068	4135	4851	4301	5413	4641	110	4697	888	551	5903	1919	1970	4870	1042	331	2066	4803	2329	3727	3797	1555	2567	5096	994	1548	1598	1205	4396	5003	3472	221	589	110	4044
3234	4910	798	683	6073	582	5860	5569	3198	110	5539	6106	3409	4819	2625	2367	1368	789	1864	2355	2049	2057	4644	165	3580	440	5899	610	4220	5594	2824	2700	3693	458	684	2627	3544	3557	1721	4279	3390	159	4012	1651	4795	2732	1810	2979	4484	2773	1247	2595	2529	1417	3173	4263	5655	1157	4957	4310	4129	406	4996	6015	1954	1328	3203	378	3406	1726	4096	5260	1266	891	195	2631	3181	4504	1823	644	5667	1685	500	758	5254	4417	5522	1517	2528	848	1329	5705	2564	3330	3292	1530	2166	2797	1073	3215	4608	1123	1948	3508	1787	543	1442	3793	4077	1050	3163
4235	3781	5502	2178	5322	2849	5390	5412	110	213	857	3409	6106	5441	593	3923	110	3830	682	2591	2927	924	5842	4540	4716	2180	4027	135	2336	2739	2079	5872	2642	3977	3366	3803	5769	790	3153	2932	634	4335	266	2508	1481	1162	1889	5558	128	3799	4469	2580	2737	3847	110	1211	5986	1451	5290	1251	321	3881	2059	2008	3126	4678	3297	3574	3415	2038	1806	3536	4365	1391	3207	5965	5001	2490	2889	2082	3223	3754	5770	5789	2872	5452	2158	3470	3136	563	2843	5647	2953	1242	2403	127	5659	267	1526	5090	430	3850	3521	903	437	4930	4609	1542	4126	5481	1076
2946	2163	5821	921	3785	1565	4026	1740	3865	4394	4010	4819	5441	6106	4904	863	601	1131	2811	5840	4103	993	4465	596	1858	4874	3852	122	2615	5242	1372	915	1159	3568	5435	3235	3226	5117	3425	5173	4696	1586	5896	5626	975	2523	4182	3833	5295	2694	3334	5742	5318	4316	167	381	4234	390	4971	3843	1671	5095	2716	5749	5629	898	4838	5531	3671	2799	4818	5250	2626	2561	3118	5475	4616	5433	1233	4284	2578	4161	4112	5092	3826	3196	1687	144	4042	5644	5055	3715	377	1850	110	5725	160	3214	2964	4277	1605	1136	2433	1538	3954	1652	6003	3421	110	4239	4478
464	4328	1585	5991	4043	5737	4245	2118	569	1116	721	2625	593	4904	6106	4842	4246	2924	5167	110	4490	3224	2286	2525	3077	5612	2954	6023	1508	766	5836	1863	423	673	5076	4665	5714	1553	1290	3442	3287	203	4811	5472	4459	2105	4091	3800	1741	242	424	2375	2259	6095	4911	1021	2856	1536	373	3859	1065	1727	5528	5198	641	1986	4117	5341	3994	730	615	1496	3221	1135	3158	5499	190	2997	2752	5256	4294	6041	177	945	5336	2744	444	3801	5047	2393	1947	606	1418	4204	4124	5867	1878	2956	4643	1618	612	5685	603	2199	4921	3947	3823	3541	281	5606	4550
288	3713	3591	4139	2299	3044	5224	1087	5794	3218	110	2367	3923	863	4842	6106	4888	5367	990	2568	2775	597	6067	3984	2882	3565	6078	5979	3971	5611	149	5738	4461	110	2037	4147	5141	4081	2506	3341	5278	2360	2795	5583	5417	4177	4500	3651	171	3770	3007	539	3741	1020	1880	3069	1830	3882	1978	3134	922	2093	2139	5113	4984	2701	2119	1622	4057	6051	4280	5861	2763	5316	3117	2839	1770	3966	3772	5918	3873	5604	1744	1304	2431	1035	1660	3996	3006	2748	4222	3879	1152	4703	5049	5619	1036	4571	5779	550	1026	3169	2480	969	3953	4647	842	1359	5448	4053	4656
3040	2143	4441	795	4262	4729	1444	2981	4475	1554	508	1368	110	601	4246	4888	6106	583	3268	879	5181	4448	6017	3589	4740	3130	3393	410	3546	5982	4988	2003	4266	5733	956	4434	4134	709	1631	2129	2390	2013	2298	3124	4672	611	1006	1218	3376	6096	3345	3701	5182	4925	4388	473	711	2777	886	2911	4086	1407	3244	3839	6074	4056	467	5146	3492	579	208	5456	3430	943	405	3034	2702	351	493	1294	5018	2401	5252	4440	3925	2046	2217	4750	537	1267	1707	4016	5957	5538	284	4069	474	1964	981	3828	2686	1268	4695	4987	168	219	5489	6077	2885	668	4544
4700	1835	3121	2656	751	791	1034	1473	5033	1998	1881	789	3830	1131	2924	5367	583	6106	4341	4728	3171	4569	3024	1256	2321	5447	2530	2550	1032	1283	3100	4230	2978	4426	1313	5070	5684	5422	3927	5134	4391	5164	1293	2891	713	5335	1223	4585	175	4006	1348	3524	3583	3676	3059	2243	4418	5151	4349	1528	2229	3200	2620	2537	339	3131	1086	2396	979	2374	4252	5135	5672	4364	1300	1843	2035	3540	3132	620	3933	2348	4977	1709	4604	4677	110	4167	5013	5083	3339	677	5654	1483	4791	129	2520	3045	2692	834	5914	5570	2204	6052	4849	4020	215	803	2996	343	5352
1765	3112	1112	5610	1860	1461	605	110	2398	1457	3896	1864	682	2811	5167	990	3268	4341	6106	4586	3520	5641	3934	1276	1984	2030	5989	117	354	2719	662	4774	1804	3976	2526	1754	1200	110	2042	5303	3563	328	2330	110	4248	5744	5389	5273	483	110	2337	1113	2757	2951	2220	5302	3967	3115	5064	507	3225	4597	3365	3361	4972	4264	1108	2226	3000	4891	1776	2455	5962	4577	2877	1195	931	4890	5869	4223	119	3731	4270	4171	3746	5544	1454	3441	2629	1248	2422	4581	207	5892	6076	2133	5071	5334	1917	3419	6024	638	4724	4439	3975	5383	5266	2342	1495	5191	4019
4379	2458	2058	1489	5414	5398	3109	4068	3909	5218	2488	2355	2591	5840	110	2568	879	4728	4586	6106	3266	1544	5864	4567	2155	3050	4704	3902	4055	3510	1675	1305	216	5782	2930	1716	2985	4979	2446	5945	5382	4108	6007	5283	5355	5773	251	291	1822	614	5504	2741	2292	3085	3783	3120	5730	2311	361	2899	3364	4629	3408	2688	2479	5153	5399	1419	4670	5509	2161	1225	454	629	5349	1789	4868	3337	1478	4370	5019	6019	3822	110	3273	2216	110	3185	4995	1566	2658	4455	3187	1320	1182	4028	5368	1151	947	3229	4498	4816	3919	782	2167	3502	2170	3161	3962	1940	332
5512	5437	3416	275	2267	2413	4151	4879	2482	140	5940	2049	2927	4103	4490	2775	5181	3171	3520	3266	6106	2424	1336	2650	1169	672	4766	1464	2608	261	2352	2325	4602	5635	5970	4973	1832	5434	2802	4210	6064	110	1097	3252	4092	5248	5623	3256	3908	110	2275	3407	4631	3446	1698	4771	4926	653	3260	621	4876	1640	5831	2756	2200	3362	1453	3156	2912	6046	234	5573	5820	4625	3637	110	2514	3259	3506	5866	5929	335	2844	2559	4989	5268	1231	5105	4812	1331	2249	3572	4007	4022	2723	3774	538	5408	5930	3094	5067	5125	5527	3829	2063	6075	3702	5051	1950	153	3151
1870	5771	2132	1690	2543	4913	3329	445	1819	876	4268	2057	924	993	3224	597	4448	4569	5641	1544	2424	6106	1395	774	2940	4941	5719	4689	1437	520	801	2610	2024	3452	968	1666	5630	2880	3296	2294	4427	5392	485	2317	3262	2959	3456	542	2566	3974	3491	4825	5300	1723	3002	3067	4528	152	694	5112	1659	1040	269	5455	1292	3920	5646	2104	2011	5418	2943	3026	5419	197	761	4100	725	3336	6084	5421	5850	1345	5893	2693	4175	4942	2353	525	4206	4107	4844	1892	3885	562	3246	2444	6061	3377	2407	3732	5157	3960	3074	376	4452	906	110	5416	3433	2331	3251
1617	5608	4458	2192	110	2622	5041	2051	1288	2007	2790	4644	5842	4465	2286	6067	6017	3024	3934	5864	1336	1395	6106	3476	1023	3647	4934	2399	3554	800	1430	2527	179	2989	5228	5809	5265	932	3283	3918	5065	4324	4855	2451	3672	3340	110	3997	826	3498	120	4594	2835	1013	4392	3495	2604	839	5285	1441	4215	4763	2054	1949	2772	1028	5514	5811	3796	5321	4502	6022	3183	3904	6099	1748	2707	575	4970	1564	5320	3597	1658	2181	5597	5138	4352	1638	6013	2808	4694	3211	3309	2478	1886	1101	4817	5580	2281	4375	1194	5496	2198	4290	3102	3664	3791	5793	5446	2182	3858
1255	2247	941	4487	4809	5711	3937	4003	386	580	2400	165	4540	596	2525	3984	3589	1256	1276	4567	2650	774	3476	6106	705	2539	1394	1037	913	2789	5843	1366	3465	2150	1913	1059	1287	3057	2359	2131	286	5396	5053	753	1274	4343	5155	3335	3913	4968	5571	5391	4477	2909	1279	2295	5649	4722	1111	359	2028	4974	3922	2521	5439	110	212	182	2628	187	5877	2706	1278	3199	5465	1656	5404	1340	5039	1063	3461	110	1334	4060	928	654	4588	4416	1227	110	4821	462	2087	2910	4619	1924	2067	4009	5115	110	2611	1833	5998	887	3906	958	2384	793	1410	4128	555
5650	5086	4435	2125	1125	297	695	2152	3009	470	1213	3580	4716	1858	3077	2882	4740	2321	1984	2155	1169	2940	1023	705	6106	4928	4202	6047	6039	890	974	5269	5533	2766	2960	3627	2055	2641	1091	1289	3164	884	731	3443	2260	759	2603	5440	1973	4785	5377	1718	2364	1492	4650	3174	3258	2197	3412	4207	5851	3559	5589	1982	3482	115	2258	1243	1129	4445	2084	3743	3123	2834	929	5682	5474	3790	3099	2025	235	2664	5849	4906	3924	920	4986	4520	1791	3587	3110	5307	1834	4226	1014	3584	3398	4599	2670	110	1522	5919	5663	1506	3764	3192	5196	600	4983	4184	2569
501	3949	4224	5609	3940	5187	4547	402	3420	573	1552	440	2180	4874	5612	3565	3130	5447	2030	3050	672	4941	3647	2539	4928	6106	5968	110	1403	3147	5817	4743	4715	4346	2836	1817	5726	5126	6005	3853	4564	443	843	1360	278	5748	1184	1432	1221	2804	776	3066	292	1736	245	3726	5584	3861	4997	2684	2293	4275	5975	5780	545	502	4097	3326	4366	2598	2705	4319	6006	1898	5476	3089	2441	110	1695	1156	1303	2866	2987	3082	2027	1910	110	156	5814	3496	825	6102	625	1958	5020	1084	2346	1957	4589	2432	965	4782	3810	1388	1696	1080	113	2248	279	5710	110
5868	4114	5380	5029	2318	3031	4084	5964	4218	4253	3284	5899	4027	3852	2954	6078	3393	2530	5989	4704	4766	5719	4934	1394	4202	5968	6106	394	5192	448	3809	4450	2919	3549	3333	3381	3460	661	3410	5700	5926	1249	3827	2859	5165	860	716	2004	5969	2115	2000	1466	3815	3308	2245	1961	415	1447	519	5792	4693	5258	4717	2942	1204	3883	571	5142	2136	5006	3116	487	110	2387	4119	1701	4432	4660	972	3272	3892	2213	5245	1678	4271	2244	707	1891	3298	479	2574	110	5395	490	1849	3762	4917	4342	172	2154	1346	3836	844	2544	4956	5147	2095	4892	3172	4467	1317
4516	3008	1532	4078	4592	4034	1239	5311	2640	449	3459	610	135	122	6023	5979	410	2550	117	3902	1464	4689	2399	1037	6047	110	394	6106	2187	110	2865	4163	147	4615	954	1475	2536	3825	5590	3680	1899	2587	2962	5221	1307	850	2288	4415	4131	1138	283	4045	4185	2547	4470	1436	5928	3095	2516	699	5301	4030	2412	4164	650	5754	3592	2282	5360	4071	2727	1742	3497	2185	3522	541	3529	1814	176	3958	417	158	2660	4880	5704	1896	1263	1537	2963	5022	4306	5058	4757	486	5174	6097	578	665	1895	4761	4322	5497	4311	4611	4759	5651	2450	1174	255	3963	5317
3776	3674	2232	5259	4847	4401	2653	2503	5605	5037	2815	4220	2336	2615	1508	3971	3546	1032	354	4055	2608	1437	3554	913	6039	1403	5192	2187	6106	3631	161	4031	5264	2557	1502	622	553	1420	4327	2188	5407	2878	110	847	3060	110	5385	527	838	116	456	5054	1751	5030	3324	4808	3792	5309	5753	2873	908	5526	2340	5572	4255	5106	873	691	2596	3780	5846	5549	1785	1894	2554	4822	5172	110	6091	2817	2141	4896	5553	3127	1854	5616	5346	3290	4933	1052	2743	3761	1911	4238	111	2715	6065	5542	5993	349	295	1941	1431	679	138	3294	5078	2829	841	1987	1520
511	1406	5632	1529	6083	5740	3012	2389	4143	960	5073	5594	2739	5242	766	5611	5982	1283	2719	3510	261	520	800	2789	890	3147	448	110	3631	6106	3204	3231	5510	5756	1077	4519	2344	5516	1477	522	3542	2833	3021	5690	391	5148	5560	5938	4048	4578	4404	3458	2542	4829	4457	3694	1856	5602	4110	5461	3282	3311	4967	5887	3567	4955	3178	4897	1575	314	626	363	4511	4634	5853	345	5169	4671	760	340	3890	5351	3030	1002	380	3808	3025	5330	3168	5036	347	706	817	3599	1568	3606	717	1055	2572	5424	1312	5207	4361	4178	4745	4507	3053	5159	3959	2982	4991
2821	5844	4348	756	183	5536	530	1175	1262	2089	3558	2824	2079	1372	5836	149	4988	3100	662	1675	2352	801	1430	5843	974	5817	3809	2865	161	3204	6106	3578	5731	703	5484	1045	2019	2780	4373	3463	2315	5103	671	5807	3779	2901	324	302	4032	4397	5798	2786	5034	4159	1636	2463	4727	5045	4637	3081	5133	231	4532	5206	3675	4486	110	5992	1459	5760	2466	6101	211	823	4827	4337	3619	5480	4835	2394	4431	5824	1803	3946	238	2875	1253	3887	523	5886	5204	3534	2370	1107	4767	3935	1825	746	5144	1788	3653	2306	3576	1571	3385	1134	1126	3872	2845	416	110
4360	5761	1361	5596	3601	6030	2274	1260	3603	586	2916	2700	5872	915	1863	5738	2003	4230	4774	1305	2325	2610	2527	1366	5269	4743	4450	4163	4031	3231	3578	6106	4778	905	4945	4998	5910	4781	1165	2467	2462	1167	2486	5830	150	442	4562	2718	4145	5702	1847	5944	5627	2162	110	5920	6020	5732	200	4133	5468	3595	5427	2926	1763	2548	3255	1797	816	1928	6071	1570	5089	822	3300	4980	2460	2023	3673	5783	4943	3405	4854	4172	239	3276	4142	934	3650	5375	882	1771	2234	3315	191	3945	413	2602	741	1574	3818	935	4189	1315	1867	5038	370	1769	5154	3991	572
2742	2175	3305	3195	4061	4093	2671	110	5648	3886	5694	3693	2642	1159	423	4461	4266	2978	1804	216	4602	2024	179	3465	5533	4715	2919	147	5264	5510	5731	4778	6106	1380	5638	3107	2613	1415	3289	5551	287	655	1490	5716	930	4446	3689	4355	3547	1593	2710	3575	1179	2009	273	1163	4843	4331	265	3654	166	978	4011	469	1683	2326	3513	5948	2589	678	4074	2371	5297	3445	1180	3264	5366	3022	4884	5942	6079	4208	3047	1298	659	1780	4393	3023	2206	5955	145	2505	3840	4287	1338	1171	2026	2203	5810	1341	3403	2818	223	792	4841	1816	5669	232	2713	4929	4522
5622	2624	1871	5442	2639	2273	1455	2830	1955	110	1074	458	3977	3568	673	110	5733	4426	3976	5782	5635	3452	2989	2150	2766	4346	3549	4615	2557	5756	703	905	1380	6106	5720	688	5708	4309	1012	4115	1590	480	3220	2016	256	4878	1556	5097	3942	1000	4872	1650	1505	565	5959	3487	5162	5912	329	3769	2146	476	3980	2606	1190	3247	3795	1369	3598	1291	2538	1498	4013	2328	3202	3718	3346	5347	4770	185	4646	5884	5431	1952	4606	2075	5715	738	904	5637	1545	2285	2541	1185	453	5420	3998	2895	564	2308	4221	5492	2223	315	805	1414	1786	2012	5063	3759	3148
3871	4330	1476	5298	1100	1976	4944	4927	1095	4559	6058	684	3366	5435	5076	2037	956	1313	2526	2930	5970	968	5228	1913	2960	2836	3333	954	1502	1077	5484	4945	5638	5720	6106	1142	2106	4517	2838	5120	1777	2751	5274	4154	1699	1663	110	4358	4334	1219	1755	3469	3070	1672	964	3910	5365	687	2456	4494	1623	3614	812	3820	733	2796	3447	1729	2417	4442	2376	5691	2379	2957	1141	4217	2454	5050	1601	3449	4552	5009	4789	2558	3784	1692	1831	3553	2255	1972	1143	4663	246	5698	2999	3029	5277	5735	2426	748	2196	4017	3525	5676	4199	1720	5131	110	2500	320	567
3054	6055	4059	3972	478	3669	4038	5293	4094	2171	2905	2627	3803	3235	4665	4147	4434	5070	1754	1716	4973	1666	5809	1059	3627	1817	3381	1475	622	4519	1045	4998	3107	688	1142	6106	110	4903	4992	4815	5025	4315	651	4723	1400	4132	3106	1150	2363	220	797	2415	110	4099	259	1119	2172	350	5556	3857	5888	5122	724	1596	5752	2062	914	3098	3314	2621	1583	3327	5521	5995	226	1845	4531	5736	3103	1344	813	5709	5237	338	1081	2868	681	2590	3775	3277	1439	244	2510	3691	2404	1229	5231	2201	193	5908	3182	720	4488	1258	1874	2271	5548	5855	204	4409	5543
696	3139	422	1153	4242	5933	3932	4676	3288	4797	2372	3544	5769	3226	5714	5141	4134	5684	1200	2985	1832	5630	5265	1287	2055	5726	3460	2536	553	2344	2019	5910	2613	5708	2106	110	6106	5214	5194	2749	1373	4579	5727	5952	5790	1056	4384	5879	1426	1703	121	2246	6008	3302	1202	715	2425	5529	820	855	1584	4702	3348	6088	327	5823	5953	2072	2242	4023	3142	3005	110	4105	3639	3122	333	1210	6103	574	1379	3010	2659	949	4162	2191	5852	3319	1104	512	1848	1092	4627	2193	3049	5319	2029	3537	5767	4376	1962	5966	1597	1764	2047	6050	5470	926	5950	1731	652
2949	743	307	5739	396	6044	4250	4947	642	1711	1582	3557	790	5117	1553	4081	709	5422	110	4979	5434	2880	932	3057	2641	5126	661	3825	1420	5516	2780	4781	1415	4309	4517	4903	5214	6106	2958	3874	3888	141	984	1827	3740	5031	1975	134	5916	2570	3210	5161	4406	3280	3704	5636	5774	2690	3046	5323	3354	5670	916	5035	4553	4786	2594	1759	5021	5337	1966	4111	3978	2825	2788	4232	110	3331	5949	2142	3773	2637	4534	3739	3374	206	1968	2347	5044	1937	5873	2419	2609	6009	4706	5566	323	4698	241	2485	3749	4669	2522	2301	4083	1722	5373	5517	4403	4256	5015
2546	2764	3149	1959	143	4719	2501	3600	2343	2338	2406	1721	3153	3425	1290	2506	1631	3927	2042	2446	2802	3296	3283	2359	1091	6005	3410	5590	4327	1477	4373	1165	3289	1012	2838	4992	5194	2958	6106	5014	3394	1985	4961	6045	1413	3644	6087	912	5722	3321	379	3757	4482	2703	5503	4686	4726	3744	299	3488	3916	1753	4529	2251	2283	2176	6098	1893	3832	5012	110	4570	4699	5828	5971	940	3318	1257	5223	1611	3271	1044	521	4730	3638	5902	3043	2123	3737	5190	5662	1855	1799	4499	1644	509	2100	4530	3642	2712	3027	5778	198	3320	718	2937	1634	5880	666	1560	2809
4563	4123	110	1203	1029	2509	3955	1543	3615	2858	3813	4279	2932	5173	3442	3341	2129	5134	5303	5945	4210	2294	3918	2131	1289	3853	5700	3680	2188	522	3463	2467	5551	4115	5120	4815	2749	3874	5014	6106	1977	6100	4953	2819	399	874	5931	3844	4240	2840	712	5785	4747	1306	5220	4082	3862	3270	274	2287	2279	3140	2149	1533	5994	4535	3526	4908	2967	2532	3167	2709	5894	1370	3152	1140	3313	3323	3253	1484	6072	4116	1996	322	3355	1318	5140	3503	3180	1412	1971	3261	1639	3454	5209	1879	2494	2491	3697	1877	635	3332	5624	1069	4508	316	1354	1046	276	3243	5818
814	2612	3133	5282	2461	2128	3897	1105	3444	5532	2388	3390	634	4696	3287	5278	2390	4391	3563	5382	6064	4427	5065	286	3164	4564	5926	1899	5407	3542	2315	2462	287	1590	1777	5025	1373	3888	3394	1977	6106	5403	3001	4739	6090	1732	966	991	3055	2496	2219	3500	2262	4402	6086	3917	2807	2699	778	5871	3678	5865	1668	438	4272	1472	4247	4601	3794	5185	2397	4886	770	1319	1349	1724	1578	4596	3213	4960	5458	1577	498	1374	4905	5741	2760	110	1851	4673	4658	3703	5315	3516	1995	5296	773	1942	5342	3209	3307	3016	5988	3569	5091	3756	1745	369	496	992	5904
249	4834	4292	675	3160	3594	4946	698	749	4635	2357	159	4335	1586	203	2360	2013	5164	328	4108	110	5392	4324	5396	884	443	1249	2587	2878	2833	5103	1167	655	480	2751	4315	4579	141	1985	6100	5403	6106	1365	5540	1846	3995	3484	2586	142	1829	5615	4852	1546	623	3431	3602	1935	5201	4380	4419	1900	254	872	2069	3145	5152	5272	2854	4916	2938	4628	1411	2704	4952	2476	2805	1187	3640	2651	2535	5765	680	5202	5878	429	1139	5922	2746	1503	4622	737	3618	2888	290	2184	2939	435	2995	4249	4618	4626	2015	1254	727	1821	4150	5559	5757	6010	3545	4293
1480	1280	3061	4325	1951	4106	1099	1838	5567	3805	2864	4012	266	5896	4811	2795	2298	1293	2330	6007	1097	485	4855	5053	731	843	3827	2962	110	3021	671	2486	1490	3220	5274	651	5727	984	4961	4953	3001	1365	6106	3019	4444	5405	5339	4667	5900	3467	2828	414	1398	110	983	4302	6016	1567	2724	3957	3915	484	1705	3760	1953	1007	4950	3368	5032	5845	742	3371	3573	1154	1697	4047	368	1330	360	3588	2263	4443	4050	364	4405	5568	2593	4732	5364	5764	2908	2597	3350	6049	2156	1245	1335	4551	3429	3636	3119	633	3895	2814	5696	5381	4170	2898	5934	701	2052
6056	3766	5617	4794	1206	1308	2497	1859	5990	3238	1630	1651	2508	5626	5472	5583	3124	2891	110	5283	3252	2317	2451	753	3443	1360	2859	5221	847	5690	5807	5830	5716	2016	4154	4723	5952	1827	6045	2819	4739	5540	3019	6106	6012	3143	2124	3719	1433	911	2950	1588	4964	4229	6035	4088	5996	2781	1193	5438	2984	2452	2876	3382	6034	5874	2787	4810	4752	1114	5464	1960	3004	980	2252	6092	1549	2289	4372	1693	4383	2236	5217	689	1397	3848	5841	4001	2738	5011	1616	2071	491	3688	2410	517	5130	4197	6081	2733	5043	1525	3250	3929	5936	807	1540	4211	5213	4436	4307
4652	1351	2408	1782	2101	3135	1214	2345	5168	3921	3349	4795	1481	975	4459	5417	4672	713	4248	5355	4092	3262	3672	1274	2260	278	5165	1307	3060	391	3779	150	930	256	1699	1400	5790	3740	1413	399	6090	1846	4444	6012	6106	828	2560	2599	2077	2722	1691	3236	2728	1908	1356	4127	1460	3414	243	4241	2633	3389	835	5170	5247	3745	5056	2921	252	3841	5815	4758	6059	180	4344	5179	5216	3706	2968	388	3747	5827	230	5243	658	4792	110	1322	326	592	110	1438	3725	1427	1757	627	783	5587	6048	2333	1918	5208	1209	827	1377	125	1779	3222	4354	3312	1173
2617	2928	2696	3965	3402	2173	4174	3514	1637	1010	3509	2732	1162	2523	2105	4177	611	5335	5744	5773	5248	2959	3340	4343	759	5748	860	850	110	5148	2901	442	4446	4878	1663	4132	1056	5031	3644	874	1732	3995	5405	3143	828	6106	3611	2312	5500	1689	4881	2473	1979	3687	2556	3064	5751	2094	3072	2517	2682	2302	6093	3679	4065	4374	2792	4543	3835	4152	3660	5591	4212	1865	5139	5575	893	5980	3620	923	938	1270	619	3162	4969	3176	4914	3804	4949	1643	6042	3254	987	5881	4313	1297	6057	358	5229	1479	5578	755	4285	4473	3155	1801	4639	2470	1792	3816	4098
554	2747	5677	3579	3303	4613	3471	2579	3616	2892	1497	1810	1889	4182	4091	4500	1006	1223	5389	251	5623	3456	110	5155	2603	1184	716	2288	5385	5560	324	4562	3689	1556	110	3106	4384	1975	6087	5931	966	3484	5339	2124	2560	3611	6106	1191	5023	1228	3607	2896	999	4000	5052	3128	1128	3941	6105	604	4312	2571	1868	4598	1047	3677	3475	967	4850	788	2230	3232	5246	253	3245	2099	2823	110	5233	1443	5681	4386	3451	3411	4429	2179	3767	5072	1513	5786	1137	998	1132	3646	1627	918	4273	1873	1717	1876	1421	1485	4193	4591	5102	2358	2721	5292	202	2137	247
4203	1024	3352	2043	1452	2852	233	5005	139	3629	3692	2979	5558	3833	3800	3651	1218	4585	5273	291	3256	542	3997	3335	5440	1432	2004	4415	527	5938	302	2718	4355	5097	4358	1150	5879	134	912	3844	991	2586	4667	3719	2599	2312	1191	6106	4538	374	319	3530	5686	5941	2920	4642	2103	1903	3851	2672	3418	1115	1094	2477	5443	2993	4690	4407	1296	5882	2507	4381	248	1176	6002	4079	4320	5149	5387	5255	2714	526	4382	1739	3700	1728	3633	5674	609	317	2992	832	5683	6082	110	224	588	2826	1906	5205	1733	2195	1920	697	5656	3438	4095	2861	3531	1599	112
3493	4447	432	3564	2165	1085	1038	4735	1510	2794	1684	4484	128	5295	1741	171	3376	175	483	1822	3908	2566	826	3913	1973	1221	5969	4131	838	4048	4032	4145	3547	3942	4334	2363	1426	5916	5722	4240	3055	142	5900	1433	2077	5500	5023	4538	6106	3728	1837	1424	1199	4801	5976	1264	3399	130	5384	4067	6054	2936	4580	3093	3605	4472	779	1930	1487	3048	1842	4430	2208	1068	3643	194	2636	2822	2240	4233	1375	2269	4734	1401	4454	4237	2729	3982	2356	5534	4265	1946	3765	2018	5486	2044	1704	5974	2966	5747	2416	2453	3190	1467	110	833	3912	2448	110	630	3426
3457	2225	2533	4894	5717	3360	1265	2904	3613	4659	4367	2773	3799	2694	242	3770	6096	4006	110	614	110	3974	3498	4968	4785	2804	2115	1138	116	4578	4397	5702	1593	1000	1219	220	1703	2570	3321	2840	2496	1829	3467	911	2722	1689	1228	374	3728	6106	877	4924	4621	2449	849	5042	4595	5924	2725	2695	4102	799	952	382	492	2382	4657	5188	723	632	110	4645	3519	1681	170	5713	4326	1812	5693	5211	4244	670	271	2113	2096	5108	1866	4664	5692	421	277	5535	5156	5581	1207	4753	946	5909	1662	1712	5219	2307	925	4196	6001	3041	4308	5313	2551	794	5488
4286	5225	5331	3241	531	2068	5666	2392	4282	2886	3710	1247	4469	3334	424	3007	3345	1348	2337	5504	2275	3491	120	5571	5377	776	2000	283	456	4404	5798	1847	2710	4872	1755	797	121	3210	379	712	2219	5615	2828	2950	1691	4881	3607	319	1837	877	6106	110	2600	3878	110	2254	5565	5555	1746	488	4524	2391	5598	4779	4449	1635	282	3961	110	181	5586	337	4289	1719	1118	5825	2402	344	1189	2969	481	1079	4725	3623	1875	4605	4590	407	296	2021	1725	2436	110	889	2948	1840	2955	375	1600	757	5546	2001	110	4859	4858	1446	732	5048	2922	1795	3042
3015	4749	4861	532	5415	4537	5281	1238	3269	5633	3708	2595	2580	5742	2375	539	3701	3524	1113	2741	3407	4825	4594	5391	1718	3066	1466	4045	5054	3458	2786	5944	3575	1650	3469	2415	2246	5161	3757	5785	3500	4852	414	1588	3236	2473	2896	3530	1424	4924	110	6106	2935	3265	2850	5180	5579	702	2495	412	1215	110	1730	1824	5859	1005	2090	4653	3217	3742	1039	4873	4869	3817	2083	1048	4362	883	897	1836	471	3717	4674	4104	1793	3711	719	937	2907	6037	2036	5462	856	3863	2160	441	434	5718	4572	5027	1144	3240	1212	2471	309	4332	5913	1250	2581	1170	2884
1994	1591	5787	5388	595	110	4999	3129	146	5400	2801	2529	2737	5318	2259	3741	5182	3583	2757	2292	4631	5300	2835	4477	2364	292	3815	4185	1751	2542	5034	5627	1179	1505	3070	110	6008	4406	4482	4747	2262	1546	1398	4964	2728	1979	999	5686	1199	4621	2600	2935	6106	976	3033	815	5358	178	2231	196	5870	1595	110	556	2351	1610	4214	4261	1933	1117	497	5832	4345	2679	2887	2017	808	4363	2153	2261	646	811	1943	892	4649	6038	169	5118	3417	5362	5493	1969	1700	436	4258	5175	4923	5171	1710	5653	4638	2121	2210	2349	3993	1921	132	2272	5799	433	5081
3073	5423	5634	5582	3950	3667	2116	4125	4828	5128	5652	1417	3847	4316	6095	1020	4925	3676	2951	3085	3446	1723	1013	2909	1492	1736	3308	2547	5030	4829	4159	2162	2009	565	1672	4099	3302	3280	2703	1306	4402	623	110	4229	1908	3687	4000	5941	4801	2449	3878	3265	976	6106	1145	5227	1381	1521	1226	4862	352	5370	4846	3751	669	2778	1620	5253	4951	5473	5325	2157	4756	3657	645	3104	5099	1494	1299	5511	5729	1051	5479	2555	4029	3317	2130	2120	4654	1752	4451	5324	3943	5791	4521	3201	819	3750	110	2014	5890	1147	4772	2925	1201	4014	962	5707	910	5631	4623
5183	2806	1562	1208	5079	4712	5212	5927	1425	1423	2678	3173	110	167	4911	1880	4388	3059	2220	3783	1698	3002	4392	1279	4650	245	2245	4470	3324	4457	1636	110	273	5959	964	259	1202	3704	5503	5220	6086	3431	983	6035	1356	2556	5052	2920	5976	849	110	2850	3033	1145	6106	4033	2214	5080	4994	503	2092	1281	2648	2511	342	4318	2607	227	3538	2493	2280	3683	336	1677	5004	5614	5981	2110	4711	4539	2475	5280	5796	1434	5515	2369	2881	1563	5848	1592	5678	594	4085	4288	2762	3684	714	4680	2303	3771	1988	3279	4340	447	769	4297	5507	2515	5143	4198	784
439	4573	3137	2994	2657	4377	5429	4799	4188	428	2635	4263	1211	381	1021	3069	473	2243	5302	3120	4771	3067	3495	2295	3174	3726	1961	1436	4808	3694	2463	5920	1163	3487	3910	1119	715	5636	4686	4082	3917	3602	4302	4088	4127	3064	3128	4642	1264	5042	2254	5180	815	5227	4033	6106	2863	2902	1758	184	3353	1641	5768	518	4201	2961	3013	4269	2039	3424	2386	5469	1224	1625	4584	2291	2667	5550	5545	4505	4299	1062	995	1075	466	4101	372	617	5826	123	3901	5124	2108	4813	4460	110	2915	3722	3907	939	310	2585	4298	3448	3608	3582	110	3219	3359	5661	2445
5557	2469	4192	5603	5743	173	4186	2816	1269	4187	5088	5655	5986	4234	2856	1830	711	4418	3967	5730	4926	4528	2604	5649	3258	5584	415	5928	3792	1856	4727	6020	4843	5162	5365	2172	2425	5774	4726	3862	2807	1935	6016	5996	1460	5751	1128	2103	3399	4595	5565	5579	5358	1381	2214	2863	6106	4533	5901	2666	3690	5485	1133	2803	3113	3343	5775	1743	643	3539	1989	3485	1072	4219	5402	870	4350	3734	2278	2122	2685	5802	2127	3188	919	5333	5230	1844	5907	5564	4542	663	4788	4853	2297	1773	110	110	4561	5409	3656	2683	5137	5519	2010	5501	3876	2350	1576	880	5506
2395	1282	3316	1654	5449	3768	854	5706	970	4898	4153	1157	1451	390	1536	3882	2777	5151	3115	2311	653	152	839	4722	2197	3861	1447	3095	5309	5602	5045	5732	4331	5912	687	350	5529	2690	3744	3270	2699	5201	1567	2781	3414	2094	3941	1903	130	5924	5555	702	178	1521	5080	2902	4533	6106	1561	1071	1386	4260	2813	2368	3622	1680	4754	348	4937	5495	2361	1559	4491	5621	5961	3087	1339	4158	6018	3338	2266	2377	1343	3494	885	2588	110	5973	3434	2623	2663	4824	4037	4169	4893	1991	5688	2284	1022	5060	4122	4546	1198	1897	2662	752	1164	229	1573	2810	1234
1325	4773	151	4549	5797	4755	1053	2518	3212	110	2655	4957	5290	4971	373	1978	886	4349	5064	361	3260	694	5285	1111	3412	4997	519	2516	5753	4110	4637	200	265	329	2456	5556	820	3046	299	274	778	4380	2724	1193	243	3072	6105	3851	5384	2725	1746	2495	2231	1226	4994	1758	5901	1561	6106	2194	5963	5340	1774	4503	1661	6053	5984	722	1762	4369	3609	3088	3230	4527	515	4575	3052	2385	260	1405	785	2107	2661	346	1914	647	6036	3295	2459	2362	2265	1809	4090	3716	1749	1089	4883	4304	2114	871	2800	5498	4466	2669	4015	5600	1735	1768	4412	4513	3752
4683	5523	536	2923	2730	3150	5000	1653	1518	4966	5450	4310	1251	3843	3859	3134	2911	1528	507	2899	621	5112	1441	359	4207	2684	5792	699	2873	5461	3081	4133	3654	3769	4494	3857	855	5323	3488	2287	5871	4419	3957	5438	4241	2517	604	2672	4067	2695	488	412	196	4862	503	184	2666	1071	2194	6106	2268	4497	5746	6080	744	3604	304	2472	3205	2776	1054	4035	2341	1458	5471	4636	4557	1714	2618	4710	821	199	692	640	110	1066	2991	1738	5186	4885	3533	3849	5660	2447	710	110	5410	1408	3864	2253	2774	1183	1057	3437	2111	2098	5939	5195	1172	1983	4464
3837	3948	2874	3387	4607	3720	5728	2241	5923	1569	2758	4129	321	1671	1065	922	4086	2229	3225	3364	4876	1659	4215	2028	5851	2293	4693	5301	908	3282	5133	5468	166	2146	1623	5888	1584	3354	3916	2279	3678	1900	3915	2984	2633	2682	4312	3418	6054	4102	4524	1215	5870	352	2092	3353	3690	1386	5963	2268	6106	3682	334	570	4777	4453	5312	431	3051	4062	4780	4958	864	4351	1802	584	1367	110	4985	2545	110	2420	330	2897	1003	5234	1482	3898	4705	1811	676	2767	2327	2592	341	1130	5305	3358	2504	1011	4181	2846	2202	4190	3648	2680	3344	4064	5101	6062	6033
986	5314	4714	2050	2933	5294	365	4814	3020	2753	1015	406	3881	5095	1727	2093	1407	3200	4597	4629	1640	1040	4763	4974	3559	4275	5258	4030	5526	3311	231	3595	978	476	3614	5122	4702	5670	1753	3140	5865	254	484	2452	3389	2302	2571	1115	2936	799	2391	110	1595	5370	1281	1641	5485	4260	5340	4497	3682	6106	4769	1246	1907	499	3439	4155	3301	5562	1216	1887	3018	524	5109	4213	3504	2893	4857	4720	1181	5008	4317	5116	4556	5445	2820	4510	357	3585	5129	1449	2654	5699	639	4005	451	2380	6089	4138	5657	6068	2755	110	2765	2169	3973	3686	2673	548	1514
270	3175	775	5215	4867	1166	4274	4075	1925	2438	4574	4996	2059	2716	5528	2139	3244	2620	3365	3408	5831	269	2054	3922	5589	5975	4717	2412	2340	4967	4532	5427	4011	3980	812	724	3348	916	4529	2149	1668	872	1705	2876	835	6093	1868	1094	4580	952	5598	1730	110	4846	2648	5768	1133	2813	1774	5746	334	4769	6106	3681	1004	781	5075	1646	3621	5541	4329	189	1702	2785	2519	5689	3819	4049	4303	3206	1945	1783	174	4179	1082	3138	3084	2112	1027	2619	4587	3058	2975	3552	6094	5943	5745	4820	2831	868	353	5457	2793	1078	126	2235	4485	4713	4146	2689	2429
367	4338	540	4765	3146	4433	2097	5350	1168	2990	4932	6015	2008	5749	5198	5113	3839	2537	3361	2688	2756	5455	1949	2521	1982	5780	2942	4164	5572	5887	5206	2926	469	2606	3820	1596	6088	5035	2251	1533	438	2069	3760	3382	5170	3679	4598	2477	3093	382	4779	1824	556	3751	2511	518	2803	2368	4503	6080	570	1246	3681	6106	4525	192	2238	4839	3699	1999	686	4420	2740	5776	4840	4437	1706	2931	3157	942	1178	544	110	5703	4760	1606	4548	3707	3274	780	5467	1389	2277	2134	568	971	3170	2616	1645	1160	2573	4462	4389	1402	3867	3979	771	4915	5338	1350	660
2869	845	268	397	3233	867	5026	3806	3436	1222	4039	1954	3126	5629	641	4984	6074	339	4972	2479	2200	1292	2772	5439	3482	545	1204	650	4255	3567	3675	1763	1683	1190	733	5752	327	4553	2283	5994	4272	3145	1953	6034	5247	4065	1047	5443	3605	492	4449	5859	2351	669	342	4201	3113	3622	1661	744	4777	1907	1004	4525	6106	2867	3114	4962	3003	5017	1902	3328	5145	3071	3543	3738	829	1384	1815	836	3197	3889	5249	1669	114	3635	110	1435	664	3063	2465	3480	5795	5150	2228	5425	312	3293	2339	1853	4679	5762	5345	5668	403	2646	237	1404	824	4526	5098
5766	4205	3097	907	3723	3571	236	4545	2205	5593	2474	1328	4678	898	1986	2701	4056	3131	4264	5153	3362	3920	1028	110	115	502	3883	5754	5106	4955	4486	2548	2326	3247	2796	2062	5823	4786	2176	4535	1472	5152	1007	5874	3745	4374	3677	2993	4472	2382	1635	1005	1610	2778	4318	2961	3343	1680	6053	3604	4453	499	781	192	2867	6106	4920	2313	2782	5369	5750	1547	4428	5763	1352	3869	3658	110	5697	944	2562	3237	3748	1775	222	616	4661	384	4493	4480	5354	5599	3432	2061	285	3990	1965	4681	3351	1589	1615	700	2871	750	4471	1665	5348	164	1674	951	674
693	5459	4685	110	5453	4209	2147	1275	576	1301	2842	3203	3297	4838	4117	2119	467	1086	1108	5399	1453	5646	5514	212	2258	4097	571	3592	873	3178	110	3255	3513	3795	3447	914	5953	2594	6098	3526	4247	5272	4950	2787	5056	2792	3475	4690	779	4657	282	2090	4214	1620	2607	3013	5775	4754	5984	304	5312	3439	5075	2238	3114	4920	6106	754	2870	4160	3080	1587	1884	1488	4845	1273	973	4227	5371	3281	5937	3789	2332	1237	4895	5673	4648	1083	3464	154	4008	5788	809	3193	2060	1310	3787	3562	3894	3065	5679	1355	5239	1025	2944	3076	901	1527	5119	1259	5084
5905	1500	2499	4036	3714	1673	3880	1790	977	3721	2986	378	3574	5531	5341	1622	5146	2396	2226	1419	3156	2104	5811	182	1243	3326	5142	2282	691	4897	5992	1797	5948	1369	1729	3098	2072	1759	1893	4908	4601	2854	3368	4810	2921	4543	967	4407	1930	5188	3961	4653	4261	5253	227	4269	1743	348	722	2472	431	4155	1646	4839	4962	2313	754	6106	1657	5898	1197	3992	5483	3248	2632	110	3468	3788	356	1922	4935	547	1019	3379	5184	3753	3786	4109	2708	2914	5287	2769	2582	1766	4476	1915	257	5491	726	5954	325	598	878	5917	4877	1905	4025	3091	4063	3186	786
2423	298	865	1515	1963	362	5819	4737	5658	2771	5847	3406	3415	3671	3994	4057	3492	979	3000	4670	2912	2011	3796	2628	1129	4366	2136	5360	2596	1575	1459	816	2589	3598	2417	3314	2242	5021	3832	2967	3794	4916	5032	4752	252	3835	4850	1296	1487	723	110	3217	1933	4951	3538	2039	643	4937	1762	3205	3051	3301	3621	3699	3003	2782	2870	1657	6106	3267	1820	5267	504	217	1285	4959	272	4655	5332	1149	4721	4314	4333	5454	2726	2890	1387	1839	3662	4990	5270	4254	5236	5261	1110	2972	2085	3356	4603	3400	3628	4708	2913	5288	591	4800	559	5701	516	5376	2563
2383	5734	585	4741	5244	5911	5530	401	535	1382	2697	1726	2038	2799	730	6051	579	2374	4891	5509	6046	5418	5321	187	4445	2598	5006	4071	3780	314	5760	1928	678	1291	4442	2621	4023	5337	5012	2532	5185	2938	5845	1114	3841	4152	788	5882	3048	632	181	3742	1117	5473	2493	3424	3539	5495	4369	2776	4062	5562	5541	1999	5017	5369	4160	5898	3267	6106	3440	4823	1465	5554	505	1642	5601	840	1277	5158	2583	1619	1541	2227	2440	2022	2032	1244	5327	3518	3078	301	4509	4267	5863	1376	4640	1440	1648	4483	5958	3570	4518	110	5386	5759	1519	1539	2791	5160	1882
5482	1357	4495	5724	4183	2481	4982	5687	4121	936	5806	4096	1806	4818	615	4280	208	4252	1776	2161	234	2943	4502	5877	2084	2705	3116	2727	5846	626	2466	6071	4074	2538	2376	1583	3142	1966	110	3167	2397	4628	742	5464	5815	3660	2230	2507	1842	110	5586	1039	497	5325	2280	2386	1989	2361	3609	1054	4780	1216	4329	686	1902	5750	3080	1197	1820	3440	6106	1018	4793	4901	5972	1670	3517	4748	4907	2174	5574	810	5595	3062	5801	1607	3014	4141	3473	3685	1396	5618	4940	4902	3560	1883	4568	2549	1378	3626	5059	1501	5308	3695	3860	5123	772	124	5240	4832	618
2091	3486	1904	1284	3515	1826	5561	3242	163	2468	2250	5260	3536	5250	1496	5861	5456	5135	2455	1225	5573	3026	6022	2706	3743	4319	487	1742	5549	363	6101	1570	2371	1498	5691	3327	3005	4111	4570	2709	4886	1411	3371	1960	4758	5591	3232	4381	4430	4645	337	4873	5832	2157	3683	5469	3485	1559	3088	4035	4958	1887	189	4420	3328	1547	1587	3992	5267	4823	1018	6106	2237	110	482	804	3668	262	110	4089	2576	3821	5675	2879	1456	385	4173	5664	2759	2783	5430	3478	2565	5784	3666	2218	1469	4423	110	1557	3505	3736	4632	3370	418	4900	4768	2980	4052	6021	4515
5271	4899	2290	4421	2189	2883	2857	1416	4408	3649	1550	1266	4365	2626	3221	2763	3430	5672	5962	454	5820	5419	3183	1278	3123	6006	110	3497	1785	4511	211	5089	5297	4013	2379	5521	110	3978	4699	5894	770	2704	3573	3004	6059	4212	5246	248	2208	3519	4289	4869	4345	4756	336	1224	1072	4491	3230	2341	864	3018	1702	2740	5145	4428	1884	5483	504	1465	4793	2237	6106	3652	1686	2698	459	5328	1450	5857	5712	2976	4848	767	3802	3428	5552	110	5477	5640	558	2080	3724	1818	477	2034	157	3512	3228	1326	1608	110	4002	3039	1679	3310	4231	2304	3778	1148	5781
4080	2512	1551	4875	4168	2464	1603	3239	4046	2717	3263	891	1391	2561	1135	5316	943	4364	4577	629	4625	197	3904	3199	2834	1898	2387	2185	1894	4634	823	822	3445	2328	2957	5995	4105	2825	5828	1370	1319	4952	1154	980	180	1865	253	1176	1068	1681	1719	3817	2679	3657	1677	1625	4219	5621	4527	1458	4351	524	2785	5776	3071	5763	1488	3248	217	5554	4901	110	3652	6106	5895	1927	5114	613	3154	3401	2270	955	4912	533	3617	959	1120	3372	4701	5839	777	4954	4368	2276	4501	1535	1828	2145	5721	4610	2531	2190	5177	5393	1667	2257	2998	4283	4176	5329	4456
3550	3988	1888	5107	2148	2862	3528	1939	110	1936	4887	195	3207	3118	3158	3117	405	1300	2877	5349	3637	761	6099	5465	929	5476	4119	3522	2554	5853	4827	3300	1180	3202	1141	226	3639	2788	5971	3152	1349	2476	1697	2252	4344	5139	3245	6002	3643	170	1118	2083	2887	645	5004	4584	5402	5961	515	5471	1802	5109	2519	4840	3543	1352	4845	2632	1285	505	5972	482	1686	5895	6106	5925	1462	3363	2853	2638	2045	136	4682	162	1399	5286	1926	3798	2534	5082	2575	5490	3911	3891	2434	3523	4662	4709	1682	2323	3427	5804	3870	4200	3875	4140	5921	2502	1316	1188	1008
1058	796	1655	3807	5951	1060	411	4481	1064	2335	909	2631	5965	5475	5499	2839	3034	1843	1195	1789	110	4100	1748	1656	5682	3089	1701	541	4822	345	4337	4980	3264	3718	4217	1845	3122	4232	940	1140	1724	2805	4047	6092	5179	5575	2099	4079	194	5713	5825	1048	2017	3104	5614	2291	870	3087	4575	4636	584	4213	5689	4437	3738	3869	1273	110	4959	1642	1670	804	2698	1927	5925	6106	3939	747	1909	250	3663	552	1760	4463	3641	5372	2614	4359	1872	763	2088	4751	566	2947	5136	637	4399	4583	3842	982	5289	264	3378	3712	228	4865	1161	3645	5203	4339	3483
4856	3914	5858	4742	2177	3455	2442	1715	3159	2316	3068	3181	5001	4616	190	1770	2702	2035	931	4868	2514	725	2707	5404	5474	2441	4432	3529	5172	5169	3619	2460	5366	3346	2454	4531	333	110	3318	3313	1578	1187	368	1549	5216	893	2823	4320	2636	4326	2402	4362	808	5099	5981	2667	4350	1339	3052	4557	1367	3504	3819	1706	829	3658	973	3468	272	5601	3517	3668	459	5114	1462	3939	6106	2601	4156	875	1271	1016	6026	2974	2222	2584	3985	240	4425	210	4422	4837	5625	6004	1974	110	3035	1061	5897	4113	3968	1232	3944	902	1493	1512	4371	4863	546	2945	787
989	4831	1629	5263	1286	2300	1861	3392	1581	1580	4135	4504	2490	5433	2997	3966	351	3540	4890	3337	3259	3336	575	1340	3790	110	4660	1814	110	4671	5480	2023	3022	5347	5050	5736	1210	3331	1257	3323	4596	3640	1330	2289	3706	5980	110	5149	2822	1812	344	883	4363	1494	2110	5550	3734	4158	2385	1714	110	2893	4049	2931	1384	110	4227	3788	4655	840	4748	262	5328	613	3363	747	2601	6106	590	5478	5889	225	2832	3384	4378	4347	4216	3970	1579	1088	3450	1127	5576	2109	4468	133	1321	2065	3141	5251	4805	1324	5193	294	5805	4918	4400	4243	1800	188	4802
419	6000	5967	858	1448	495	6011	3814	2675	1524	4851	1823	2889	1233	2752	3772	493	3132	5869	1478	3506	6084	4970	5039	3099	1695	972	176	6091	760	4835	3673	4884	4770	1601	3103	6103	5949	5223	3253	3213	2651	360	4372	2968	3620	5233	5387	2240	5693	1189	897	2153	1299	4711	5545	2278	6018	260	2618	4985	4857	4303	3157	1815	5697	5371	356	5332	1277	4907	110	1450	3154	2853	1909	4156	590	6106	3596	1981	3777	1916	5040	529	1626	5411	2309	2668	3083	3884	3367	5068	5436	1093	5087	1929	560	5176	355	3586	2040	4775	3375	3038	513	186	1523	2365	4536	1332
5463	1772	5772	4228	1737	3090	110	1531	3111	5816	4301	644	2082	4284	5256	5918	1294	620	4223	4370	5866	5421	1564	1063	2025	1156	3272	3958	2817	340	2394	5783	5942	185	3449	1344	574	2142	1611	1484	4960	2535	3588	1693	388	923	1443	5255	4233	5211	2969	1836	2261	5511	4539	4505	2122	3338	1405	4710	2545	4720	3206	942	836	944	3281	1922	1149	5158	2174	4089	5857	3401	2638	250	875	5478	3596	6106	5110	4975	2983	3227	5563	549	5755	4321	5007	5189	3194	1778	2903	489	1103	5232	4922	988	3610	4336	5808	214	3936	587	3086	5935	5875	5406	404	1309	1302
1694	2630	3165	5178	2691	2784	4149	1468	3257	2952	5413	5667	3223	2578	4294	3873	5018	3933	119	5019	5929	5850	5320	3461	235	1303	3892	417	2141	3890	4431	4943	6079	4646	4552	813	1379	3773	3271	6072	5458	5765	2263	4383	3747	938	5681	2714	1375	4244	481	471	646	5729	2475	4299	2685	2266	785	821	110	1181	1945	1178	3197	2562	5937	4935	4721	2583	5574	2576	5712	2270	2045	3663	1271	5889	1981	5110	6106	953	4148	2076	4554	957	900	4784	4259	1121	2977	2031	5997	5607	2750	2078	6014	1491	3489	1614	5758	4251	3184	3952	3624	5525	1604	6085	1445	4688	3325
2687	5494	450	2140	861	5862	1507	896	1124	3395	4641	1685	3754	4161	6041	5604	2401	2348	3731	6019	335	1345	3597	110	2664	2866	2213	158	4896	5351	5824	3405	4208	5884	5009	5709	3010	2637	1044	4116	1577	680	4443	2236	5827	1270	4386	526	2269	670	1079	3717	811	1051	5280	1062	5802	2377	2107	199	2420	5008	1783	544	3889	3237	3789	547	4314	1619	810	3821	2976	955	136	552	1016	225	3777	4975	953	6106	961	3634	5592	1807	1474	3831	5642	387	3453	2644	4566	110	4281	305	667	1993	3037	1932	1794	4387	5226	2212	4807	734	5200	3477	950	3189	6043
383	5932	3249	3758	4130	5833	2209	5978	4041	4806	110	500	5770	4112	177	1744	5252	4977	4270	3822	2844	5893	1658	1334	5849	2987	5245	2660	5553	3030	1803	4854	3047	5431	4789	5237	2659	4534	521	1996	498	5202	4050	5217	230	619	3451	4382	4734	271	4725	4674	1943	5479	5796	995	2127	1343	2661	692	330	4317	174	110	5249	3748	2332	1019	4333	1541	5595	5675	4848	4912	4682	1760	6026	2832	1916	2983	4148	961	6106	4054	2971	4385	4137	5166	1688	1109	313	5803	3278	2144	2677	4939	1862	4691	818	2665	4236	5838	2553	3755	3396	3322	4718	1676	4225	4938	657
3986	5222	463	3846	409	2117	1272	494	2798	2761	4697	758	5789	5092	945	1304	4440	1709	4171	110	2559	2693	2181	4060	4906	3082	1678	4880	3127	1002	3946	4172	1298	1952	2558	338	949	3739	4730	322	1374	5878	364	689	5243	3162	3411	1739	1401	2113	3623	4104	892	2555	1434	1075	3188	3494	346	640	2897	5116	4179	5703	1669	1775	1237	3379	5454	2227	3062	2879	767	533	162	4463	2974	3384	5040	3227	2076	3634	4054	6106	2711	1186	5508	2851	4746	852	1146	528	2731	2540	4489	3481	6027	1504	472	5999	3380	3593	5505	3729	3466	3566	1337	5883	2138	5613	131
110	4118	2221	2837	2366	1931	4157	1934	1664	963	888	5254	2872	3826	5336	2431	3925	4604	3746	3273	4989	4175	5597	928	3924	2027	4271	5704	1854	380	238	239	659	4606	3784	1081	4162	3374	3638	3355	4905	429	4405	1397	658	4969	4429	3700	4454	2096	1875	1793	4649	4029	5515	466	919	885	1914	110	1003	4556	1082	4760	114	222	4895	5184	2726	2440	5801	1456	3802	3617	1399	3641	2222	4378	529	5563	4554	5592	2971	2711	6106	5643	4993	4073	6040	155	293	5835	2918	4733	2086	2005	2437	5854	395	4438	2053	2643	1796	4410	1761	1347	3208	2634	2070	2929	303
2296	1516	3532	2048	2314	6031	5066	1901	735	4024	551	4417	5452	3196	2744	1035	2046	4677	5544	2216	5268	4942	5138	654	920	1910	2244	1896	5616	3808	2875	3276	1780	2075	1692	2868	2191	206	5902	1318	5741	1139	5568	3848	4792	3176	2179	1728	4237	5108	4605	3711	6038	3317	2369	4101	5333	2588	647	1066	5234	5445	3138	1606	3635	616	5673	3753	2890	2022	1607	385	3428	959	5286	5372	2584	4347	1626	549	957	1807	4385	1186	5643	6106	577	3989	2970	1409	4790	4965	2322	602	2319	1997	263	3556	2428	3899	5960	2900	5379	2310	311	4040	933	5361	457	110	1295
3490	1371	318	4668	3079	4796	5956	465	1240	3590	5903	5522	2158	1687	444	1660	2217	110	1454	110	1231	2353	4352	4588	4986	110	707	1263	5346	3025	1253	4142	4393	5715	1831	681	5852	1968	3043	5140	2760	5922	2593	5841	110	4914	3767	3633	2729	1866	4590	719	169	2130	2881	372	5230	110	6036	2991	1482	2820	3084	4548	110	4661	4648	3786	1387	2032	3014	4173	5552	1120	1926	2614	3985	4216	5411	5755	900	1474	4137	5508	4993	577	6106	1033	5813	4305	4165	1067	3304	1090	110	2324	5077	1043	4512	4295	3665	3670	2484	1383	5127	4976	392	4191	2409	4070	2906
218	4066	1098	881	4978	6070	899	728	5276	5163	1919	1517	3470	144	3801	3996	4750	4167	3441	3185	5105	525	1638	4416	4520	156	1891	1537	3290	5330	3887	934	3023	738	3553	2590	3319	2347	2123	3503	110	2746	4732	4001	1322	3804	5072	5674	3982	4664	407	937	5118	2120	1563	617	1844	5973	3295	1738	3898	4510	2112	3707	1435	384	1083	4109	1839	1244	4141	5664	110	3372	3798	4359	240	3970	2309	4321	4784	3831	5166	2851	4073	3989	1033	6106	1393	2020	1235	6028	1362	5885	306	740	5197	3632	581	4479	851	4514	3177	1632	4323	4555	3581	510	1196	2513	420
426	4764	6069	1944	446	3056	5304	1422	534	1938	1970	2528	3136	4042	5047	3006	537	5013	2629	4995	4812	4206	6013	1227	1791	5814	3298	2963	4933	3168	523	3650	2206	904	2255	3775	1104	5044	3737	3180	1851	1503	5364	2738	326	4949	1513	609	2356	5692	296	2907	3417	4654	5848	5826	5907	3434	2459	5186	4705	357	1027	3274	664	4493	3464	2708	3662	5327	3473	2759	5477	4701	2534	1872	4425	1579	2668	5007	4259	5642	1688	4746	6040	2970	5813	1393	6106	3903	110	5397	5121	3462	996	1122	2239	3011	5444	5310	5695	1096	425	5378	2492	5628	110	2855	2934	1241	5524
5915	1392	690	5466	201	4919	4692	1342	2674	2894	4870	848	563	5644	2393	2748	1267	5083	1248	1566	1331	4107	2808	110	3587	3496	479	5022	1052	5036	5886	5375	5955	5637	1972	3277	512	1937	5190	1412	4673	4622	5764	5011	592	1643	5786	317	5534	421	2021	6037	5362	1752	1592	123	5564	2623	2362	4885	1811	3585	2619	780	3063	4480	154	2914	4990	3518	3685	2783	5640	5839	5082	763	210	1088	3083	5189	1121	387	1109	852	155	1409	4305	2020	3903	6106	1041	4300	831	5357	4836	5977	452	869	3854	2848	4762	4833	4565	2427	1912	5093	4076	2917	2812	4195	5238
739	830	762	4021	5645	4600	389	5812	4675	1364	1042	1329	2843	5055	1947	4222	1707	3339	2422	2658	2249	4844	4694	4821	3110	825	2574	4306	2743	347	5204	882	145	1545	1143	1439	1848	5873	5662	1971	4658	737	2908	1616	110	6042	1137	2992	4265	277	1725	2036	5493	4451	5678	3901	4542	2663	2265	3533	676	5129	4587	5467	2465	5354	4008	5287	5270	3078	1396	5430	558	777	2575	2088	4422	3450	3884	3194	2977	3453	313	1146	293	4790	4165	1235	110	1041	6106	5585	1649	997	3144	1217	371	3032	427	3561	5906	4296	2605	2256	5680	1633	4492	2457	5085	3866	4614
4166	2676	2135	5723	927	308	110	1155	4278	862	331	5705	5647	3715	606	3879	4016	677	4581	4455	3572	1892	3211	462	5307	6102	110	5058	3761	706	3534	1771	2505	2285	4663	244	1092	2419	1855	3261	3703	3618	2597	2071	1438	3254	998	832	1946	5535	2436	5462	1969	5324	594	5124	663	4824	1809	3849	2767	1449	3058	1389	3480	5599	5788	2769	4254	301	5618	3478	2080	4954	5490	4751	4837	1127	3367	1778	2031	2644	5803	528	5835	4965	1067	6028	5397	4300	5585	6106	1499	1470	5210	110	5374	3028	5800	5394	5299	1612	5257	5241	3179	3125	4936	599	3730	6029	366
2305	1177	3655	3696	607	3938	3386	1890	2649	6066	2066	2564	2953	377	1418	1152	5957	5654	207	3187	4007	3885	3309	2087	1834	625	5395	4757	1911	817	2370	2234	3840	2541	246	2510	4627	2609	1799	1639	5315	2888	3350	491	3725	987	1132	5683	3765	5156	110	856	1700	3943	4085	2108	4788	4037	4090	5660	2327	2654	2975	2277	5795	3432	809	2582	5236	4509	4940	2565	3724	4368	3911	566	5625	5576	5068	2903	5997	4566	3278	2731	2918	2322	3304	1362	5121	831	1649	1499	6106	2151	118	5326	2354	2720	2973	729	1647	2443	5353	2126	4136	5451	5520	4738	3659	1857	4390
1323	1852	745	3893	2487	1463	4744	3535	3507	704	4803	3330	1242	1850	4204	4703	5538	1483	5892	1320	4022	562	2478	2910	4226	1958	490	486	4238	3599	1107	3315	4287	1185	5698	3691	2193	6009	4499	3454	3516	290	6049	3688	1427	5881	3646	6082	2018	5581	889	3863	436	5791	4288	4813	4853	4169	3716	2447	2592	5699	3552	2134	5150	2061	3193	1766	5261	4267	4902	5784	1818	2276	3891	2947	6004	2109	5436	489	5607	110	2144	2540	4733	602	1090	5885	3462	5357	997	1470	2151	6106	1923	5057	3735	3905	2224	4630	5024	853	4523	3782	631	2735	209	2827	4424	4864	4871
4582	5100	3661	2734	3388	2841	4804	5983	3357	1429	2329	3292	2403	110	4124	5049	284	4791	6076	1182	2723	3246	1886	4619	1014	5020	1849	5174	111	1568	4767	191	1338	453	2999	2404	3049	4706	1644	5209	1995	2184	2156	2410	1757	4313	1627	110	5486	1207	2948	2160	4258	4521	2762	4460	2297	4893	1749	710	341	639	6094	568	2228	285	2060	4476	1110	5863	3560	3666	477	4501	2434	5136	1974	4468	1093	1103	2750	4281	2677	4489	2086	2319	110	306	996	4836	3144	5210	118	1923	6106	5946	2736	2524	2006	2435	1314	4889	4353	1781	4395	1428	5547	4004	4666	3625	802
4909	4541	3499	5061	3926	6060	2439	2186	1956	917	3727	1530	127	5725	5867	5619	4069	129	2133	4028	3774	2444	1101	1924	3584	1084	3762	6097	2715	3606	3935	3945	1171	5420	3029	1229	5319	5566	509	1879	5296	2939	1245	517	627	1297	918	224	2044	4753	1840	441	5175	3201	3684	110	1773	1991	1089	110	1130	4005	5943	971	5425	3990	1310	1915	2972	1376	1883	2218	2034	1535	3523	637	110	133	5087	5232	2078	305	4939	3481	2005	1997	2324	740	1122	5977	1217	110	5326	5057	5946	6106	4257	2215	4783	4276	3928	2164	1869	1106	5487	4787	1509	561	1808	5291	460
1713	110	1756	624	5777	2745	5671	1358	2183	4830	3797	2166	5659	160	1878	1036	474	2520	5071	5368	538	6061	4817	2067	3398	2346	4917	578	6065	717	1825	413	2026	3998	5277	5231	2029	323	2100	2494	773	435	1335	5130	783	6057	4273	588	1704	946	2955	434	4923	819	714	2915	110	5688	4883	5410	5305	451	5745	3170	312	1965	3787	257	2085	4640	4568	1469	157	1828	4662	4399	3035	1321	1929	4922	6014	667	1862	6027	2437	263	5077	5197	2239	452	371	5374	2354	3735	2736	4257	6106	4731	1747	5428	1252	3285	4356	1885	2941	5111	1102	4593	1805	1070	3612
3964	5518	5577	3108	5306	3397	3275	1385	1813	5363	1555	2797	267	3214	2956	4571	1964	3045	5334	1151	5408	3377	5580	4009	4599	1957	4342	665	5542	1055	746	2602	2203	2895	5735	2201	3537	4698	4530	2491	1942	2995	4551	4197	5587	358	1873	2826	5974	5909	375	5718	5171	3750	4680	3722	110	2284	4304	1408	3358	2380	4820	2616	3293	4681	3562	5491	3356	1440	2549	4423	3512	2145	4709	4583	1061	2065	560	988	1491	1993	4691	1504	5854	3556	1043	3632	3011	869	3032	3028	2720	3905	2524	2215	4731	6106	2233	764	2264	1992	1784	4963	2860	2081	5834	5132	5432	5537	4798
2552	5947	3931	5046	2211	4651	1230	3834	1353	736	2567	1073	1526	2964	4643	5779	981	2692	1917	947	5930	2407	2281	5115	2670	4589	172	1895	5993	2572	5144	741	5810	564	2426	193	5767	241	3642	3697	5342	4249	3429	6081	6048	5229	1717	1906	2966	1662	1600	4572	1710	110	2303	3907	4561	1022	2114	3864	2504	6089	2831	1645	2339	3351	3894	726	4603	1648	1378	110	3228	5721	1682	3842	5897	3141	5176	3610	3489	3037	818	472	395	2428	4512	581	5444	3854	427	5800	2973	2224	2006	4783	1747	2233	6106	895	1750	1390	894	475	3824	137	4707	1534	3969	5344	4633
5359	3951	1621	2168	5513	300	1628	5069	3812	4506	5096	3215	5090	4277	1618	550	3828	834	3419	3229	3094	3732	4375	110	110	2432	2154	4761	349	5424	1788	1574	1341	2308	748	5908	4376	2485	2712	1877	3209	4618	3636	2733	2333	1479	1876	5205	5747	1712	757	5027	5653	2014	3771	939	5409	5060	871	2253	1011	4138	868	1160	1853	1589	3065	5954	3400	4483	3626	1557	1326	4610	2323	982	4113	5251	355	4336	1614	1932	2665	5999	4438	3899	4295	4479	5310	2848	3561	5394	729	4630	2435	4276	5428	764	895	6106	5829	4826	110	3105	4617	648	4072	4120	5620	5235	2041
3347	3479	5639	5588	398	4684	1030	3166	3422	110	994	4608	430	1605	612	1026	2686	5914	6024	4498	5067	5157	1194	2611	1522	965	1346	4322	295	1312	3653	3818	3403	4221	2196	3182	1962	3749	3027	635	3307	4626	3119	5043	1918	5578	1421	1733	2416	5219	5546	1144	4638	5890	1988	310	3656	4122	2800	2774	4181	5657	353	2573	4679	1615	5679	325	3628	5958	5059	3505	1608	2531	3427	5289	3968	4805	3586	5808	5758	1794	4236	3380	2053	5960	3665	851	5695	4762	5906	5299	1647	5024	1314	3928	1252	2264	1750	5829	6106	2159	3548	4576	3299	3423	506	4398	2421	1471	110
5822	1220	3981	5426	636	1158	6104	289	3868	5837	1548	1123	3850	1136	5685	3169	1268	5570	638	4816	5125	3960	5496	1833	5919	4782	3836	5497	1941	5207	2306	935	2818	5492	4017	720	5966	4669	5778	3332	3016	2015	633	1525	5208	755	1485	2195	2453	2307	2001	3240	2121	1147	3279	2585	2683	4546	5498	1183	2846	6068	5457	4462	5762	700	1355	598	4708	3570	1501	3736	110	2190	5804	264	1232	1324	2040	214	4251	4387	5838	3593	2643	2900	3670	4514	1096	4833	4296	1612	2443	853	4889	2164	3285	1992	1390	4826	2159	6106	3705	2770	4931	3391	4560	393	948	4612	4687
205	846	2102	5016	514	3216	3856	3092	2988	5279	1598	1948	3521	2433	603	2480	4695	2204	4724	3919	5527	3074	2198	5998	5663	3810	844	4311	1431	4361	3576	4189	223	2223	3525	4488	1597	2522	198	5624	5988	1254	3895	3250	1209	4285	4193	1920	3190	925	110	1212	2210	4772	4340	4298	5137	1198	4466	1057	2202	2755	2793	4389	5345	2871	5239	878	2913	4518	5308	4632	4002	5177	3870	3378	3944	5193	4775	3936	3184	5226	2553	5505	1796	5379	2484	3177	425	4565	2605	5257	5353	4523	4353	1869	4356	1784	894	110	3548	3705	6106	3630	4357	4776	280	2645	1009	3286	5002
1624	866	461	3191	3733	3075	3555	1311	1333	3838	1205	3508	903	1538	2199	969	4987	6052	4439	782	3829	376	4290	887	1506	1388	2544	4611	679	4178	1571	1315	792	315	5676	1258	1764	2301	3320	1069	3569	727	2814	3929	827	4473	4591	697	1467	4196	4859	2471	2349	2925	447	3448	5519	1897	2669	3437	4190	110	1078	1402	5668	750	1025	5917	5288	110	3695	3370	3039	5393	4200	3712	902	294	3375	587	3952	2212	3755	3729	4410	2310	1383	1632	5378	2427	2256	5241	2126	3782	1781	1106	1885	4963	475	3105	4576	2770	3630	6106	1841	3369	3987	1001	4058	1609	5460
628	468	4051	3811	557	656	400	1511	768	408	4396	1787	437	3954	4921	3953	168	4849	3975	2167	2063	4452	3102	3906	3764	1696	4956	4759	138	4745	3385	1867	4841	805	4199	1874	2047	4083	718	4508	5091	1821	5696	5936	1377	3155	5102	5656	110	6001	4858	309	3993	1201	769	3608	2010	2662	4015	2111	3648	2765	126	3867	403	4471	2944	4877	591	5386	3860	418	1679	1667	3875	228	1493	5805	3038	3086	3624	4807	3396	3466	1761	311	5127	4323	2492	1912	5680	3179	4136	631	4395	5487	2941	2860	3824	4617	3299	4931	4357	1841	6106	2498	3404	3763	2207	4018	1980
2033	5876	1767	2405	3930	3698	5284	1572	110	2847	5003	543	4930	1652	3947	4647	219	4020	5383	3502	6075	906	3664	958	3192	1080	5147	5651	3294	4507	1134	5038	1816	1414	1720	2271	6050	1722	2937	316	3756	4150	5381	807	125	1801	2358	3438	833	3041	1446	4332	1921	4014	4297	3582	5501	752	5600	2098	2680	2169	2235	3979	2646	1665	3076	1905	4800	5759	5123	4900	3310	2257	4140	4865	1512	4918	513	5935	5525	734	3322	3566	1347	4040	4976	4555	5628	5093	1633	3125	5451	2735	1428	4787	5111	2081	137	648	3423	3391	4776	3369	2498	6106	1602	4414	4948	3342	5275
4624	2779	2320	3306	3983	4860	806	2073	2373	1049	3472	1442	4609	6003	3823	842	5489	215	5266	2170	3702	110	3791	2384	5196	113	2095	2450	5078	3053	1126	370	5669	1786	5131	5548	5470	5373	1634	1354	1745	5559	4170	1540	1779	4639	2721	4095	3912	4308	732	5913	132	962	5507	110	3876	1164	1735	5939	3344	3973	4485	771	237	5348	901	4025	559	1519	772	4768	4231	2998	5921	1161	4371	4400	186	5875	1604	5200	4718	1337	3208	933	392	3581	110	4076	4492	4936	5520	209	5547	1509	1102	5834	4707	4072	506	4560	280	3987	3404	1602	6106	708	2647	649	4882
1798	4087	4411	2681	6032	5891	2965	2002	5343	3527	221	3793	1542	3421	3541	1359	6077	803	2342	3161	5051	5416	5793	793	600	2248	4892	1174	2829	5159	3872	1769	232	2012	110	5855	926	5517	5880	1046	369	5757	2898	4211	3222	2470	5292	2861	2448	5313	5048	1250	2272	5707	2515	3219	2350	229	1768	5195	4064	3686	4713	4915	1404	164	1527	3091	5701	1539	124	2980	2304	4283	2502	3645	4863	4243	1523	5406	6085	3477	1676	5883	2634	5361	4191	510	2855	2917	2457	599	4738	2827	4004	561	4593	5132	1534	4120	4398	393	2645	1001	3763	4414	708	6106	2483	3577	3855
3709	1236	110	1327	4180	3373	1192	3291	859	5665	589	4077	4126	110	281	5448	2885	2996	1495	3962	1950	3433	5446	1410	4983	279	3172	255	841	3959	2845	5154	2713	5063	2500	204	5950	4403	666	276	496	6010	5934	5213	4354	1792	202	3531	110	2551	2922	2581	5799	910	5143	3359	1576	1573	4412	1172	5101	2673	4146	5338	824	1674	5119	4063	516	2791	5240	4052	3778	4176	1316	5203	546	1800	2365	404	1445	950	4225	2138	2070	457	2409	1196	2934	2812	5085	3730	3659	4424	4666	1808	1805	5432	3969	5620	2421	948	1009	4058	2207	4948	2647	2483	6106	1017	1363
5094	2411	2652	1967	455	3036	3017	2381	2418	148	110	1050	5481	4239	5606	4053	668	343	5191	1940	153	2331	2182	4128	4184	5710	4467	3963	1987	2982	416	3991	4929	3759	320	4409	1731	4256	1560	3243	992	3545	701	4436	3312	3816	2137	1599	630	794	1795	1170	433	5631	4198	5661	880	2810	4513	1983	6062	548	2689	1350	4526	951	1259	3186	5376	5160	4832	6021	1148	5329	1188	4339	2945	188	4536	1309	4688	3189	4938	5613	2929	110	4070	2513	1241	4195	3866	6029	1857	4864	3625	5291	1070	5537	5344	5235	1471	4612	3286	1609	4018	3342	649	3577	1017	6106	2064
6025	110	3383	2074	1558	837	1031	4144	5028	765	4044	3163	1076	4478	4550	4656	4544	5352	4019	332	3151	3251	3858	555	2569	110	1317	5317	1520	4991	110	572	4522	3148	567	5543	652	5015	2809	5818	5904	4293	2052	4307	1173	4098	247	112	3426	5488	3042	2884	5081	4623	784	2445	5506	1234	3752	4464	6033	1514	2429	660	5098	674	5084	786	2563	1882	618	4515	5781	4456	1008	3483	787	4802	1332	1302	3325	6043	657	131	303	1295	2906	420	5524	5238	4614	366	4390	4871	802	460	3612	4798	4633	2041	110	4687	5002	5460	1980	5275	4882	3855	1363	2064	6106
