7261	1247	1906	7135	120	6106	1383	4803	5086	3259	7136	410	2795	5879	1803	947	5165	6577	1555	3550	2754	4231	1883	4714	1935	738	4672	6537	2674	2247	4087	4730	4644	7174	5943	5649	2429	3418	1361	206	566	7144	2019	7207	3612	6646	3625	5641	3446	2005	5264	5110	4026	3546	1019	5129	6211	5762	587	6729	4286	2393	4237	6645	2191	5619	3803	5764	3361	4259	2919	2143	7038	6522	5523	6721	606	3987	3499	1510	2760	314	5821	888	3948	1674	6283	4223	6104	2523	5685	3561	5010	214	3854	4614	3654	3790	965	1067	284	5897	6603	6668	3485	6271	5043	1311	6681	1099	1185	120	6783	246	3478	1293	4197	610	6819	812	4072
1247	7261	2145	557	3839	774	2482	1843	6255	3209	4140	1769	2614	572	4934	390	4862	3557	1180	2577	5777	801	645	6689	5726	3128	4208	5005	6857	120	5656	714	147	5154	3014	1206	2462	4970	5585	6594	1422	3117	3171	2731	4344	4716	4512	6285	502	4354	1748	6810	1909	6555	7171	1973	3344	5343	2970	3455	4527	5521	1337	1868	2204	3704	5347	535	6834	814	4112	6347	4092	5962	6951	4789	2368	756	259	4851	5847	1419	906	3496	1582	5039	3501	6192	6151	6167	6993	4744	5525	6808	2589	5682	4619	6945	4517	5215	6133	3936	6444	5938	6323	2675	3424	2200	1399	3377	5589	5368	5785	967	4446	1256	3182	364	4325	205	120
1906	2145	7261	5926	6280	4588	4175	3926	3114	3045	2529	3914	2388	1123	1237	2369	4141	5394	4058	371	329	1413	5652	5237	5342	2771	4917	1591	4321	1681	3257	120	5120	2807	863	2980	6979	1856	4129	1454	6023	4676	2660	6701	5144	430	4992	1161	4832	195	5073	3686	6613	652	3923	612	3621	4143	5163	4179	4299	4163	3965	7023	366	4172	7052	1538	3907	1941	1181	6088	869	2188	1548	2107	227	1629	1900	6531	5172	853	1584	386	4578	467	2716	4863	2020	4221	6019	2307	5757	5057	3044	6089	4337	5052	1707	4785	6434	5311	2258	5778	3511	4844	2119	4468	3136	4858	605	7152	1138	262	711	1275	2206	4503	6028	4817	5571
7135	557	5926	7261	6611	4562	2531	5690	2856	341	3239	6663	5913	5195	1632	3556	5923	4152	2425	1862	2584	1315	5781	4348	3924	5375	6709	2162	4966	773	3532	4663	5017	4670	1226	685	4604	2755	6501	3154	4874	6037	3761	2514	5825	1186	6499	5066	4718	4864	6559	5972	2966	995	1013	2843	4367	5309	4933	3253	5181	562	3518	7224	4935	1601	3130	1635	1845	2264	3389	255	1766	485	374	1148	6437	3555	5352	4470	4822	4937	3167	6332	3776	708	4962	6132	5169	2472	6335	4028	1079	1822	2374	5711	5000	3683	6187	973	1036	5372	2831	2411	6425	1496	1600	1430	6686	6440	5281	4720	120	3278	1952	693	6860	1350	3473	6418	1068
120	3839	6280	6611	7261	1379	5355	1540	6978	4219	3276	4529	1852	2102	2557	1810	4563	2607	4715	1596	5954	5467	6180	3671	1278	4597	997	2822	3092	934	2267	2723	5399	3606	4201	3627	3016	1364	2050	4930	583	4486	6982	2568	6014	790	376	5515	1214	653	6204	3564	2772	993	4039	1519	1274	2937	3571	2238	6058	5853	3598	2386	571	4579	2014	1342	908	1535	6585	4552	5362	1791	3190	411	4831	120	553	1254	263	4786	6932	5116	7026	4643	5320	3748	7157	5443	4020	4415	6569	2093	6413	1660	6650	1335	7240	2023	6755	1572	5313	7130	484	221	4950	2131	2163	5952	4314	7165	4226	1778	3463	6007	5425	1433	5903	120	3519
6106	774	4588	4562	1379	7261	1224	1471	1074	5276	4545	3859	1183	3358	6291	815	5203	2384	3041	4489	5046	3274	560	5207	3191	1798	1480	1370	3452	1901	1164	1867	1936	6725	421	1241	5632	2635	5330	4684	6870	3390	1259	6123	1258	203	6433	5168	307	983	3280	3498	5126	4290	6661	4455	2922	5190	6867	4784	1899	4309	6823	6412	120	3913	3536	3525	5118	2087	1655	3083	7046	1288	5095	4013	459	3825	6550	290	904	6943	6232	4465	3492	1386	2221	5563	3745	5830	500	2744	1272	4360	2418	4301	5283	4214	5054	1478	1817	770	2376	2433	5999	4193	5617	184	956	5349	5878	1232	4539	6675	5428	2848	2799	5474	3570	6388	2301
1383	2482	4175	2531	5355	1224	7261	159	550	2854	5490	6920	2043	4324	5023	3322	2797	1576	3076	859	3763	5755	5229	4656	4122	2362	399	6660	6883	6062	4196	3510	578	3892	2867	120	754	2644	3062	3466	1898	5417	1897	3684	6182	941	5103	1406	866	6722	7111	2893	6656	5354	622	4148	6802	2132	4053	4379	3365	5300	5464	5351	6615	7129	4767	7077	1637	3345	5829	2773	3619	3057	1474	6894	3213	4728	4046	120	6469	1065	5873	5663	6059	4282	1517	5275	3600	3060	6888	4477	6906	840	4939	1494	2036	4971	2898	7139	4036	4710	4977	6987	849	740	4838	2906	2646	6820	6184	2504	3970	6472	6630	3508	4199	1656	2233	4572	964
4803	1843	3926	5690	1540	1471	159	7261	6340	4409	862	4303	7067	3388	120	850	5363	6743	3713	4453	2798	2662	7176	1666	3458	6307	6516	6814	5609	2722	3372	3187	2065	688	835	2249	1752	4708	6930	4427	3034	793	239	4752	1986	6523	444	5971	1553	7193	6432	6178	4526	3662	144	4544	5083	2895	1896	4438	3581	7004	6769	3412	1179	598	4599	393	2029	4006	3145	1052	5875	4555	3824	2494	957	6832	3797	5194	6572	2645	4550	4012	2908	5836	4038	7258	3734	6958	2081	4538	5510	1144	3282	287	2104	1393	2144	2581	722	3151	4265	278	3261	6654	5734	5814	1398	5316	4963	5937	362	6074	2220	6619	5197	6763	7230	5687	4628
5086	6255	3114	2856	6978	1074	550	6340	7261	5003	5001	5989	5374	2696	1103	3579	1724	4123	3053	236	5478	2868	3486	3741	5173	295	6512	5537	6497	4724	187	3533	5294	488	1391	6165	6199	5472	2061	3882	4781	2497	3534	1178	3653	4168	120	4033	1762	718	5901	2170	3881	129	425	2935	3591	3440	3898	2461	581	2325	3119	1984	345	6496	5532	5161	4955	3577	2505	6829	3950	4482	5185	120	396	5244	140	827	2430	3977	1650	6636	1832	6093	1551	787	5045	4406	4315	3819	6299	6047	7146	6874	3828	2528	960	233	298	7212	6662	6450	331	7220	6830	1268	1037	4834	672	5944	7065	2656	2431	2683	505	5460	5402	2762	3351
3259	3209	3045	341	4219	5276	2854	4409	5003	7261	3951	2735	4063	1114	750	6890	4816	7238	4920	1248	3258	1251	5140	5763	120	2899	3012	3109	6567	5266	603	1490	4399	4802	5153	6405	3483	3784	4137	5025	2363	4242	2810	2252	2069	2428	901	513	1416	6809	2314	4606	3404	2232	5869	2045	2280	640	3552	2174	4725	6349	1834	7140	3110	2353	5674	6001	609	2967	3460	4621	480	3168	1168	3267	5012	5324	6070	6612	6097	5367	5296	5705	3150	1261	5741	851	4131	2618	5147	3048	797	6087	3230	4564	2677	1466	2434	452	6424	3758	1187	327	3401	5862	3100	2817	4308	4241	5293	1971	7092	4448	5015	1240	3737	4561	7134	6277	5356
7136	4140	2529	3239	3276	4545	5490	862	5001	3951	7261	1300	617	534	4150	2171	178	3640	3939	7132	6859	1008	5028	5322	2961	6171	7218	2633	4981	2530	6633	1574	3677	3736	5535	1531	2304	1514	3173	5596	6614	6684	3166	3689	3865	586	1392	3242	6430	3050	2387	6490	5975	5014	3218	4228	3206	6905	4611	7099	4449	7180	3420	3766	7177	7259	4973	1287	3527	313	3946	6103	5804	637	2594	4661	3112	1174	2115	5106	821	6855	5981	1396	6658	2862	1763	5623	1729	5511	447	451	3071	2027	5578	3545	4778	5818	3439	1560	1412	4157	5182	1316	3122	3516	5411	1985	5445	6052	6124	5832	120	5392	2793	7124	5699	987	4615	1965	4773
410	1769	3914	6663	4529	3859	6920	4303	5989	2735	1300	7261	6136	4537	6195	2049	3641	981	548	2750	1290	2458	6692	4559	673	1358	654	3863	3917	2453	6095	2262	2527	5340	2159	3427	5822	120	893	3593	5754	5274	1669	694	3321	2959	4788	2270	3284	1204	7044	4138	4763	2475	2800	6903	1844	2791	1735	6901	3441	3589	6473	6224	2763	6565	4149	5516	4382	4510	2878	4707	5243	2017	1570	442	4680	5377	2183	6248	5574	6122	5841	6147	844	1675	492	1624	3089	4916	198	5317	343	1142	5305	2556	1777	166	4326	3949	5269	7043	5076	6602	915	243	3840	6610	7079	2870	6607	363	2758	1338	1320	5323	4130	302	2210	2161	1228
2795	2614	2388	5913	1852	1183	2043	7067	5374	4063	617	6136	7261	2040	910	6213	5520	2853	276	3952	3873	3618	5249	299	2044	4814	5967	3630	2828	1366	120	7021	4795	6884	6483	3175	848	772	6718	2499	1921	6153	508	1842	4790	3744	3038	1573	2416	1319	3411	4442	6886	1363	3079	2685	5798	3036	4240	4549	543	7149	120	1312	5339	2513	520	5982	3387	1048	4110	1025	5988	948	3792	6390	5704	3312	7204	6928	1354	7034	1670	2940	6597	4125	3945	1135	5292	5156	5713	2783	1550	5151	5376	352	3436	6988	1298	3043	1652	6242	2478	6474	283	443	3551	2224	5482	6208	5744	4513	1139	4281	2818	5549	3938	2718	1073	1679	3832
5879	572	1123	5195	2102	3358	4324	3388	2696	1114	534	4537	2040	7261	2997	2910	4436	5582	699	120	1977	2015	1668	7222	641	7131	4043	3347	188	891	820	3073	1189	6578	3538	5968	4742	4277	6214	1359	1030	2071	3959	3133	564	4573	1908	4686	120	5614	5251	544	1346	2383	5639	2638	822	4542	1969	3664	7253	6303	7101	6745	4256	6798	6174	678	3980	6313	7073	2933	420	2254	5708	6765	4205	5683	1106	1455	3860	4075	4777	2719	3730	4433	1554	3849	7051	1686	2613	3900	3592	6815	1253	1691	5345	2710	128	4331	3805	1075	5442	4132	1162	120	5051	2011	651	2687	3125	1702	6134	4451	2651	2963	3203	4454	3088	3785	4117
1803	4934	1237	1632	2557	6291	5023	120	1103	750	4150	6195	910	2997	7261	3298	1321	4245	1875	4827	120	5239	6179	7209	2095	4437	2078	4796	1745	6092	4830	490	6159	2532	2312	5610	497	4655	3544	4144	4107	1731	567	1175	3895	3723	1197	1717	5448	4106	2075	499	4252	6552	2473	167	6258	6409	3246	3717	3688	667	1061	1942	3596	1477	4590	4723	2551	4001	717	123	6486	5261	2235	861	6185	2616	120	3513	4592	2226	3189	1267	1485	2746	5329	1327	6589	3002	6370	120	3984	4378	7202	168	782	4554	5336	5201	748	5513	7068	4419	4799	3135	4346	2052	2545	3335	725	3417	766	5837	2337	928	1841	6726	2512	6771	3395
947	390	2369	3556	1810	815	3322	850	3579	6890	2171	2049	6213	2910	3298	7261	5255	2554	212	1304	5909	3223	4276	1522	1331	4727	687	2347	5353	6334	974	757	5308	7248	3451	1958	7164	795	2857	4949	5611	7081	3343	2276	3833	6049	6048	5917	4044	4584	526	2364	3693	5097	3450	6420	1606	326	990	1733	2327	3961	5772	7246	1577	5688	4766	272	2938	7221	6289	120	6148	6141	743	6144	5697	3979	1090	2251	6387	1351	5078	5512	6243	3765	6002	2025	1039	3020	5020	5435	716	228	4353	7188	5526	2597	126	1211	156	1476	3584	6423	3011	1070	2956	4870	5437	3772	4873	4677	2423	2664	120	4435	2846	6226	1879	3146	2958
5165	4862	4141	5923	4563	5203	2797	5363	1724	4816	178	3641	5520	4436	1321	5255	7261	4613	3364	867	5214	1571	1644	6459	5092	989	4915	4090	1452	192	6265	6445	7161	1565	1322	968	608	6605	4200	580	6667	3566	7175	2555	7241	1160	3124	6308	1722	3295	2603	2508	1255	1945	370	1794	7189	517	3311	2113	4452	1021	3006	7179	2365	5258	3554	5902	7162	5148	2471	120	2982	2202	6161	3707	2648	5166	1235	4066	886	3294	6878	5387	2129	4008	6101	3829	1108	2978	662	6967	2218	2541	3430	415	4698	5575	3350	4032	7025	5152	786	3725	4972	7244	3739	7037	3185	120	215	191	6574	7118	6462	5959	1389	1292	1878	1411	2127
6577	3557	5394	4152	2607	2384	1576	6743	4123	7238	3640	981	2853	5582	4245	2554	4613	7261	6254	5942	5898	1552	2105	2409	120	3385	2901	4667	5390	1658	6581	4749	6011	6536	4456	4983	5547	5676	342	1341	171	2803	2192	2219	3791	7016	4558	6046	5856	4124	2091	1807	6877	127	6238	2924	2266	3363	6261	739	3204	806	3505	1371	160	501	7010	2222	1790	120	1415	4447	5091	3339	6354	604	661	211	3687	2133	1612	4369	4113	2225	860	6624	3703	5100	5536	1012	4272	5884	5787	3944	357	3378	4586	3482	7199	5465	5564	7156	3070	6915	4634	1792	6922	4351	1954	3419	6740	416	5149	4244	1314	838	6177	555	4490	2652	5807
1555	1180	4058	2425	4715	3041	3076	3713	3053	4920	3939	548	276	699	1875	212	3364	6254	7261	1919	6150	4652	2285	6504	4979	6933	4780	1468	4637	3982	5079	3953	1579	3885	1880	2354	6766	5419	4034	339	2842	4703	351	5476	6391	3794	1801	5112	1410	1532	3184	5576	4420	6839	1404	3283	1427	235	1434	5786	120	1672	830	6282	2097	2778	4097	2345	3986	3531	1683	120	3760	6317	5499	2567	3033	1525	2269	2657	3521	4565	4247	5175	6060	280	5795	6797	3072	547	2787	2779	2944	2515	6024	165	2640	2575	120	1171	3539	1289	5538	392	2647	5648	780	7232	1076	569	6371	896	1279	6295	4525	6279	521	5331	6866	3074	2000
3550	2577	371	1862	1596	4489	859	4453	236	1248	7132	2750	3952	120	4827	1304	867	5942	1919	7261	4478	4984	7205	6879	5933	3811	5800	2328	5860	5477	380	120	3409	242	976	3481	6659	6696	3992	5423	2852	5883	5127	6219	1770	6547	4257	1784	2137	6362	4015	4291	4960	2712	6848	5230	5671	6587	4748	2054	3055	3115	5128	481	405	213	6367	2879	5565	7082	7172	152	1049	4434	5657	4094	4269	2752	5133	4855	5436	3583	2519	3605	3673	3366	2812	5779	5457	7173	1062	730	4052	180	7035	2781	1282	120	6827	4516	1730	5840	1397	6415	4084	1940	1101	1491	1462	6799	6035	4625	6873	2063	686	4610	4334	2295	3990	6138	3005
2754	5777	329	2584	5954	5046	3763	2798	5478	3258	6859	1290	3873	1977	120	5909	5214	5898	6150	4478	7261	2101	6833	1191	3526	7098	5620	3726	5304	1231	5530	1216	5405	5939	954	4212	4857	217	3995	2636	5808	7007	4260	120	6911	125	2920	6703	2859	706	3004	1194	4194	3954	174	6627	4253	1918	6784	5357	5221	3037	5570	3783	6976	2198	2008	836	3301	3906	939	6331	4824	1200	5263	4700	2196	3304	2911	6250	3251	2776	3235	3098	3697	1129	6375	6460	6759	1229	4393	7228	5047	1895	885	2010	2032	3880	5176	2421	1495	1446	792	3585	5033	120	936	551	6120	6217	595	1529	697	1210	6861	2112	1734	6869	2732	2522	2759
4231	801	1413	1315	5467	3274	5755	2662	2868	1251	1008	2458	3618	2015	5239	3223	1571	1552	4652	4984	2101	7261	120	1621	1302	6264	3764	1894	873	1884	1239	5629	2477	4402	5506	570	3106	5134	2968	1209	3862	2678	3425	4601	695	6025	1599	6336	747	5647	5504	2936	2625	3421	1518	3056	3542	6620	818	1617	3382	6994	889	1863	4195	6864	6554	5449	130	6529	6235	3964	4547	5753	1112	1155	4049	937	5314	5749	5009	2118	6570	2706	4531	5337	3711	5167	1088	347	3569	5569	4005	3225	2498	4424	5740	3479	4002	2336	723	194	3795	5865	690	4732	2142	6301	6207	5579	5667	5302	2689	150	1133	6707	1439	5809	2448	2291	6635
1883	645	5652	5781	6180	560	5229	7176	3486	5140	5028	6692	5249	1668	6179	4276	1644	2105	2285	7205	6833	120	7261	6220	5075	2844	3648	4697	5049	2096	1828	2100	4114	3796	4952	4187	2743	3059	2068	1461	3649	6887	5036	1710	3244	4622	6090	2060	2569	5568	808	5196	4292	316	3384	6164	6324	2399	361	847	1023	788	4850	2257	3768	5157	1523	5205	5774	3262	1083	4246	2292	3327	120	658	2302	4982	789	1000	6436	5990	5859	2713	5179	5871	5174	5096	1207	6017	7102	1472	2080	3337	2442	1426	2872	3333	4263	5206	2780	3615	3245	6862	1989	4501	7215	4156	455	6841	1313	120	1157	4691	1541	1967	5686	7170	6455	6592	4829
4714	6689	5237	4348	3671	5207	4656	1666	3741	5763	5322	4559	299	7222	7209	1522	6459	2409	6504	6879	1191	1621	6220	7261	1699	671	476	3975	958	1020	1960	6256	811	6447	2122	3738	3303	1773	6736	2194	6742	4750	3675	1805	5627	4283	6744	6543	3991	7235	120	2120	3809	3197	5827	1381	2995	6327	6466	4729	3142	4936	1811	4906	3065	1839	1978	426	1203	4505	3782	6779	4954	4843	189	5492	1642	7050	1959	6341	538	3288	6735	3091	3490	1297	2946	5868	5440	6872	6273	4626	1837	250	5618	1630	1409	4170	2317	7151	5240	1005	2897	5483	3789	2493	6786	6471	1623	5471	5400	925	6821	6142	6186	2187	2229	5077	3666	5911	4925
1935	5726	5342	3924	1278	3191	4122	3458	5173	120	2961	673	2044	641	2095	1331	5092	120	4979	5933	3526	1302	5075	1699	7261	5522	5600	1957	591	4902	2549	4466	3575	2380	7256	4430	1804	4480	2139	2518	668	1140	5669	817	1459	4077	3798	899	1813	3770	4391	5350	5724	6715	1504	1208	5863	5188	4872	2703	4574	6732	120	3022	746	5664	2290	2835	6900	6495	1771	4534	6965	2588	1084	5416	4900	5973	5554	4413	334	2150	6710	5184	4594	2590	1196	3147	4483	2006	3292	6508	2282	6756	2877	6622	6458	7223	2784	3096	1493	2902	7147	1812	4082	120	1567	5315	3148	5672	2466	1374	2984	6000	7062	120	1616	1569	1387	4115	4362
738	3128	2771	5375	4597	1798	2362	6307	295	2899	6171	1358	4814	7131	4437	4727	989	3385	6933	3811	7098	6264	2844	671	5522	7261	5117	6162	1975	5412	1325	3901	6914	5675	6094	2231	2503	5621	895	4867	3535	6194	2268	1003	4119	3650	120	5918	3830	2315	6426	7100	5029	6079	5136	1885	281	5466	4485	3494	5491	6128	4997	5332	3001	6896	3263	5371	2741	4085	843	6030	6934	2749	4912	5920	4881	3437	1972	449	301	3502	6974	6188	6989	2524	5602	6350	940	1064	2241	542	3590	5420	6938	286	6040	6800	5769	148	894	2398	2849	4497	7027	6360	6568	7254	6538	4894	6957	5833	6364	172	3293	1484	1728	7120	3380	5949	1352
4672	4208	4917	6709	997	1480	399	6516	6512	3012	7218	654	5967	4043	2078	687	4915	2901	4780	5800	5620	3764	3648	476	5600	5117	7261	5912	5965	4596	929	6634	4355	6792	120	6041	5919	2372	1761	963	4404	6191	2114	2809	5644	1800	2185	5379	6345	5454	7040	1727	5794	4651	4262	2702	3270	4779	134	6304	3348	120	1779	3920	921	6357	2955	3229	1017	4495	7122	4956	2216	413	1913	5433	1853	1082	5543	4856	3453	4528	5291	1077	2215	2622	3669	5259	3183	3140	2089	5429	5366	120	3850	855	1953	1886	705	1950	5380	7160	2367	1053	3422	4333	5301	2801	1150	4804	4951	4845	3743	6010	680	6234	4297	3051	1840	2578	3219
6537	5005	1591	2162	2822	1370	6660	6814	5537	3109	2633	3863	3630	3347	4796	2347	4090	4667	1468	2328	3726	1894	4697	3975	1957	6162	5912	7261	864	1939	383	1420	4403	6777	2338	6804	3808	6898	6918	5874	3442	731	902	4135	5395	5731	945	6470	4017	4306	1488	5888	349	1055	6858	3918	4826	6244	639	3099	2926	4288	493	5747	2136	5544	1502	4311	2500	7217	3287	6708	3558	471	1221	3080	1706	1949	6719	5743	1105	4472	2945	1457	4266	120	3512	6899	7110	5736	779	3018	4635	1432	5646	424	3432	2486	2562	3602	2617	1265	6942	1756	1428	2028	4318	2359	1360	5254	6927	4464	6206	4570	5631	5306	2385	4959	3894	3474	2396
2674	6857	4321	4966	3092	3452	6883	5609	6497	6567	4981	3917	2828	188	1745	5353	1452	5390	4637	5860	5304	873	5049	958	591	1975	5965	864	7261	356	5659	2821	2067	2572	2016	5843	2446	292	4693	6590	5976	3491	4911	1441	5505	7112	5089	4178	3560	5721	1755	5050	4302	7249	4167	3663	7083	5651	2533	4364	5210	5679	6475	7158	6175	4907	2109	6038	3958	3443	3751	2804	120	826	5770	4666	6835	4689	7002	6697	5058	3024	4774	5992	760	2517	6296	6889	5231	4806	1533	4839	5728	6237	5831	825	2991	1136	6057	3643	4694	6351	2300	3968	6931	1380	3181	6378	3661	6778	607	1590	2437	2465	4429	2154	6293	120	4678	4304	3799
2247	120	1681	773	934	1901	6062	2722	4724	5266	2530	2453	1366	891	6092	6334	192	1658	3982	5477	1231	1884	2096	1020	4902	5412	4596	1939	356	7261	1060	684	2435	2255	1040	4347	1330	6236	7190	3199	5718	3007	3144	2559	1603	6754	4298	2083	6143	6310	6694	2688	5661	3305	2277	3391	3814	1528	5061	509	2558	2195	978	5171	511	2152	4395	3658	6223	5961	1705	6521	7022	1933	7012	599	183	4270	1163	5527	482	4695	584	3470	5088	5021	7059	2274	5186	1339	1830	1001	5758	4913	1543	6695	2326	5601	2904	4709	7255	5813	4648	5192	5748	5882	5590	6170	7148	6302	4417	728	5893	3943	2485	7119	3562	4126	3297	1961	3035
4087	5656	3257	3532	2267	1164	4196	3372	187	603	6633	6095	120	820	4830	974	6265	6581	5079	380	5530	1239	1828	1960	2549	1325	929	383	5659	1060	7261	2680	5854	5716	2166	6127	1627	4479	5325	5334	2838	5099	1401	5408	565	1646	4985	3712	3981	5406	1032	2459	4685	6952	6891	7242	2774	1219	4580	6731	5948	3523	6871	6267	4014	2721	6416	3162	2484	5312	1860	4432	3864	3447	1546	5729	5208	982	6513	4142	6737	5613	6012	173	4261	763	6270	6081	3159	3210	3721	626	387	5742	5905	5084	4853	2981	3724	7233	1440	2298	5715	6290	4664	541	6937	1353	6716	6216	4540	2331	5027	3269	5567	5369	2444	1111	3237	6259	7206
4730	714	120	4663	2723	1867	3510	3187	3533	1490	1574	2262	7021	3073	490	757	6445	4749	3953	120	1216	5629	2100	6256	4466	3901	6634	1420	2821	684	2680	7261	665	986	3477	6027	1127	3957	3793	3754	7086	3969	5022	4961	2501	384	1271	1593	503	3727	1628	2404	6078	6099	6200	1530	3767	2272	1610	600	1721	5388	5225	222	2349	2169	1236	7123	120	3838	3515	220	3030	1418	5793	1608	1785	7159	5978	6372	5202	3186	5280	6227	6064	3806	3040	2189	5248	247	1018	3029	5914	1043	6137	5090	3647	389	1170	3909	6272	1732	1004	3355	3614	2767	5461	5738	2701	2419	887	4285	2289	120	5059	3434	3609	5277	702	2335	6606
4644	147	5120	5017	5399	1936	578	2065	5294	4399	3677	2527	4795	1189	6159	5308	7161	6011	1579	3409	5405	2477	4114	811	3575	6914	4355	4403	2067	2435	5854	665	7261	4166	1095	5766	2407	4671	540	4191	1688	4385	2009	6596	832	2088	6305	3367	1011	1671	6795	1056	7017	6643	4649	2641	5500	1192	4365	3315	961	2263	6541	5668	4990	2591	2534	3331	1332	2587	3507	4173	559	5528	6467	120	372	6591	1746	3238	5121	4865	1846	4068	6398	7061	2507	620	3769	857	5745	1222	2283	629	7229	3919	5819	3354	3061	5561	1266	972	1534	5398	6026	4251	1340	642	6828	7106	4932	4521	1125	3690	5468	277	5636	3915	2707	6288	6427
7174	5154	2807	4670	3606	6725	3892	688	488	4802	3736	5340	6884	6578	2532	7248	1565	6536	3885	242	5939	4402	3796	6447	2380	5675	6792	6777	2572	2255	5716	986	4166	7261	3604	5424	3087	6539	4941	3249	6917	6560	2243	3841	5562	1006	909	2890	3399	3831	2782	574	4583	5846	5583	354	4736	3402	3729	5792	7108	878	813	120	3226	4492	5761	3586	6435	633	7197	1719	874	3890	1296	2445	3928	3381	6544	3176	4995	1450	6239	6640	6673	6720	3272	5509	4893	4057	5835	2341	6117	2184	7020	2929	1445	4476	3132	4868	5555	2259	1850	5997	6328	2777	3462	2875	5234	689	6598	4268	4837	1245	4224	2211	3487	3149	3942	6902	454
5943	3014	863	1226	4201	421	2867	835	1391	5153	5535	2159	6483	3538	2312	3451	1322	4456	1880	976	954	5506	4952	2122	7256	6094	120	2338	2016	1040	2166	3477	1095	3604	7261	4876	6997	3448	7237	5759	1458	1242	6575	1645	3921	3414	3529	4023	6551	4566	2332	525	5113	5303	5256	3410	3747	3374	3423	1979	3082	6542	1836	2612	391	5673	539	3988	7058	5710	2973	4380	4185	2649	4176	6892	5041	5991	2511	1515	1723	3804	2623	4820	1833	3994	5486	6107	4284	6021	4957	2691	3638	1286	1512	2278	2147	799	5964	4174	3120	2858	1657	5493	751	6714	1132	3853	4096	7018	2734	1854	3260	1667	5299	4825	6102	5463	7080	1104	2439
5649	1206	2980	685	3627	1241	120	2249	6165	6405	1531	3427	3175	5968	5610	1958	968	4983	2354	3481	4212	570	4187	3738	4430	2231	6041	6804	5843	4347	6127	6027	5766	5424	4876	7261	5694	5719	3866	6039	3757	3299	3105	7031	736	3009	771	7090	1086	3916	2632	5782	1223	3902	1963	7153	4519	2422	2058	5720	1085	5584	3771	6126	573	2351	1625	2847	4673	120	2686	621	1562	6116	2953	4883	3878	3930	2770	6781	4401	6842	1549	7072	2604	258	4120	4069	5714	4807	2823	3138	120	1654	6992	1786	5848	6394	5456	3192	2539	5892	5458	6125	465	4054	5070	1626	2106	3821	1483	4928	3962	2766	2452	4976	3504	223	2550	5806	209
2429	2462	6979	4604	3016	5632	754	1752	6199	3483	2304	5822	848	4742	497	7164	608	5547	6766	6659	4857	3106	2743	3303	1804	2503	5919	3808	2446	1330	1627	1127	2407	3087	6997	5694	7261	261	6032	136	4093	2432	3886	367	5470	3308	6747	5895	2602	2811	2022	3497	2024	4553	5384	483	4111	1447	4978	1276	6190	871	6510	727	161	304	3755	434	1751	2891	3010	1684	4386	943	2403	2916	2726	4109	5692	3131	120	2574	3857	2378	1742	4940	377	2350	949	3701	440	4169	2310	475	1260	2886	6176	6562	6909	3215	4629	4953	2965	5389	6233	4440	6851	3603	3667	1497	120	6996	3710	1134	4029	6852	6312	5418	1640	3836	5271
3418	4970	1856	2755	1364	2635	2644	4708	5472	3784	1514	120	772	4277	4655	795	6605	5676	5419	6696	217	5134	3059	1773	4480	5621	2372	6898	292	6236	4479	3957	4671	6539	3448	5719	261	7261	1395	3691	1252	4329	7049	3607	3139	4699	6045	2390	2727	6230	2737	2988	4640	2064	4171	4091	4593	2861	7243	5335	2927	5689	2564	758	1482	6527	1113	950	3636	546	3897	6493	4388	6533	4662	5816	153	4927	5401	4810	120	4088	1634	6155	2560	6939	6374	7117	330	1568	745	1429	6140	1403	794	6321	429	4991	1092	196	3052	2329	6727	2456	4062	3472	4116	800	5502	3774	498	406	1981	6507	2375	6757	2479	5122	6337	2538	3578
1361	5585	4129	6501	2050	5330	3062	6930	2061	4137	3173	893	6718	6214	3544	2857	4200	342	4034	3992	3995	2968	2068	6736	2139	895	1761	6918	4693	7190	5325	3793	540	4941	7237	3866	6032	1395	7261	2794	4229	1063	1045	2730	6480	7181	2275	6700	4024	120	2460	917	3851	828	4414	7166	2836	3236	1215	3320	4910	4647	1595	1193	996	336	4207	819	4070	2323	1693	4443	3682	6034	2563	707	7000	4273	1915	7137	5453	2775	5426	2994	1976	2948	624	4994	6468	6163	6404	1764	6431	1324	5810	120	7201	2487	3174	2668	3461	4159	4575	2724	6971	7045	4086	4230	4356	4134	182	3613	2361	1956	6020	6950	623	1509	5204	1520	2704
206	6594	1454	3154	4930	4684	3466	4427	3882	5025	5596	3593	2499	1359	4144	4949	580	1341	339	5423	2636	1209	1461	2194	2518	4867	963	5874	6590	3199	5334	3754	4191	3249	5759	6039	136	3691	2794	7261	1725	703	2880	3660	120	2357	6071	6326	3095	601	181	5624	7125	2813	2708	720	7216	3967	5479	6453	4733	3093	1740	4035	120	5605	845	4016	5963	6428	4942	3874	1344	2866	4405	4616	1262	2190	3476	6854	752	5625	120	3875	5703	7029	877	7192	375	6776	2998	6947	1904	5791	5213	5828	1375	1847	3266	4249	6706	5739	245	5481	1536	2850	3480	6677	5928	3457	630	318	2406	4018	3028	742	518	193	2720	2667	324
566	1422	6023	4874	583	6870	1898	3034	4781	2363	6614	5754	1921	1030	4107	5611	6667	171	2842	2852	5808	3862	3649	6742	668	3535	4404	3442	5976	5718	2838	7086	1688	6917	1458	3757	4093	1252	4229	1725	7261	5817	4632	4731	5960	6653	5955	234	1848	1931	5801	3336	3576	1506	6723	1201	6154	5953	2004	5872	5480	4665	2840	5886	4569	3126	4642	1329	5048	4010	3039	4967	6772	7236	1580	798	2790	6685	6108	5055	4289	6625	1818	3563	6846	4535	3426	120	6582	3291	2355	6361	2845	659	2751	6638	4690	6210	2544	1378	1334	3611	4165	496	1929	5812	359	655	1137	3392	4407	2700	4745	120	2536	1964	837	4989	3207	7260	741
7144	3117	4676	6037	4486	3390	5417	793	2497	4242	6684	5274	6153	2071	1731	7081	3566	2803	4703	5883	7007	2678	6887	4750	1140	6194	6191	731	3491	3007	5099	3969	4385	6560	1242	3299	2432	4329	1063	703	5817	7261	6203	5518	2042	5272	1825	4682	3622	6954	6477	6008	378	7186	1737	6793	6397	5250	1217	3373	6287	1414	1815	7033	2316	6366	4560	1159	315	6228	6152	734	7041	3728	4551	2552	3685	4267	4657	275	2299	4607	4792	3179	6959	6509	5141	3398	4524	3116	120	582	4659	6961	6923	6109	2535	1708	4374	5553	2076	6963	1182	2506	5068	4439	5594	3932	2379	971	3633	158	151	1094	5087	1501	767	5557	5665	975	2756
2019	3171	2660	3761	6982	1259	1897	239	3534	2810	3166	1669	508	3959	567	3343	7175	2192	351	5127	4260	3425	5036	3675	5669	2268	2114	902	4911	3144	1401	5022	2009	2243	6575	3105	3886	7049	1045	2880	4632	6203	7261	6036	7064	321	6912	5344	3383	4320	816	6173	5288	5107	4509	3049	2789	4687	898	1169	1892	4162	6517	2637	4182	1033	5162	1038	6730	6016	2930	3837	4669	5587	1093	4372	592	930	4041	6300	2438	2173	6145	7226	6813	6005	2583	6348	1047	4352	1662	2921	4948	5929	3127	1767	3232	4450	6711	2573	6807	1796	7097	5235	6029	1715	6637	3407	1783	6702	2062	6013	710	6847	905	5640	1054	4009	2917	120	1511
7207	2731	6701	2514	2568	6123	3684	4752	1178	2252	3689	694	1842	3133	1175	2276	2555	2219	5476	6219	120	4601	1710	1805	817	1003	2809	4135	1441	2559	5408	4961	6596	3841	1645	7031	367	3607	2730	3660	4731	5518	6036	7261	5723	4582	900	2611	1098	491	3887	554	3852	1376	3937	1402	4898	2138	4487	5282	4180	2186	5295	3456	1661	404	1390	1498	4757	2913	5489	3722	5143	1102	2330	1780	5071	6816	701	4901	1121	5603	3224	2454	5945	2974	5341	418	6414	807	6442	6359	4392	6664	3912	224	6061	841	448	472	5409	2832	1998	1926	1238	1920	3698	2705	6330	3762	6626	3394	6838	5082	6991	764	6457	6844	7200	1151	4576
3612	4344	5144	5825	6014	1258	6182	1986	3653	2069	3865	3321	4790	564	3895	3833	7241	3791	6391	1770	6911	695	3244	5627	1459	4119	5644	5395	5505	1603	565	2501	832	5562	3921	736	5470	3139	6480	120	5960	2042	7064	5723	7261	3356	1820	439	3435	3250	6895	1460	709	4071	4076	2098	955	5823	120	6545	5662	2610	294	3985	2684	6389	2179	2410	5427	1701	3027	4153	6535	5191	4145	656	1130	3706	5638	2671	3753	5386	1345	3330	5915	2030	5936	2436	3252	2130	3107	2957	4359	200	346	3705	1692	3955	2038	922	6713	120	6768	5548	6212	2311	6553	2213	7143	3201	1299	6168	3277	5986	643	6790	1802	5541	1651	6746	6600
6646	4716	430	1186	790	203	941	6523	4168	2428	586	2959	3744	4573	3723	6049	1160	7016	3794	6547	125	6025	4622	4283	4077	3650	1800	5731	7112	6754	1646	384	2088	1006	3414	3009	3308	4699	7181	2357	6653	5272	321	4582	3356	7261	5655	6076	4233	5767	4154	6253	3256	4706	1421	2370	2698	6526	3342	6767	328	6363	4279	3670	6561	6355	6672	3108	463	3433	2342	6376	4332	2395	5279	5693	4397	7048	5193	3362	681	5958	4947	202	2673	5032	6229	6197	4387	6617	4239	596	5946	2199	4064	4147	4800	5725	628	7014	6593	5035	1475	5842	1787	199	333	7251	4186	2894	3910	1377	120	4254	163	2885	2389	6865	3255	2490	5257
3625	4512	4992	6499	376	6433	5103	444	120	901	1392	4788	3038	1908	1197	6048	3124	4558	1801	4257	2920	1599	6090	6744	3798	120	2185	945	5089	4298	4985	1271	6305	909	3529	771	6747	6045	2275	6071	5955	1825	6912	900	1820	5655	7261	6344	6985	201	489	796	249	3735	6969	1369	2181	4339	1865	238	1057	6465	4969	2631	6003	2149	1143	5730	666	289	5966	5910	6534	3871	120	230	120	4408	6775	2900	6356	4532	6183	7203	1999	1499	3756	6503	1910	5223	846	379	4889	2072	3265	1716	6113	1946	300	1469	2714	6284	1905	6247	805	382	1145	4105	4198	446	2874	4418	5170	5788	5950	614	1948	1687	4721	5974	2989
5641	6285	1161	5066	5515	5168	1406	5971	4033	513	3242	2270	1573	4686	1717	5917	6308	6046	5112	1784	6703	6336	2060	6543	899	5918	5379	6470	4178	2083	3712	1593	3367	2890	4023	7090	5895	2390	6700	6326	234	4682	5344	2611	439	6076	6344	7261	4316	4681	120	2580	340	3559	4342	5273	5861	3617	6298	337	6525	237	2711	5746	2489	5421	2903	2860	6556	1808	3720	1545	5285	3222	3341	3081	1149	3509	4274	506	3553	3102	219	1029	2629	5447	6665	1982	6935	7096	647	1492	4383	3324	2055	5573	3855	2739	120	1619	5062	1829	2914	913	3681	5803	6077	5889	7127	3822	1750	5189	5232	2690	1816	6557	2825	6215	1597	1887	149
3446	502	4832	4718	1214	307	866	1553	1762	1416	6430	3284	2416	120	5448	4044	1722	5856	1410	2137	2859	747	2569	3991	1813	3830	6345	4017	3560	6143	3981	503	1011	3399	6551	1086	2602	2727	4024	3095	1848	3622	3383	1098	3435	4233	6985	4316	7261	6885	4357	120	625	3268	1659	6843	4389	2239	3883	6422	4322	2321	4493	2952	2990	1481	1682	6319	5934	6812	1678	5040	4875	4394	6540	5987	6944	450	2309	4734	988	2889	4515	2261	6241	120	6268	6995	2451	2481	3665	4319	322	6218	2046	2786	473	6181	5245	1309	7005	783	120	2381	1218	2021	4188	4630	2896	6921	6399	1604	2408	5906	1992	1154	5773	1349	5805	4203	3594
2005	4354	195	4864	653	983	6722	7193	718	6809	3050	1204	1319	5614	4106	4584	3295	4124	1532	6362	706	5647	5568	7235	3770	2315	5454	4306	5721	6310	5406	3727	1671	3831	4566	3916	2811	6230	120	601	1931	6954	4320	491	3250	5767	201	4681	6885	7261	1463	4909	2962	3469	1618	1417	120	2663	4987	683	4975	4164	7003	6773	2969	4743	6948	5111	532	5085	944	3646	3086	4330	6511	4216	649	7231	2447	6320	6642	6073	4688	2925	3719	3153	2947	256	6377	4345	6940	5921	6616	6098	4674	240	3397	2123	2502	3220	5286	6080	1788	1995	5439	2999	3317	2320	3077	6004	7219	644	3699	4645	1962	524	5373	268	5108	3702	1435
5264	1748	5073	6559	6204	3280	7111	6432	5901	2314	2387	7044	3411	5251	2075	526	2603	2091	3184	4015	3004	5504	808	120	4391	6426	7040	1488	1755	6694	1032	1628	6795	2782	2332	2632	2022	2737	2460	181	5801	6477	816	3887	6895	4154	489	120	4357	1463	7261	4761	1116	5866	1757	3170	2653	856	4463	4931	4848	2470	5922	2855	4363	2600	5318	6033	4050	4819	311	3524	2525	5650	7141	3620	6818	204	2599	1473	3541	2182	6738	4756	979	1760	5218	3141	2985	4411	1602	2207	486	2740	3929	4184	1026	3370	1333	5626	2570	611	1141	312	7028	3848	5200	7109	5360	875	2516	5044	6110	5891	670	1176	4177	2250	3489	1673	288
5110	6810	3686	5972	3564	3498	2893	6178	2170	4606	6490	4138	4442	544	499	2364	2508	1807	5576	4291	1194	2936	5196	2120	5350	7100	1727	5888	5050	2688	2459	2404	1056	574	525	5782	3497	2988	917	5624	3336	6008	6173	554	1460	6253	796	2580	120	4909	4761	7261	5378	839	120	3464	2474	631	4305	1873	3205	2158	946	2284	1438	4581	7069	2827	1115	3904	2561	1257	1859	120	803	3111	216	2168	4753	5222	7088	3318	1726	1442	6381	1676	6395	1925	6752	4895	4998	5391	6698	2510	1775	6826	3403	3449	3369	7239	4127	919	4278	7057	5404	2227	4899	438	4702	4896	7142	2165	3349	6408	4189	1368	3428	2077	1858	2346	744
4026	1909	6613	2966	2772	5126	6656	4526	3881	3404	5975	4763	6886	1346	4252	3693	1255	6877	4420	4960	4194	2625	4292	3809	5724	5029	5794	349	4302	5661	4685	6078	7017	4583	5113	1223	2024	4640	3851	7125	3576	378	5288	3852	709	3256	249	340	625	2962	1116	5378	7261	6955	3911	3595	5784	1153	335	4675	648	7154	6489	1167	2134	4460	6274	3300	3488	7042	4030	5558	7155	4083	4740	994	4293	4760	4227	6157	2592	5072	3777	6789	120	3307	516	5383	2108	7104	2178	4791	120	4650	4192	4410	5540	6119	1951	4370	2915	6118	6964	3064	590	2223	5877	6385	2450	1100	2738	527	4620	4376	2932	2595	2682	4568	3393	6824	5935
3546	6555	652	995	993	4290	5354	3662	129	2232	5014	2475	1363	2383	6552	5097	1945	127	6839	2712	3954	3421	316	3197	6715	6079	4651	1055	7249	3305	6952	6099	6643	5846	5303	3902	4553	2064	828	2813	1506	7186	5107	1376	4071	4706	3735	3559	3268	3469	5866	839	6955	7261	4425	5159	726	3893	120	5581	5038	5109	317	3998	6484	6733	2586	682	5802	3835	2007	3888	2099	2244	5633	5284	138	1636	7076	6105	2864	6599	1872	4591	7133	5850	7208	355	3680	6325	854	3415	3177	1220	5451	4809	3500	120	6584	872	470	4444	154	2212	3884	7114	4988	5572	3812	4805	515	2074	3631	4275	2236	3104	4065	4758	5459	6209	3085
1019	7171	3923	1013	4039	6661	622	144	425	5869	3218	2800	3079	5639	2473	3450	370	6238	1404	6848	174	1518	3384	5827	1504	5136	4262	6858	4167	2277	6891	6200	4649	5583	5256	1963	5384	4171	4414	2708	6723	1737	4509	3937	4076	1421	6969	4342	1659	1618	1757	120	3911	4425	7261	5556	4639	3285	4840	3676	5030	533	6758	1277	1443	5796	7225	5845	5597	1007	3325	6724	1087	6690	3471	3978	6717	4811	852	2676	3903	5698	3233	5065	4027	1870	2655	2977	297	6111	5867	3588	4833	2882	4877	373	5735	999	5410	4502	1903	4751	1128	4548	2237	4238	2230	4349	6564	4638	6129	5364	5545	660	576	3506	1385	2121	6329	6966	5733
5129	1973	612	2843	1519	4455	4148	4544	2935	2045	4228	6903	2685	2638	167	6420	1794	2924	3283	5230	6627	3056	6164	1381	1208	1885	2702	3918	3663	3391	7242	1530	2641	354	3410	7153	483	4091	7166	720	1201	6793	3049	1402	2098	2370	1369	5273	6843	1417	3170	3464	3595	5159	5556	7261	1071	4617	4598	881	3749	6222	732	4737	4739	5707	1980	7211	4243	5287	360	133	253	4892	991	1467	3169	1643	5434	1914	6764	1874	5577	495	5485	6608	2303	2305	7227	4891	2717	121	3503	4098	4764	6649	7191	4312	3537	2808	4808	2496	6981	4722	1394	2537	478	4296	120	369	4037	2253	251	6666	2976	2964	7008	4818	2509	3019	5924
6211	3344	3621	4367	1274	2922	6802	5083	3591	2280	3206	1844	5798	822	6258	1606	7189	2266	1427	5671	4253	3542	6324	2995	5863	281	3270	4826	7083	3814	2774	3767	5500	4736	3747	4519	4111	4593	2836	7216	6154	6397	2789	4898	955	2698	2181	5861	4389	120	2653	2474	5784	726	4639	1071	7261	2110	4059	4206	7055	4523	6115	3572	589	1230	3759	1994	733	4996	2634	3844	6380	252	2273	6135	4118	6676	398	4589	3357	2871	6246	293	6015	2001	6604	4496	646	3195	3651	1653	858	4641	4048	164	992	6449	319	2124	2768	5977	3094	3678	6586	932	4236	1711	4905	4335	4762	4499	1585	120	6682	401	4441	675	3157	1677	5290
5762	5343	4143	5309	2937	5190	2132	2895	3440	640	6905	2791	3036	4542	6409	326	517	3363	235	6587	1918	6620	2399	6327	5188	5466	4779	6244	5651	1528	1219	2272	1192	3402	3374	2422	1447	2861	3236	3967	5953	5250	4687	2138	5823	6526	4339	3617	2239	2663	856	631	1153	3893	3285	4617	2110	7261	1809	712	4381	2546	3379	5957	4100	6986	6402	1795	1928	775	3217	120	3639	6269	2092	6641	7128	2333	1165	1246	2729	4908	4428	4567	4769	141	2679	1633	3068	265	5209	2090	4215	1227	1694	306	2394	2209	1922	1270	5984	3879	6146	3465	177	3718	1041	7070	1871	244	162	5102	2579	5857	2426	3973	4217	1464	1605	4341	1225
587	2970	5163	4933	3571	6867	4053	1896	3898	3552	4611	1735	4240	1969	3246	990	3311	6261	1434	4748	6784	818	361	6466	4872	4485	134	639	2533	5061	4580	1610	4365	3729	3423	2058	4978	7243	1215	5479	2004	1217	898	4487	120	3342	1865	6298	3883	4987	4463	4305	335	120	4840	4598	4059	1809	7261	6072	5488	1768	3329	6156	7091	2455	2322	461	1797	4918	6044	3867	6671	5550	3286	5198	2343	938	6579	6006	1202	1720	4884	4623	3340	6712	5552	1955	7185	6091	1638	6975	344	4313	6639	4775	2576	4377	4183	6443	1343	6441	2815	5403	5994	6278	2039	3528	4765	1557	7047	5904	210	5660	1010	466	5441	1317	3889	6941	5268
6729	3455	4179	3253	2238	4784	4379	4438	2461	2174	7099	6901	4549	3664	3717	1733	2113	739	5786	2054	5357	1617	847	4729	2703	3494	6304	3099	4364	509	6731	600	3315	5792	1979	5720	1276	5335	3320	6453	5872	3373	1169	5282	6545	6767	238	337	6422	683	4931	1873	4675	5581	3676	881	4206	712	6072	7261	6263	6528	6346	5236	2918	5348	4422	120	5497	1943	3200	2934	6083	6260	777	6977	3084	5183	1451	120	6221	5016	400	5358	431	457	1479	1594	5508	3063	2084	1696	4458	5696	4190	385	577	3047	4204	3813	1423	3823	5496	6657	2624	6705	6056	2548	1851	5615	2467	266	6669	7245	5885	3031	1613	4089	2085	4794	6999
4286	4527	4299	5181	6058	1899	3365	3581	581	4725	4449	3441	543	7253	3688	2327	4452	3204	120	3055	5221	3382	1023	3142	4574	5491	3348	2926	5210	2558	5948	1721	961	7108	3082	1085	6190	2927	4910	4733	5480	6287	1892	4180	5662	328	1057	6525	4322	4975	4848	3205	648	5038	5030	3749	7055	4381	5488	6263	7261	2306	5546	1988	597	5228	3731	4368	1614	2141	1295	6876	5130	7252	2155	6322	267	2884	2666	558	5931	412	5654	3802	1736	7094	1407	1781	2205	1050	998	1680	3314	5750	2639	3194	3657	2402	4101	530	6262	279	1281	3642	1827	3549	7214	4658	6984	437	4974	2949	3376	6368	6837	6251	3925	5178	2837	4965	3656
2393	5521	4163	562	5853	4309	5300	7004	2325	6349	7180	3589	7149	6303	667	3961	1021	806	1672	3115	3037	6994	788	4936	6732	6128	120	4288	5679	2195	3523	5388	2263	878	6542	5584	871	5689	4647	3093	4665	1414	4162	2186	2610	6363	6465	237	2321	4164	2470	2158	7154	5109	533	6222	4523	2546	1768	6528	2306	7261	1695	507	146	6728	6785	2156	1814	5224	6500	824	1355	229	3328	2670	778	5199	5586	3817	2814	2340	3567	3941	338	1704	2146	3869	1835	6688	5775	5712	1096	1578	536	2176	2228	353	2975	785	5887	3352	880	985	6502	120	1983	3254	5737	254	1097	2912	2371	3090	3271	3054	6780	6488	4136	3876	1663
4237	1337	3965	3518	3598	6823	5464	6769	3119	1834	3420	6473	120	7101	1061	5772	3006	3505	830	5128	5570	889	4850	1811	120	4997	1779	493	6475	978	6871	5225	6541	813	1836	3771	6510	2564	1595	1740	2840	1815	6517	5295	294	4279	4969	2711	4493	7003	5922	946	6489	317	6758	732	6115	3379	3329	6346	5546	1695	7261	4475	2747	549	2491	5123	2126	882	4469	3582	1285	5093	3587	6485	365	3289	5894	6311	4202	477	593	1508	1647	170	2627	5026	781	4081	616	3495	876	4944	5415	4886	6448	5413	5824	6066	4914	1146	2116	5519	5560	1575	2334	5732	6410	207	3616	4938	3003	1990	1889	2234	6836	3872	271	765	5727
6645	1868	7023	7224	2386	6412	5351	3412	1984	7140	3766	6224	1312	6745	1942	7246	7179	1371	6282	481	3783	1863	2257	4906	3022	5332	3920	5747	7158	5171	6267	222	5668	120	2612	6126	727	758	1193	4035	5886	7033	2637	3456	3985	3670	2631	5746	2952	6773	2855	2284	1167	3998	1277	4737	3572	5957	6156	5236	1988	507	4475	7261	2764	6520	5752	1866	2382	2736	7115	137	2066	5444	3993	1109	531	3400	4040	5370	1408	5267	3353	4361	1357	5916	3522	933	5880	4375	6571	4139	4964	3608	6515	1405	4946	916	6588	1819	3983	6998	2788	6960	4821	197	3746	4879	2941	3870	2643	4258	3568	6518	6314	4679	325	3459	3338	927	120
2191	2204	366	4935	571	120	6615	1179	345	3110	7177	2763	5339	4256	3596	1577	2365	160	2097	405	6976	4195	3768	3065	746	3001	921	2136	6175	511	4014	2349	4990	3226	391	573	161	1482	996	120	4569	2316	4182	1661	2684	6561	6003	2489	2990	2969	4363	1438	2134	6484	1443	4739	589	4100	7091	2918	597	146	2747	2764	7261	6532	537	6379	6051	5396	1027	5940	6318	4398	2960	1431	4701	1712	5246	4491	7178	4160	2034	1789	2140	2865	3659	4025	3520	4602	3316	5606	5081	432	7093	1453	4668	3386	5328	1923	6693	6438	4926	5455	2571	403	4859	6618	1902	402	2177	4250	3856	7009	5024	5007	3326	4358	7234	2148	6492
5619	3704	4172	1601	4579	3913	7129	598	6496	2353	7259	6565	2513	6798	1477	5688	5258	501	2778	213	2198	6864	5157	1839	5664	6896	6357	5544	4907	2152	2721	2169	2591	4492	5673	2351	304	6527	336	5605	3126	6366	1033	404	6389	6355	2149	5421	1481	4743	2600	4581	4460	6733	5796	5707	1230	6986	2455	5348	5228	6728	549	6520	6532	7261	6494	6158	6365	6908	6403	409	4846	3405	3113	6801	169	5452	1188	6084	3931	833	5139	2609	2012	5533	4280	6339	155	4307	5993	1539	4225	5137	5927	7054	5431	2286	2725	120	5067	479	1117	6114	3273	3786	5666	4181	4421	5628	635	1172	120	7257	1436	7075	4943	4412	2495	5180	5004
3803	5347	7052	3130	2014	3536	4767	4599	5532	5674	4973	4149	520	6174	4590	4766	3554	7010	4097	6367	2008	6554	1523	1978	2290	3263	2955	1502	2109	4395	6416	1236	2534	5761	539	1625	3755	1113	4207	845	4642	4560	5162	1390	2179	6672	1143	2903	1682	6948	5318	7069	6274	2586	7225	1980	3759	6402	2322	4422	3731	6785	2491	5752	537	6494	7261	2582	3530	6439	120	2157	669	1607	7074	1362	3334	6085	5529	3868	7089	2318	2881	4924	2324	1882	4045	4921	5074	4390	6946	1689	1156	2526	6069	6875	6479	6249	679	428	2869	5114	5031	1195	3221	4738	1997	6053	5219	3467	2805	4234	1537	959	3015	5212	1147	6704	5542	5702	5002
5764	535	1538	1635	1342	3525	7077	393	5161	6001	1287	5516	5982	678	4723	272	5902	2222	2345	2879	836	5449	5205	426	2835	5371	3229	4311	6038	3658	3162	7123	3331	3586	3988	2847	434	950	819	4016	1329	1159	1038	1498	2410	3108	5730	2860	6319	5111	6033	2827	3300	682	5845	7211	1994	1795	461	120	4368	2156	5123	1866	6379	6158	2582	7261	3375	769	2296	1890	1542	2931	358	282	305	5227	348	1500	5876	4338	5211	1425	1559	4571	4603	3123	3934	4627	5298	5815	6491	4618	4000	1893	4511	6338	2542	6082	122	4713	3468	2086	1588	2761	6429	4887	2839	692	1641	1388	1881	6644	4712	1754	5013	3858	2608	5896	5776
3361	6834	3907	1845	908	5118	1637	2029	4955	609	3527	4382	3387	3980	2551	2938	7162	1790	3986	5565	3301	130	5774	1203	6900	2741	1017	2500	3958	6223	2484	120	1332	6435	7058	4673	1751	3636	4070	5963	5048	315	6730	4757	5427	463	666	6556	5934	532	4050	1115	3488	5802	5597	4243	733	1928	1797	5497	1614	1814	2126	2382	6051	6365	3530	3375	7261	5469	1639	2094	132	6386	512	5124	1838	2748	6794	2540	6621	6514	4300	892	4557	2892	923	6679	3599	3484	4801	4692	4060	190	4945	3066	1934	3228	2606	3296	4880	494	2642	6382	1089	3046	5980	2217	4473	120	3543	1243	4484	5069	3137	6856	3635	2654	5160	4836	749
4259	814	1941	2264	1535	2087	3345	4006	3577	2967	313	4510	1048	6313	4001	7221	5148	120	3531	7082	3906	6529	3262	4505	6495	4085	4495	7217	3443	5961	5312	3838	2587	633	5710	120	2891	546	2323	6428	4010	6228	6016	2913	1701	3433	289	1808	6812	5085	4819	3904	7042	3835	1007	5287	4996	775	4918	1943	2141	5224	882	2736	5396	6908	6439	769	5469	7261	7194	6316	6904	5995	6880	6309	4294	5098	2888	4151	120	6519	4624	4842	2414	4416	6751	4923	834	6831	6506	6739	5983	2246	3989	4467	5450	5700	2547	4459	5630	5820	2820	2971	1864	618	1782	120	270	232	1611	3935	4585	6139	3058	953	5551	1649	2939	5768	2834
2919	4112	1181	3389	6585	1655	5829	3145	2505	3460	3946	2878	4110	7073	717	6289	2471	1415	1683	7172	939	6235	1083	3782	1771	843	7122	3287	3751	1705	1860	3515	3507	7197	2973	2686	3010	3897	1693	4942	3039	6152	2930	5489	3027	2342	5966	3720	1678	944	311	2561	4030	2007	3325	360	2634	3217	6044	3200	1295	6500	4469	7115	1027	6403	120	2296	1639	7194	7261	7030	4213	3313	2757	2041	7056	3645	575	5018	1759	2457	4518	6949	7121	4852	514	4461	6022	368	1709	120	676	5381	5680	4423	3846	5539	179	6281	1561	984	3196	445	1437	3637	2288	5612	4653	2928	4812	1823	3733	4717	6075	4504	6741	619	6482	1556	1384
2143	6347	6088	255	4552	3083	2773	1052	6829	4621	6103	4707	1025	2933	123	120	120	4447	120	152	6331	3964	4246	6779	4534	6030	4956	6708	2804	6521	4432	220	4173	1719	4380	621	1684	6493	4443	3874	4967	734	3837	3722	4153	6376	5910	1545	5040	3646	3524	1257	5558	3888	6724	133	3844	120	3867	2934	6876	824	3582	137	5940	409	2157	1890	2094	6316	7030	7261	4772	2287	1269	6651	4287	5501	6817	131	3493	3626	6417	4735	3781	3211	6628	1741	3548	2356	2601	408	1120	2013	4506	5487	7198	1996	4498	4646	4904	4210	5838	2863	6456	6121	3198	5094	5319	1581	4771	2193	5598	804	6358	6929	6811	4011	5881	5333	1664
7038	4092	869	1766	5362	7046	3619	5875	3950	480	5804	5243	5988	420	6486	6148	2982	5091	3760	1049	4824	4547	2292	4954	6965	6934	2216	3558	120	7022	3864	3030	559	874	4185	1562	4386	4388	3682	1344	6772	7041	4669	5143	6535	4332	6534	5285	4875	3086	2525	1859	7155	2099	1087	253	6380	3639	6671	6083	5130	1355	1285	2066	6318	4846	669	1542	132	6904	4213	4772	7261	3264	907	5899	868	6461	969	142	3129	5473	2352	5475	6396	5514	4849	2954	4704	6691	5432	5588	3714	120	2344	3861	3103	3842	6595	2059	6055	4067	4431	735	6205	3431	3454	759	6647	2449	5321	4813	5241	4102	4793	2621	2695	3787	510	6980	5262
6522	5962	2188	485	1791	1288	3057	4555	4482	3168	637	2017	948	2254	5261	6141	2202	3339	6317	4434	1200	5753	3327	4843	2588	2749	413	471	826	1933	3447	1418	5528	3890	2649	6116	943	6533	6034	2866	7236	3728	5587	1102	5191	2395	3871	3222	4394	4330	5650	120	4083	2244	6690	4892	252	6269	5550	6260	7252	229	5093	5444	4398	3405	1607	2931	6386	5995	3313	2287	3264	7261	2715	2816	4336	2887	4633	5146	522	1190	4660	1059	4248	729	3692	4922	3779	1631	4508	3160	5678	4520	2907	7116	427	2796	6065	791	2661	6401	6505	4507	2745	2628	5216	7113	2733	6774	5019	3032	1793	2128	6825	291	2214	6172	918	5177	2002
5523	6951	1548	374	3190	5095	1474	3824	5185	1168	2594	1570	3792	5708	2235	743	6161	6354	5499	5657	5263	1112	120	189	1084	4912	1913	1221	5770	7012	1546	5793	6467	1296	4176	2953	2403	4662	2563	4405	1580	4551	1093	2330	4145	5279	120	3341	6540	6511	7141	803	4740	5633	3471	991	2273	2092	3286	777	2155	3328	3587	3993	2960	3113	7074	358	512	6880	2757	1269	907	2715	7261	6760	3290	691	1869	5042	260	4074	4885	3008	5608	650	1328	5677	3740	1824	5484	6096	5637	6822	5056	6297	6956	6674	663	5890	4003	3674	879	2464	2950	397	6042	1987	4022	120	6845	5080	2208	6840	3346	4999	3078	1547	1069	966	1372
6721	4789	2107	1148	411	4013	6894	2494	120	3267	4661	442	6390	6765	861	6144	3707	604	2567	4094	4700	1155	658	5492	5416	5920	5433	3080	4666	599	5729	1608	120	2445	6892	4883	2916	5816	707	4616	798	2552	4372	1780	656	5693	230	3081	5987	4216	3620	3111	994	5284	3978	1467	6135	6641	5198	6977	6322	2670	6485	1109	1431	6801	1362	282	5124	6309	2041	6651	5899	2816	6760	7261	4759	3227	3101	1991	5998	468	1009	120	4211	5616	1513	6498	6276	5834	120	241	3672	7210	6031	634	1294	5446	4841	6863	1566	2992	556	1489	1857	2665	7019	1124	1301	1772	4317	2699	6893	5653	2242	5780	2180	1028	4133	7182	2245
606	2368	227	6437	4831	459	3213	957	396	5012	3112	4680	5704	4205	6185	5697	2648	661	3033	4269	2196	4049	2302	1642	4900	4881	1853	1706	6835	183	5208	1785	372	3928	5041	3878	2726	153	7000	1262	2790	3685	592	5071	1130	4397	120	1149	6944	649	6818	216	4293	138	6717	3169	4118	7128	2343	3084	267	778	365	531	4701	169	3334	305	1838	4294	7056	4287	868	4336	3290	4759	7261	3214	4481	1806	5849	2742	5064	4121	5438	3243	3695	7145	4608	5870	2441	3319	6266	1911	3444	5359	2417	1587	1589	3815	2377	6393	208	6806	3877	696	1373	2492	5907	3240	2824	248	6373	1821	1938	1753	6400	3679	3818	1356	4031
3987	756	1629	3555	120	3825	4728	6832	5244	5324	1174	5377	3312	5683	2616	3979	5166	211	1525	2752	3304	937	4982	7050	5973	3437	1082	1949	4689	4270	982	7159	6591	3381	5991	3930	4109	4927	4273	2190	6685	4267	930	6816	3706	7048	4408	3509	450	7231	204	2168	4760	1636	4811	1643	6676	2333	938	5183	2884	5199	3289	3400	1712	5452	6085	5227	2748	5098	3645	5501	6461	2887	691	3227	3214	7261	5289	5119	2923	4007	3323	3075	5053	2728	1249	5104	6160	7250	3940	6454	5932	6130	924	6343	6353	4543	6699	638	1598	2440	1016	6558	3193	1152	3406	4462	2103	2694	143	3165	4878	1365	4797	6990	2463	5790	2650	5811	2987
3499	259	1900	5352	553	6550	4046	3797	140	6070	2115	2183	7204	1106	120	1090	1235	3687	2269	5133	2911	5314	789	1959	5554	1972	5543	6719	7002	1163	6513	5978	1746	6544	2511	2770	5692	5401	1915	3476	6108	4657	4041	701	5638	5193	6775	4274	2309	2447	2599	4753	4227	7076	852	5434	398	1165	6579	1451	2666	5586	5894	4040	5246	1188	5529	348	6794	2888	575	6817	969	4633	1869	3101	4481	5289	7261	3302	2360	1173	3644	6761	519	657	3368	3241	6189	2047	6655	1970	6926	5217	6973	1444	6910	7053	2753	1831	2427	436	3164	724	1035	2826	4366	700	285	1855	2153	5155	6734	5430	7078	2135	6369	3332	1620	768	715
1510	4851	6531	4470	1254	290	120	5194	827	6612	5106	6248	6928	1455	3513	2251	4066	2133	2657	4855	6250	5749	1000	6341	4413	449	4856	5743	6697	5527	4142	6372	3238	3176	1515	6781	3131	4810	7137	6854	5055	275	6300	4901	2671	3362	2900	506	4734	6320	1473	5222	6157	6105	2676	1914	4589	1246	6006	120	558	3817	6311	5370	4491	6084	3868	1500	2540	4151	5018	131	142	5146	5042	1991	1806	5119	3302	7261	761	5164	3820	6193	2829	3810	6629	5765	3413	5150	3696	2392	1022	4770	2658	1891	4021	5604	3826	3629	1592	4128	6202	4747	2986	5760	6231	320	1080	5670	890	2488	120	4271	1310	6853	5607	3778	1739	3013	1326
2760	5847	5172	4822	263	904	6469	6572	2430	6097	821	5574	1354	3860	4592	6387	886	1612	3521	5436	3251	5009	6436	538	334	301	3453	1105	5058	482	6737	5202	5121	4995	1723	4401	120	120	5453	752	4289	2299	2438	1121	3753	681	6356	3553	988	6642	3541	7088	2592	2864	3903	6764	3357	2729	1202	6221	5931	2814	4202	1408	7178	3931	7089	5876	6621	120	1759	3493	3129	522	260	5998	5849	2923	2360	761	7261	4815	419	5270	4882	2164	1126	1107	3416	5503	4500	6566	4488	3429	2620	1648	6548	4445	186	568	3709	6849	2339	6576	4556	1713	1765	1347	5297	1122	6868	7085	2293	7195	2951	274	5635	2769	5247	3069	579
314	1419	853	4937	4786	6943	1065	2645	3977	5367	6855	6122	7034	4075	2226	1351	3294	4369	4565	3583	2776	2118	5990	3288	2150	3502	4528	4472	3024	4695	5613	3186	4865	1450	3804	6842	2574	4088	2775	5625	6625	4607	2173	5603	5386	5958	4532	3102	2889	6073	2182	3318	5072	6599	5698	1874	2871	4908	1720	5016	412	2340	477	5267	4160	833	2318	4338	6514	6519	2457	3626	5473	1190	4074	468	2742	4007	1173	5164	4815	7261	4929	1303	1774	3172	388	4741	4847	3963	269	6925	7187	6962	3540	5566	6563	636	423	6524	2070	5996	5900	4958	4522	2391	6487	5414	4869	487	120	2151	2669	3947	4426	2876	3750	588	2693	3178	4080
5821	906	1584	3167	6932	6232	5873	4550	1650	5296	5981	5841	1670	4777	3189	5078	6878	4113	4247	2519	3235	6570	5859	6735	6710	6974	5291	2945	4774	584	6012	5280	1846	6239	2623	1549	3857	1634	5426	120	1818	4792	6145	3224	1345	4947	6183	219	4515	4688	6738	1726	3777	1872	3233	5577	6246	4428	4884	400	5654	3567	593	3353	2034	5139	2881	5211	4300	4624	4518	6417	2352	4660	4885	1009	5064	3323	3644	3820	419	4929	7261	2271	5593	1002	2483	5622	1212	7032	5517	3628	2111	6805	2308	1166	7213	912	6464	1799	5789	1081	6687	5595	1158	5979	332	1993	3180	3573	5138	6166	4546	6546	1284	3156	6149	2358	435	897	6601
888	3496	386	6332	5116	4465	5663	4012	6636	5705	1396	6147	2940	2719	1267	5512	5387	2225	5175	3605	3098	2706	2713	3091	5184	6188	1077	1457	5992	3470	173	6227	4068	6640	4820	7072	2378	6155	2994	3875	3563	3179	7226	2454	3330	202	7203	1029	2261	2925	4756	1442	6789	4591	5065	495	293	4567	4623	5358	3802	3941	1508	4361	1789	2609	4924	1425	892	4842	6949	4735	5475	1059	3008	120	4121	3075	6761	6193	5270	1303	2271	7261	5422	1609	5158	1558	545	2883	3475	1348	226	4783	3972	6481	2681	5709	5956	7168	2348	5220	1968	1503	1516	1205	6530	4541	5771	2833	2031	273	4768	2117	3580	6913	5580	4235	4726	4636	6225
3948	1582	4578	3776	7026	3492	6059	2908	1832	3150	6658	844	6597	3730	1485	6243	2129	860	6060	3673	3697	4531	5179	3490	4594	6989	2215	4266	760	5088	4261	6064	6398	6673	1833	2604	1742	2560	1976	5703	6846	6959	6813	5945	5915	2673	1999	2629	6241	3719	979	6381	120	7133	4027	5485	6015	4769	3340	431	1736	338	1647	1357	2140	2012	2324	1559	4557	2414	7121	3781	6396	4248	5608	4211	5438	5053	519	2829	4882	1774	5593	5422	7261	6451	6748	1465	2256	5495	4835	310	3800	3143	2240	1544	303	6067	911	1487	7024	417	1323	762	674	3752	4264	6791	2366	4079	5252	7060	3634	3624	5365	1697	120	6631	414	3155	4255
1674	5039	467	708	4643	1386	4282	5836	6093	1261	2862	1675	4125	4433	2746	3765	4008	6624	280	3366	1129	5337	5871	1297	2590	2524	2622	120	2517	5021	763	3806	7061	6720	3994	258	4940	6939	2948	7029	4535	6509	6005	2974	2030	5032	1499	5447	120	3153	1760	1676	3307	5850	1870	6608	2001	141	6712	457	7094	1704	170	5916	2865	5533	1882	4571	2892	4416	4852	3211	5514	729	650	5616	3243	2728	657	3810	2164	3172	1002	1609	6451	7261	5407	5260	6573	5592	3309	3742	5634	5385	1507	309	1615	1861	5037	4612	3000	3202	1400	4004	4533	3773	802	1119	2630	4396	2172	6201	6796	1233	5531	3927	2265	4051	5559	1932	3279
6283	3501	2716	4962	5320	2221	1517	4038	1551	5741	1763	492	3945	1554	5329	6002	6101	3703	5795	2812	6375	3711	5174	2946	1196	5602	3669	3512	6296	7059	6270	3040	2507	3272	5486	4120	377	6374	624	877	3426	5141	2583	5341	5936	6229	3756	6665	6268	2947	5218	6395	516	7208	2655	2303	6604	2679	5552	1479	1407	2146	2627	3522	3659	4280	4045	4603	923	6751	514	6628	4849	3692	1328	1513	3695	1249	3368	6629	1126	388	2483	5158	6748	5407	7261	870	6787	7071	2615	456	602	6983	2520	5060	5691	2401	6916	5507	6762	6112	3360	1486	1213	5756	5397	3359	1747	920	1015	4776	3134	120	6683	2469	4654	6897	3231	1264	3025
4223	6192	4863	6132	3748	5563	5275	7258	787	851	5623	1624	1135	3849	1327	2025	3829	5100	6797	5779	6460	5167	5096	5868	3147	6350	5259	6899	6889	2274	6081	2189	620	5509	6107	4069	2350	7117	4994	7192	120	3398	6348	418	2436	6197	6503	1982	6995	256	3141	1925	5383	355	2977	2305	4496	1633	1955	1594	1781	3869	5026	933	4025	6339	4921	3123	6679	4923	4461	1741	2954	4922	5677	6498	7145	5104	3241	5765	1107	4741	5622	1558	1465	5260	870	7261	2943	721	6384	2082	3163	980	6100	713	2079	2785	1758	460	2468	5969	3999	5722	6803	7084	422	4890	6907	5930	2565	698	3396	4095	2543	1244	2397	3234	3188	2037	6648
6104	6151	2020	5169	7157	3745	3600	3734	5045	4131	1729	3089	5292	7051	6589	1039	1108	5536	3072	5457	6759	1088	1207	5440	4483	940	3183	7110	5231	5186	3159	5248	3769	4893	4284	5714	949	330	6468	375	6582	4524	1047	6414	3252	4387	1910	6935	2451	6377	2985	6752	2108	3680	297	7227	646	3068	7185	5508	2205	1835	781	5880	3520	155	5074	3934	3599	834	6022	3548	4704	3779	3740	6276	4608	6160	6189	3413	3416	4847	1212	545	2256	6573	6787	2943	7261	7138	120	4327	6919	5695	120	884	1066	951	3933	1521	2175	1382	6333	4746	257	737	1586	231	4787	2851	4514	3956	2873	2033	1118	135	5008	2415	6446	3371	5844
2523	6167	4221	2472	5443	5830	3060	6958	4406	2618	5511	4916	5156	1686	3002	3020	2978	1012	547	7173	1229	347	6017	6872	2006	1064	3140	5736	4806	1339	3210	247	857	4057	6021	4807	3701	1568	6163	6776	3291	3116	4352	807	2130	6617	5223	7096	2481	4345	4411	4895	7104	6325	6111	4891	3195	265	6091	3063	1050	6688	4081	4375	4602	4307	4390	4627	3484	6831	368	2356	6691	1631	1824	5834	5870	7250	2047	5150	5503	3963	7032	2883	5495	5592	7071	721	7138	7261	1927	2619	4471	810	6198	323	4536	218	3248	3121	615	3652	2819	5105	4340	3922	7087	2260	926	5145	5851	4711	2553	2593	883	4494	4683	528	120	2626	1044
5685	6993	6019	6335	4020	500	6888	2081	4315	5147	447	198	5713	2613	6370	5020	662	4272	2787	1062	4393	3569	7102	6273	3292	2241	2089	779	1533	1830	3721	1018	5745	5835	4957	2823	440	745	6404	2998	2355	120	1662	6442	3107	4239	846	647	3665	6940	1602	4998	2178	854	5867	2717	3651	5209	1638	2084	998	5775	616	6571	3316	5993	6946	5298	4801	6506	1709	2601	5432	4508	5484	120	2441	3940	6655	3696	4500	269	5517	3475	4835	3309	2615	6384	120	1927	7261	3097	4968	145	5310	2830	2248	3601	1110	7039	3976	453	2400	5361	3021	6670	6478	6257	5852	2972	5783	4232	784	1448	2480	5706	3974	6452	4782	4980	1280
3561	4744	2307	4028	4415	2744	4477	4538	3819	3048	451	5317	2783	3900	120	5435	6967	5884	2779	730	7228	5569	1472	4626	6508	542	5429	3018	4839	1001	626	3029	1222	2341	2691	3138	4169	1429	1764	6947	6361	582	2921	6359	2957	596	379	1492	4319	5921	2207	5391	4791	3415	3588	121	1653	2090	6975	1696	1680	5712	3495	4139	5606	1539	1689	5815	4692	6739	120	408	5588	3160	6096	241	3319	6454	1970	2392	6566	6925	3628	1348	310	3742	456	2082	4327	2619	3097	7261	6680	5034	4474	6043	4103	970	5498	4798	120	2802	1318	1014	4047	1924	3023	6749	5131	1718	5132	4530	1966	1888	3801	1738	1250	3152	1199	4295	3960
5010	5525	5757	1079	6569	1272	6906	5510	6299	797	3071	343	1550	3592	3984	716	2218	5787	2944	4052	5047	4005	2080	1837	2282	3590	5366	4635	5728	5758	387	5914	2283	6117	3638	120	2310	6140	6431	1904	2845	4659	4948	4392	4359	5946	4889	4383	322	6616	486	6698	120	3177	4833	3503	858	4215	344	4458	3314	1096	876	4964	5081	4225	1156	6491	4060	5983	676	1120	3714	5678	5637	3672	6266	5932	6926	1022	4488	7187	2111	226	3800	5634	602	3163	6919	4471	4968	6680	7261	2420	1198	3899	6315	5142	2993	7095	4823	1058	7167	2443	120	7169	120	1622	5717	4061	2942	6782	4222	1177	1849	6972	1273	3807	677	5006	5382
214	6808	5057	1822	2093	4360	840	1144	6047	6087	2027	1142	5151	6815	4378	228	2541	3944	2515	180	1895	3225	3337	250	6756	5420	120	1432	6237	4913	5742	1043	629	2184	1286	1654	475	1403	1324	5791	659	6961	5929	6664	200	2199	2072	3324	6218	6098	2740	2510	4650	1220	2882	4098	4641	1227	4313	5696	5750	1578	4944	3608	432	5137	2526	4618	190	2246	5381	2013	120	4520	6822	7210	1911	6130	5217	4770	3429	6962	6805	4783	3143	5385	6983	980	5695	810	145	5034	2420	7261	1470	6463	2413	5645	3517	1091	5242	5855	6788	6476	1876	5238	2319	395	865	7150	225	2566	139	1743	6924	5346	3212	3247	2035	4328	6419
3854	2589	3044	2374	6413	2418	4939	3282	7146	3230	5578	5305	5376	1253	7202	4353	3430	357	6024	7035	885	2498	2442	5618	2877	6938	3850	5646	5831	1543	5905	6137	7229	7020	1512	6992	1260	794	5810	5213	2751	6923	3127	3912	346	4064	3265	2055	2046	4674	3929	1775	4192	5451	4877	4764	4048	1694	6639	4190	2639	536	5415	6515	7093	5927	6069	4000	4945	3989	5680	4506	2344	2907	5056	6031	3444	924	6973	2658	2620	3540	2308	3972	2240	1507	2520	6100	120	6198	5310	4474	1198	1470	7261	6421	2521	1826	4350	962	6131	4220	7107	3632	5393	823	4631	7105	753	2596	1685	5751	4854	1744	2279	6549	3788	2056	3780	4400	4209
4614	5682	6089	5711	1660	4301	1494	287	6874	4564	3545	2556	352	1691	168	7188	415	3378	165	2781	2010	4424	1426	1630	6622	286	855	424	825	6695	5084	5090	3919	2929	2278	1786	2886	6321	120	5828	6638	6109	1767	224	3705	4147	1716	5573	2786	240	4184	6826	4410	4809	373	6649	164	306	4775	385	3194	2176	4886	1405	1453	7054	6875	1893	3066	4467	4423	5487	3861	7116	6297	634	5359	6343	1444	1891	1648	5566	1166	6481	1544	309	5060	713	884	323	2830	6043	3899	6463	6421	7261	5534	5643	585	296	4609	3042	3896	3700	6632	2048	3905	5684	4108	3816	6882	1714	6054	5524	1698	5253	5858	5326	6850	4042	4457
3654	4619	4337	5000	6650	5283	2036	2104	3828	2677	4778	1777	3436	5345	782	5526	4698	4586	2640	1282	2032	5740	2872	1409	6458	6040	1953	3432	2991	2326	4853	3647	5819	1445	2147	5848	6176	429	7201	1375	4690	2535	3232	6061	1692	4800	6113	3855	473	3397	1026	3403	5540	3500	5735	7191	992	2394	2576	577	3657	2228	6448	4946	4668	5431	6479	4511	1934	5450	3846	7198	3103	427	6956	1294	2417	6353	6910	4021	6548	6563	7213	2681	303	1615	5691	2079	1066	4536	2248	4103	6315	2413	2521	5534	7261	381	6068	1291	7006	1947	5233	3966	2053	5115	120	2201	6286	561	4897	704	4371	563	5278	4073	6881	1944	4696	464	809
3790	6945	5052	3683	1335	4214	4971	1393	2528	1466	5818	166	6988	2710	4554	2597	5575	3482	2575	120	3880	3479	3333	4170	7223	6800	1886	2486	1136	5601	2981	389	3354	4476	799	6394	6562	4991	2487	1847	6210	1708	4450	841	3955	5725	1946	2739	6181	2123	3370	3449	6119	120	999	4312	6449	2209	4377	3047	2402	353	5413	916	3386	2286	6249	6338	3228	5700	5539	1996	3842	2796	6674	5446	1587	4543	7053	5604	4445	636	912	5709	6067	1861	2401	2785	951	218	3601	970	5142	5645	1826	5643	381	7261	977	3610	7184	1916	1527	7196	6652	4384	3715	6240	3845	1583	1184	6245	4754	394	462	3708	2598	594	3847	2373	120
965	4517	1707	6187	7240	5054	2898	2144	960	2434	3439	4326	1298	128	5336	126	3350	7199	120	6827	5176	4002	4263	2317	2784	5769	705	2562	6057	2904	3724	1170	3061	3132	5964	5456	6909	1092	3174	3266	2544	4374	6711	448	2038	628	300	120	5245	2502	1333	3369	1951	6584	5410	3537	319	1922	4183	4204	4101	2975	5824	6588	5328	2725	679	2542	2606	2547	179	4498	6595	6065	663	4841	1589	6699	2753	3826	186	423	6464	5956	911	5037	6916	1758	3933	3248	1110	5498	2993	3517	4350	585	6068	977	7261	6275	1424	5226	3908	120	2979	1263	4577	3971	4866	1367	5642	2983	5125	7247	3445	2073	1308	6753	3775	2167	7015
1067	5215	4785	973	2023	1478	7139	2581	233	452	1560	3949	3043	4331	5201	1211	4032	5465	1171	4516	2421	2336	5206	7151	3096	148	1950	3602	3643	4709	7233	3909	5561	4868	4174	3192	3215	196	2668	4249	1378	5553	2573	472	922	7014	1469	1619	1309	3220	5626	7239	4370	872	4502	2808	2124	1270	6443	3813	530	785	6066	1819	1923	120	428	6082	3296	4459	6281	4646	2059	791	5890	6863	3815	638	1831	3629	568	6524	1799	7168	1487	4612	5507	460	1521	3121	7039	4798	7095	1091	962	296	1291	3610	6275	7261	3834	1456	6968	1306	441	1912	6580	4993	157	7126	1563	3668	1305	664	1776	1665	1234	6050	5101	6352	3118
284	6133	6434	1036	6755	1817	4036	722	298	6424	1412	5269	1652	3805	748	156	7025	5564	3539	1730	1495	723	2780	5240	1493	894	5380	2617	4694	7255	1440	6272	1266	5555	3120	2539	4629	3052	3461	6706	1334	2076	6807	5409	6713	6593	2714	5062	7005	5286	2570	4127	2915	470	1903	4808	2768	5984	1343	1423	6262	5887	4914	3983	6693	5067	2869	122	4880	5630	1561	4904	6055	2661	4003	1566	2377	1598	2427	1592	3709	2070	5789	2348	7024	3000	6762	2468	2175	615	3976	120	4823	5242	6131	4609	7006	7184	1424	3834	7261	4055	3161	2125	6196	3565	7013	4871	120	6623	5925	5658	3026	3547	6770	5985	1131	914	5797	1749	3306
5897	3936	5311	5372	1572	770	4710	3151	7212	3758	4157	7043	6242	1075	5513	1476	5152	7156	1289	5840	1446	194	3615	1005	2902	2398	7160	1265	6351	5813	2298	1732	972	2259	2858	5892	4953	2329	4159	5739	3611	6963	1796	2832	120	5035	6284	1829	783	6080	611	919	6118	4444	4751	2496	5977	3879	6441	3823	279	3352	1146	6998	6438	479	5114	4713	494	5820	984	4210	4067	6401	3674	2992	6393	2440	436	4128	6849	5996	1081	5220	417	3202	6112	5969	1382	3652	453	2802	1058	5855	4220	3042	1947	1916	5226	1456	4055	7261	4373	504	2313	5135	4099	1072	4161	3574	5327	5970	6407	4146	5951	1042	4595	6306	6292	5799	7103
6603	6444	2258	2831	5313	2376	4977	4265	6662	1187	5182	5076	2478	5442	7068	3584	786	3070	5538	1397	792	3795	3245	2897	7147	2849	2367	6942	2300	4648	5715	1004	1534	1850	1657	5458	2965	6727	4575	245	4165	1182	7097	1998	6768	1475	1905	2914	120	1788	1141	4278	6964	154	1128	6981	3094	6146	2815	5496	1281	880	2116	2788	4926	1117	5031	3468	2642	2820	3196	5838	4431	6505	879	556	208	1016	3164	6202	2339	5900	6687	1968	1323	1400	3360	3999	6333	2819	2400	1318	7167	6788	7107	3896	5233	1527	3908	6968	3161	4373	7261	1526	469	1307	4860	1336	5599	3843	755	3996	1524	185	7063	5307	1031	175	6392	2424	7036
6668	5938	5778	2411	7130	2433	6987	278	6450	327	1316	6602	6474	4132	4419	6423	3725	6915	392	6415	3585	5865	6862	5483	1812	4497	1053	1756	3968	5192	6290	3355	5398	5997	5493	6125	5389	2456	2724	5481	496	2506	5235	1926	5548	5842	6247	913	2381	1995	312	7057	3064	2212	4548	4722	3678	3465	5403	6657	3642	985	5519	6960	5455	6114	1195	2086	6382	2971	445	2863	735	4507	2464	1489	6806	6558	724	4747	6576	4958	5595	1503	762	4004	1486	5722	4746	5105	5361	1014	2443	6476	3632	3700	3966	7196	120	1306	2125	504	1526	7261	1051	3310	2792	2905	5826	4323	3208	3281	5839	2765	3891	7066	264	6063	2197	6294	5681
3485	6323	3511	6425	484	5999	849	3261	331	3401	3122	915	283	1162	4799	3011	4972	4634	2647	4084	5033	690	1989	3789	4082	7027	3422	1428	6931	5748	4664	3614	6026	6328	751	465	6233	4062	6971	1536	1929	5068	6029	1238	6212	1787	805	3681	1218	5439	7028	5404	590	3884	2237	1394	6586	177	5994	2624	1827	6502	5560	4821	2571	3273	3221	1588	1089	1864	1437	6456	6205	2745	2950	1857	3877	3193	1035	2986	4556	4522	1158	1516	674	4533	1213	6803	257	4340	3021	4047	120	1876	5393	6632	2053	6652	2979	441	6196	2313	469	1051	7261	5494	3732	2709	529	1046	6406	1907	776	6970	2297	2026	4719	719	1564	4861	5011
6271	2675	4844	1496	221	4193	740	6654	7220	5862	3516	243	443	120	3135	1070	7244	1792	5648	1940	120	4732	4501	2493	120	6360	4333	2028	1380	5882	541	2767	4251	2777	6714	4054	4440	3472	7045	2850	5812	4439	1715	1920	2311	199	382	5803	2021	2999	3848	2227	2223	7114	4238	2537	932	3718	6278	6705	3549	120	1575	197	403	3786	4738	2761	3046	618	3637	6121	3431	2628	397	2665	696	1152	2826	5760	1713	2391	5979	1205	3752	3773	5756	7084	737	3922	6670	1924	7169	5238	823	2048	5115	4384	1263	1912	3565	5135	1307	3310	5494	7261	4056	4755	6009	613	6169	2405	2294	6411	124	2203	6936	407	6583	4600	3438
5043	3424	2119	1600	4950	5617	4838	5734	6830	3100	5411	3840	3551	5051	4346	2956	3739	6922	780	1101	936	2142	7215	6786	1567	6568	5301	4318	3181	5590	6937	5461	1340	3462	1132	5070	6851	4116	4086	3480	359	5594	6637	3698	6553	333	1145	6077	4188	3317	5200	4899	5877	4988	2230	478	4236	1041	2039	6056	7214	1983	2334	3746	4859	5666	1997	6429	5980	1782	2288	3198	3454	5216	6042	7019	1373	3406	4366	6231	1765	6487	332	6530	4264	802	5397	422	1586	7087	6478	3023	120	2319	4631	3905	120	3715	4577	6580	7013	4099	4860	2792	3732	4056	7261	1937	4828	433	2051	3623	842	5908	931	2585	3997	3716	2659	1024	4104
1311	2200	4468	1430	2131	184	2906	5814	1268	2817	1985	6610	2224	2011	2052	4870	7037	4351	7232	1491	551	6301	4156	6471	5315	7254	2801	2359	6378	6170	1353	5738	642	2875	3853	1626	3603	800	4230	6677	655	3932	3407	2705	2213	7251	4105	5889	4630	2320	7109	438	6385	5572	4349	4296	1711	7070	3528	2548	4658	3254	5732	4879	6618	4181	6053	4887	2217	120	5612	5094	759	7113	1987	1124	2492	4462	700	320	1347	5414	1993	4541	6791	1119	3359	4890	231	2260	6257	6749	1622	395	7105	5684	2201	6240	3971	4993	4871	1072	1336	2905	2709	4755	1937	7261	6383	2476	5591	4605	5947	5063	4919	350	4986	2692	1505	4019	627
6681	1399	3136	6686	2163	956	2646	1398	1037	4308	5445	7079	5482	651	2545	5437	3185	1954	1076	1462	6120	6207	455	1623	3148	6538	1150	1360	3661	7148	6716	2701	6828	5234	4096	2106	3667	5502	4356	5928	1137	2379	1783	6330	7143	4186	4198	7127	2896	3077	5360	4702	2450	3812	6564	120	4905	1871	4765	1851	6984	5737	6410	2941	1902	4421	5219	2839	4473	270	4653	5319	6647	2733	4022	1301	5907	2103	285	1080	5297	4869	3180	5771	2366	2630	1747	6907	4787	926	5852	5131	5717	865	753	4108	6286	3845	4866	157	120	4161	5599	5826	529	6009	4828	6383	7261	6086	1690	1449	6609	1034	3275	2003	2909	7001	4155	6750	1078
1099	3377	4858	6440	5952	5349	6820	5316	4834	4241	6052	2870	6208	2687	3335	3772	120	3419	569	6799	6217	5579	6841	5471	5672	4894	4804	5254	6778	6302	6216	2419	7106	689	7018	3821	1497	3774	4134	3457	3392	971	6702	3762	3201	2894	446	3822	6921	6004	875	4896	1100	4805	4638	369	4335	244	1557	5615	437	254	207	3870	402	5628	3467	692	120	232	2928	1581	2449	6774	120	1772	3240	2694	1855	5670	1122	487	3573	2833	4079	4396	920	5930	2851	5145	2972	1718	4061	7150	2596	3816	561	1583	1367	7126	6623	3574	3843	4323	1046	613	433	2476	6086	7261	7011	5462	632	6953	5338	1700	952	903	120	2281	4158
1185	5589	605	5281	4314	5878	6184	4963	672	5293	6124	6607	5744	3125	725	4873	215	6740	6371	6035	595	5667	1313	5400	2466	6957	4951	6927	607	4417	4540	887	4932	6598	2734	1483	120	498	182	630	4407	3633	2062	6626	1299	3910	2874	1750	6399	7219	2516	7142	2738	515	6129	4037	4762	162	7047	2467	4974	1097	3616	2643	2177	635	2805	1641	3543	1611	4812	4771	5321	5019	6845	4317	2824	143	2153	890	6868	120	5138	2031	5252	2172	1015	2565	4514	5851	5783	5132	2942	225	1685	6882	4897	1184	5642	1563	5925	5327	755	3208	6406	6169	2051	5591	1690	7011	7261	2841	3827	4218	3017	829	523	4888	2996	4903	6252
120	5368	7152	4720	7165	1232	2504	5937	5944	1971	5832	363	4513	1702	3417	4677	191	416	896	4625	1529	5302	120	925	1374	5833	4845	4464	1590	728	2331	4285	4521	4268	1854	4928	6996	406	3613	318	2700	158	6013	3394	6168	1377	4418	5189	1604	644	5044	2165	527	2074	5364	2253	4499	5102	5904	266	2949	2912	4938	4258	4250	1172	4234	1388	1243	3935	1823	2193	4813	3032	5080	2699	248	3165	5155	2488	7085	2151	6166	273	7060	6201	4776	698	3956	4711	4232	4530	6782	2566	5751	1714	704	6245	2983	3668	5658	5970	3996	3281	1907	2405	3623	4605	1449	5462	2841	7261	2672	4587	2018	831	942	6678	5265	5701	3408
6783	5785	1138	120	4226	4539	3970	362	7065	7092	120	2758	1139	6134	766	2423	6574	5149	1279	6873	697	2689	1157	6821	2984	6364	3743	6206	2437	5893	5027	2289	1125	4837	3260	3962	3710	1981	2361	2406	4745	151	710	6838	3277	120	5170	5232	2408	3699	6110	3349	4620	3631	5545	251	1585	2579	210	6669	3376	2371	3003	3568	3856	120	1537	1881	4484	4585	3733	5598	5241	1793	2208	6893	6373	4878	6734	120	2293	2669	4546	4768	3634	6796	3134	3396	2873	2553	784	1966	4222	139	4854	6054	4371	4754	5125	1305	3026	6407	1524	5839	776	2294	842	5947	6609	632	3827	2672	7261	2806	1877	6342	1283	4310	2697	3514	3655
246	967	262	3278	1778	6675	6472	6074	2656	4448	5392	1338	4281	4451	5837	2664	7118	4244	6295	2063	1210	150	4691	6142	6000	172	6010	4570	2465	3943	3269	120	3690	1245	1667	2766	1134	6507	1956	4018	120	1094	6847	5082	5986	4254	5788	2690	5906	4645	5891	6408	4376	4275	660	6666	120	5857	5660	7245	6368	3090	1990	6518	7009	7257	959	6644	5069	6139	4717	804	4102	2128	6840	5653	1821	1365	5430	4271	7195	3947	6546	2117	3624	1233	120	4095	2033	2593	1448	1888	1177	1743	1744	5524	563	394	7247	664	3547	4146	185	2765	6970	6411	5908	5063	1034	6953	4218	4587	2806	7261	5187	2160	6018	552	2057	3067	3597
3478	4446	711	1952	3463	5428	6630	2220	2431	5015	2793	1320	2818	2651	2337	120	6462	1314	4525	686	6861	1133	1541	6186	7062	3293	680	5631	4429	2485	5567	5059	5468	4224	5299	2452	4029	2375	6020	3028	2536	5087	905	6991	643	163	5950	1816	1992	1962	670	4189	2932	2236	576	2976	6682	2426	1010	5885	6837	3271	1889	6314	5024	1436	3015	4712	3137	3058	6075	6358	4793	6825	3346	2242	1938	4797	7078	1310	2951	4426	1284	3580	5365	5531	6683	2543	1118	883	2480	3801	1849	6924	2279	1698	5278	462	3445	1776	6770	5951	7063	3891	2297	124	931	4919	3275	5338	3017	2018	1877	5187	7261	3158	4705	176	458	1703	5864
1293	1256	1275	693	6007	2848	3508	6619	2683	1240	7124	5323	5549	2963	928	4435	5959	838	6279	4610	2112	6707	1967	2187	120	1484	6234	5306	2154	7119	5369	3434	277	2211	4825	4976	6852	6757	6950	742	1964	1501	5640	764	6790	2885	614	6557	1154	524	1176	1368	2595	3104	3506	2964	401	3973	466	3031	6251	3054	2234	4679	5007	7075	5212	1754	6856	953	4504	6929	2621	291	4999	5780	1753	6990	2135	6853	274	2876	3156	6913	1697	3927	2469	1244	135	4494	5706	1738	6972	5346	6549	5253	4073	3708	2073	1665	5985	1042	5307	7066	2026	2203	2585	350	2003	1700	829	831	6342	2160	3158	7261	935	3216	7183	1974	1917
4197	3182	2206	6860	5425	2799	4199	5197	505	3737	5699	4130	3938	3203	1841	2846	1389	6177	521	4334	1734	1439	5686	2229	1616	1728	4297	2385	6293	3562	2444	3609	5636	3487	6102	3504	6312	2479	623	518	837	767	1054	6457	1802	2389	1948	2825	5773	5373	4177	3428	2682	4065	1385	7008	4441	4217	5441	1613	3925	6780	6836	325	3326	4943	1147	5013	3635	5551	6741	6811	2695	2214	3078	2180	6400	2463	6369	5607	5635	3750	6149	5580	120	2265	4654	2397	5008	4683	3974	1250	1273	3212	3788	5858	6881	2598	1308	1234	1131	4595	1031	264	4719	6936	3997	4986	2909	952	523	942	1283	6018	4705	935	7261	4343	7163	3694	5941
610	364	4503	1350	1433	5474	1656	6763	5460	4561	987	302	2718	4454	6726	6226	1292	555	5331	2295	6869	5809	7170	5077	1569	7120	3051	4959	120	4126	1111	5277	3915	3149	5463	223	5418	5122	1509	193	4989	5557	4009	6844	5541	6865	1687	6215	1349	268	2250	2077	4568	4758	2121	4818	675	1464	1317	4089	5178	6488	3872	3459	4358	4412	6704	3858	2654	1649	619	4011	3787	6172	1547	1028	3679	5790	3332	3778	2769	588	2358	4235	6631	4051	6897	3234	2415	528	6452	3152	3807	3247	2056	5326	1944	594	6753	6050	914	6306	175	6063	719	407	3716	2692	7001	903	4888	6678	4310	552	176	3216	4343	7261	474	308	2605
6819	4325	6028	3473	5903	3570	2233	7230	5402	7134	4615	2210	1073	3088	2512	1879	1878	4490	6866	3990	2732	2448	6455	3666	1387	3380	1840	3894	4678	3297	3237	702	2707	3942	7080	2550	1640	6337	5204	2720	3207	5665	2917	7200	1651	3255	4721	1597	5805	5108	3489	1858	3393	5459	6329	2509	3157	1605	3889	2085	2837	4136	271	3338	7234	2495	5542	2608	5160	2939	6482	5881	510	918	1069	4133	3818	2650	1620	1739	5247	2693	435	4726	414	5559	3231	3188	6446	120	4782	1199	677	2035	3780	6850	4696	3847	3775	5101	5797	6292	6392	2197	1564	6583	2659	1505	4155	120	2996	5265	2697	2057	458	7183	7163	474	7261	1930	4078
812	205	4817	6418	120	6388	4572	5687	2762	6277	1965	2161	1679	3785	6771	3146	1411	2652	3074	6138	2522	2291	6592	5911	4115	5949	2578	3474	4304	1961	6259	2335	6288	6902	1104	5806	3836	2538	1520	2667	7260	975	120	1151	6746	2490	5974	1887	4203	3702	1673	2346	6824	6209	6966	3019	1677	4341	6941	4794	4965	3876	765	927	2148	5180	5702	5896	4836	5768	1556	5333	6980	5177	966	7182	1356	5811	768	3013	3069	3178	897	4636	3155	1932	1264	2037	3371	2626	4980	4295	5006	4328	4400	4042	464	2373	2167	6352	1749	5799	2424	6294	4861	4600	1024	4019	6750	2281	4903	5701	3514	3067	1703	1974	3694	308	1930	7261	2412
4072	120	5571	1068	3519	2301	964	4628	3351	5356	4773	1228	3832	4117	3395	2958	2127	5807	2000	3005	2759	6635	4829	4925	4362	1352	3219	2396	3799	3035	7206	6606	6427	454	2439	209	5271	3578	2704	324	741	2756	1511	4576	6600	5257	2989	149	3594	1435	288	744	5935	3085	5733	5924	5290	1225	5268	6999	3656	1663	5727	120	6492	5004	5002	5776	749	2834	1384	1664	5262	2002	1372	2245	4031	2987	715	1326	579	4080	6601	6225	4255	3279	3025	6648	5844	1044	1280	3960	5382	6419	4209	4457	809	120	7015	3118	3306	7103	7036	5681	5011	3438	4104	627	1078	4158	6252	3408	3655	3597	5864	1917	5941	2605	4078	2412	7261
