7261	2836	6017	4891	6275	4867	5708	2912	387	5390	3774	607	5926	2266	5183	1607	2283	963	7248	6079	3616	5469	4381	266	2341	3106	5007	354	120	2259	2194	1075	1788	2799	3085	692	1758	6547	2058	3873	5410	142	691	4417	928	1975	1283	1046	6272	2490	2156	2155	1844	5564	461	1614	1121	3899	2375	6386	6960	1399	1164	3097	6742	734	558	4160	3290	6306	5308	4181	120	549	1083	2968	2353	1802	572	2955	527	2846	6970	3534	3722	4165	3327	2993	7083	4782	1964	3978	2028	5620	243	2568	5552	6934	5254	1162	541	188	2504	2243	6134	2108	3247	936	4901	6232	3185	6460	1935	6261	3194	6990	5261	5475	787	121	4675
2836	7261	7070	1627	410	560	2594	3121	6190	7129	4336	1041	7076	3291	6396	6087	2035	3898	1722	2730	2747	837	1934	813	1444	3624	2225	6497	1899	3283	3302	4380	6884	1129	3809	4918	6164	6437	2732	120	3203	6498	5169	6160	5076	3321	3623	4691	1704	150	6192	2884	4355	6526	6774	5115	2813	1137	1201	2359	3376	2947	2059	4110	6743	6490	5736	4434	1122	3957	3007	1776	4962	3520	1711	6900	2280	6438	1141	5240	6585	6008	2104	6889	3388	6443	2230	6341	556	7213	2728	2807	2392	2071	120	7186	3872	1959	2145	1790	5130	6550	5940	5893	4167	6584	2967	4992	7201	4993	4439	1382	343	1616	5397	684	1102	1034	6216	6245	2517
6017	7070	7261	618	2026	1825	6076	3537	3450	3107	5473	5768	3062	2441	3206	5645	2778	3248	4996	6978	5243	1840	933	4770	1721	721	1887	307	2221	1559	5066	3495	1943	6927	5489	6893	3320	4961	1381	4709	6613	120	566	7059	3351	3494	4575	4205	2810	5072	4267	6095	5992	5573	2381	5974	238	5425	5048	383	6688	1321	3858	2994	120	2966	3213	1905	3761	938	5789	3254	4240	5052	2297	5585	920	5196	7071	4463	1705	1358	3173	2573	253	2251	1916	6314	779	6646	120	6751	2706	3033	3833	510	765	3442	3823	6113	1618	7003	2457	401	4416	3452	4098	2142	6575	2313	1458	3896	5151	5000	5852	7072	3001	5270	4598	1001	5922
4891	1627	618	7261	255	6230	4122	3158	6246	5380	3241	4720	1548	5333	3749	120	6085	4003	6149	1211	2501	5906	5193	368	5716	5819	7166	3387	5638	1346	2162	6610	3656	133	4233	2495	2960	4492	3004	6998	4566	2744	4468	4732	807	3866	3777	2850	6540	2952	1889	6469	2095	6676	5516	2073	4645	4309	2334	1746	3746	3900	412	458	986	6444	2070	5174	7125	3392	4687	5581	6829	6264	1696	6336	3828	6792	2437	5401	6356	2131	4202	146	7221	6544	4785	3776	626	4447	4916	2654	1922	209	1174	2159	6682	1902	2366	3369	2479	5993	3670	5537	6761	1033	6560	3770	6549	3393	6672	1362	3678	3673	6389	1405	1093	2358	6203	6799	714
6275	410	2026	255	7261	6014	6860	2285	6483	7067	3472	5008	2914	1707	1565	6480	2959	3095	6661	2957	2140	5900	4799	6494	6764	3027	4958	1142	1176	120	2018	6129	6183	6541	2874	6639	303	1660	7131	1207	1065	6811	502	3477	7038	1919	4922	3851	2302	3090	4599	5637	845	4422	247	4844	4912	3378	633	5141	3157	2306	2804	1865	2663	272	3558	5943	3751	6746	859	5086	3517	4388	3382	1368	4275	2147	6637	2622	5440	5788	1574	6870	2247	1055	3370	1513	6662	6803	2338	6102	5199	1014	4414	2645	2301	4582	1125	144	615	897	5923	7052	2024	6582	1655	1630	4510	6360	4902	564	123	6750	6818	6050	6034	2235	1344	561	5362
4867	560	1825	6230	6014	7261	6935	7194	6250	6986	1454	3276	1453	5611	6414	5140	4944	2856	6686	4269	5598	3396	3310	551	1859	6937	5813	4234	1592	5980	3017	269	5541	1489	6572	6295	120	4423	6391	2318	1256	947	1369	853	3904	5998	3160	6082	4328	548	1657	3990	3653	3355	2043	6901	2714	3101	491	6854	7168	717	2700	5463	5794	4102	3486	2484	1652	4173	185	4296	5124	2953	4680	3570	2962	7233	2176	5266	4707	6119	6503	1793	6422	6578	5733	6342	7102	5952	1698	5324	140	5610	3607	3150	4513	3860	3544	6933	2153	5563	3942	5344	5126	4949	4437	3861	5970	4755	890	6285	882	5886	4444	3850	2119	2692	3413	1277	3066
5708	2594	6076	4122	6860	6935	7261	6787	4123	5704	5431	175	179	3075	2525	5310	416	6511	4126	4207	6679	3215	6707	5834	3575	4933	3028	2417	6807	664	1417	4016	2027	5715	2749	5510	1547	829	4266	6906	1985	3784	1091	1638	1824	381	5963	4245	377	1269	7101	3099	5905	6282	7172	5454	5455	6780	1868	1270	1735	3665	2473	3294	6474	1829	6862	2695	4868	6635	5179	5459	3541	6936	221	4430	342	910	3511	7183	2934	726	2438	6412	5382	973	3187	4694	4222	1461	3428	5005	3555	2602	2178	1329	598	2904	2924	1888	3025	631	2940	1501	4536	5816	277	1017	6530	1863	974	6441	3040	120	7091	4865	1815	7040	571	1509	2372
2912	3121	3537	3158	2285	7194	6787	7261	2068	2458	1588	3022	1384	3515	4795	7218	2220	120	1944	135	5354	2861	6779	120	2010	4429	4284	2278	5681	2352	878	4663	550	6130	6749	6877	120	4068	6365	5480	1804	2659	2827	4581	1021	4000	4135	6060	4322	1546	2635	3151	5014	5939	3530	3613	5311	2122	6064	1723	2241	6618	5899	1353	5699	6031	4651	7243	5632	4739	534	5202	4092	7133	2800	656	2719	2956	5400	6420	3338	3669	2913	2144	4306	430	648	1631	1761	2196	4929	1316	4283	7191	1718	5332	1471	945	4200	3999	1862	5009	3236	6898	392	1639	6148	5737	5969	3918	958	5218	6068	3444	4792	5442	4656	1662	1850	1678	5451
387	6190	3450	6246	6483	6250	4123	2068	7261	6574	4390	1995	3249	5664	5087	5337	553	1605	4622	6762	6434	2775	1843	4794	3127	2586	1157	7110	6623	203	540	6985	7098	2279	5804	1523	5948	1411	5577	6252	4282	6533	2461	5339	6668	1373	3769	5252	476	5571	1858	2001	120	2760	5147	4905	120	6045	1337	756	5205	5224	5561	3553	2977	3768	156	4885	7114	120	3103	1544	2771	6510	4035	2782	1398	2907	2031	120	2897	4461	5113	1766	3000	6367	6424	5713	1572	2673	3054	6570	2456	3737	1380	3840	5808	1437	976	5950	3877	6506	758	2006	6759	3695	3471	3373	884	2751	3265	4845	1596	5374	378	3304	5507	1571	2822	6809	3153
5390	7129	3107	5380	7067	6986	5704	2458	6574	7261	2191	4015	698	4411	4204	2590	308	3620	5001	6823	2808	1323	6586	3939	3296	1745	6226	5518	2598	5194	6675	5869	2618	1907	1597	4420	3129	3110	5777	2678	1416	962	1377	782	1675	3631	1552	2328	3416	624	1117	597	1147	2970	411	5089	4947	7087	4813	4578	6525	701	883	5090	5534	6259	2951	6817	4590	4753	2261	5349	1789	120	5336	5515	400	6462	3702	5230	2876	1494	5665	4281	4255	1725	3217	843	1175	1080	4937	6482	3706	2961	772	1525	1078	4607	1796	6961	3591	2854	6882	4817	2042	2697	4757	4279	2731	2627	3561	3848	6363	4100	6491	3955	6324	5092	2082	6407	889
3774	4336	5473	3241	3472	1454	5431	1588	4390	2191	7261	4252	6288	4740	1143	2972	6332	3674	6950	2965	6418	1610	3068	3924	1502	5264	4081	6754	7121	6112	1086	5091	4625	1185	5301	7032	1310	6642	4064	1977	2802	120	1727	3459	2915	4066	2533	1821	4829	1106	3814	4033	6885	6400	814	6126	1166	3523	3779	4083	5951	671	2127	414	6208	4820	3410	4040	3003	4114	5814	1948	644	3409	6339	934	120	696	6925	3525	2197	1459	2562	7015	6009	6816	4278	4075	680	6465	5884	1414	1680	6335	4655	1258	3349	6167	6317	6821	6616	3478	292	905	120	3727	1736	4199	819	4013	2688	903	3715	4548	4401	1422	4320	3889	1809	2928	2762
607	1041	5768	4720	5008	3276	175	3022	1995	4015	4252	7261	3552	256	5418	785	3432	6406	4369	1742	2378	4570	396	5381	2976	428	2365	5780	4736	740	7178	2530	1435	516	1282	3973	5383	667	4078	6318	1994	4643	120	6107	3745	5597	3188	5318	4053	7147	4883	6382	2272	233	705	4349	6802	2986	3058	1194	3734	4456	5547	6090	1873	4725	2615	1645	2979	5095	5591	6500	3719	870	1594	6193	3948	1580	3572	338	6217	3521	1623	2519	2899	747	2649	977	362	429	365	5128	7049	4816	7043	3940	4268	6157	120	1708	3190	914	4641	385	5334	7051	4010	1204	6055	5360	2575	4900	3740	801	6493	5614	4693	7222	6116	7080	2047
5926	7076	3062	1548	2914	1453	179	1384	3249	698	6288	3552	7261	2185	997	2954	6024	1993	120	3993	4539	363	3292	6327	353	423	1053	1355	1906	1392	5375	679	5986	6197	5024	1751	6158	2425	4484	655	7062	4830	7077	4977	4858	5978	5443	5956	5918	4878	2485	1634	6880	2704	6172	5452	6576	1633	5977	604	4906	2445	6212	1438	2253	3354	5801	6106	2135	3439	5765	4954	4300	6965	2257	2305	3876	7176	4508	1391	1996	6284	4116	3676	6905	2839	4104	3937	125	4726	4037	6182	408	3271	2317	4674	4608	3506	2101	1285	4569	6084	5355	7240	6061	5450	6442	3612	4250	3162	6005	3610	3261	1554	5692	1426	4519	1611	4192	2630	1969
2266	3291	2441	5333	1707	5611	3075	3515	5664	4411	4740	256	2185	7261	5453	575	1799	4913	1910	6237	5924	4528	3704	6659	1558	486	5499	2910	2574	1903	3405	6057	7260	5575	1781	2591	1493	743	2497	6913	2723	1293	3750	4197	6132	4133	5691	3988	630	3120	6827	120	924	6579	4976	5644	5996	120	2270	562	3566	7163	6121	4604	1280	4872	4343	5348	2420	5805	2383	6841	1632	6269	4538	5371	5394	1593	5727	6428	4920	3167	6888	1629	1521	2345	5878	3414	1173	120	1077	673	4910	3666	5094	5703	4435	5861	1515	6928	4968	5077	5528	4511	3786	3714	7158	5919	3144	800	163	3390	3211	1449	4413	5476	4254	622	1728	5682	3295
5183	6396	3206	3749	1565	6414	2525	4795	5087	4204	1143	5418	997	5453	7261	440	5385	3766	2634	2116	456	6370	4172	6594	4351	5842	4904	3562	7065	5424	744	505	2607	145	1872	5757	4672	469	563	620	499	3102	3672	4832	2206	1591	1754	4091	3449	5826	2512	4005	6601	5512	3037	576	3895	5494	760	5477	4280	6991	1278	6131	1144	219	4361	613	1466	2327	5868	4470	5145	4425	2430	4394	4614	406	6012	6058	4195	2195	7254	1235	2806	649	6665	3642	120	4065	1812	1371	5367	5503	5550	3747	216	1997	892	3255	4544	1445	6630	3919	2362	4999	2488	7058	7019	366	1609	6038	1359	6552	1066	3977	3475	996	4587	1936	1904
1607	6087	5645	120	6480	5140	5310	7218	5337	2590	2972	785	2954	575	440	7261	1543	4305	5720	5351	5728	850	888	1265	1114	3559	2384	2349	662	6611	3652	2486	6524	5232	4660	5135	3635	2938	5705	4630	3214	4834	7115	697	930	4956	4044	896	2786	6507	5288	2601	5298	164	137	4894	139	1739	4791	3443	2211	5402	3257	5608	6355	1635	230	4052	5487	4573	7179	1363	3524	2069	523	1179	2526	848	6070	5345	2901	5376	4688	2462	6478	5797	2187	120	5192	6200	4389	5112	7011	4692	1673	3662	4062	1665	4662	1199	1333	2467	5347	6995	828	2294	6588	3989	5793	4405	5419	2626	3822	5483	5811	3712	186	6309	5097	2985	7148
2283	2035	2778	6085	2959	4944	416	2220	553	308	6332	3432	6024	1799	5385	1543	7261	120	1615	6875	2676	6380	2895	3216	4345	6313	727	4987	820	1874	6907	4515	7026	6115	1599	6254	1462	3274	296	6180	3350	4241	7055	1784	5690	3284	7109	6763	1198	3039	4980	7126	2606	5521	1311	689	3910	6721	3578	7105	1984	4476	3927	1794	4673	4541	3527	3377	5127	5947	3817	7134	5352	2708	4997	6110	4164	2315	6607	5569	3024	3821	180	3052	1138	3082	5138	2864	2038	4521	4163	5769	2828	3854	5118	2036	5902	4108	4574	2129	3386	1318	570	3765	171	4374	769	1079	2870	5155	4149	6557	783	6587	6656	4669	208	4277	1976	4215	5929
963	3898	3248	4003	3095	2856	6511	120	1605	3620	3674	6406	1993	4913	3766	4305	120	7261	2703	4714	3543	2267	6989	599	3318	530	546	120	5889	1970	2030	623	6175	4636	7165	2520	5958	6800	3906	1541	131	3868	2983	4819	6122	2995	710	5616	1674	6069	2118	3796	1134	120	5396	851	4334	1406	5297	4366	3499	4911	3581	5019	5584	120	3426	278	6820	4193	5414	5688	6931	594	120	191	5599	3953	6568	3322	6727	2867	764	6654	316	4022	4979	5885	3762	3487	124	3994	3332	6227	305	2469	1159	985	670	5523	6173	5722	1229	2394	688	2502	2120	2832	1116	830	6042	5818	4731	6040	6861	6025	4856	7152	3964	2480	488
7248	1722	4996	6149	6661	6686	4126	1944	4622	5001	6950	4369	120	1910	2634	5720	1615	2703	7261	6413	2680	3752	5774	6963	1168	3346	2729	5235	1808	1275	5501	7078	4220	4928	3956	1133	2752	2950	4398	1549	3540	3505	1074	6694	4027	5212	5082	1217	5562	4853	3954	6808	1539	6247	5117	5822	5803	2209	4079	4264	3281	1400	1579	1165	1582	5200	5206	3974	359	761	1892	450	3576	5045	2265	2521	587	659	2061	1927	3375	1710	1797	4211	2396	5006	3791	3565	5798	5982	2234	2387	6139	4863	4248	5222	5114	2007	6320	3794	3301	7029	120	4579	7020	7035	4909	4481	302	5545	6150	5219	669	5435	6620	2588	1457	5773	2637	833	4226
6079	2730	6978	1211	2957	4269	4207	135	6762	6823	2965	1742	3993	6237	2116	5351	6875	4714	6413	7261	6103	5938	6062	1713	2830	4804	6819	6202	5247	6770	120	4571	6393	5678	5447	6589	6947	5744	1911	5668	169	6020	4072	3398	4323	3366	3457	3713	2242	7210	120	160	7108	4605	5524	4224	6301	2516	1604	236	4969	1095	3801	4592	3094	5350	6453	1715	340	790	5687	3773	6752	4188	5909	2596	6225	6281	3418	4213	4118	2483	501	5612	3753	1389	120	6753	795	4517	2062	2056	427	4454	6331	4286	4372	3533	5245	6127	605	5709	120	6066	4412	6421	2442	3353	1475	5742	906	5743	1473	2218	324	872	2784	4041	3171	7122	1495
3616	2747	5243	2501	2140	5598	6679	5354	6434	2808	6418	2378	4539	5924	456	5728	2676	3543	2680	6103	7261	4023	1827	4943	4151	5892	3501	3305	1510	6904	7117	1508	4440	1949	1112	4682	223	3329	2565	120	2316	3126	2390	4391	2226	1463	425	5406	3469	2356	457	205	6777	259	5873	7090	3135	3163	6518	5143	6691	3645	2553	640	3735	1061	4187	6344	1334	1743	3717	4339	2222	6700	1183	911	4400	1286	2231	1813	4382	3165	4649	4086	5187	7159	4932	5321	2416	1568	1028	3208	5407	4815	3482	6786	3045	2662	3361	6233	5673	6605	3402	372	5184	2696	6878	2312	4242	6097	658	2670	1540	2894	3193	1617	3364	1533	2339	3076	5102
5469	837	1840	5906	5900	3396	3215	2861	2775	1323	1610	4570	363	4528	6370	850	6380	2267	3752	5938	4023	7261	2141	2709	1403	1852	4540	5865	5990	3528	7036	1156	1010	5663	6152	1783	876	4480	4610	2974	6824	4379	3224	4626	7063	1304	6974	6411	138	6425	3542	1264	4758	2592	1434	6804	2004	5053	1352	218	1100	3949	7246	2821	6120	5267	954	4801	3389	1967	922	5302	120	3014	464	6223	1295	7120	4706	481	1683	5306	5582	5942	3461	5445	130	5741	242	3815	3243	2826	120	5379	7079	4923	420	964	581	3827	1749	839	7181	2322	6086	2712	2831	2657	5104	6289	3262	2726	6528	1960	4514	7061	1197	2309	6297	524	4182
4381	1934	933	5193	4799	3310	6707	6779	1843	6586	3068	396	3292	3704	4172	888	2895	6989	5774	6062	1827	2141	7261	2388	1072	2605	6432	514	4671	1505	4180	3790	1395	3637	6373	4371	326	1327	280	3440	206	210	3519	5566	2022	5829	6740	1499	668	2717	6890	2529	2463	3807	4595	1837	6658	1504	5341	1240	1709	6322	2949	3380	5519	7107	5280	5342	5022	1238	3802	258	842	3070	1838	257	4373	3077	1659	2128	6468	5461	261	6366	3998	1038	7154	4975	3093	4318	1589	5430	4333	5272	4576	3180	3875	4970	357	5248	3307	4609	3905	120	3748	2217	6563	6302	5386	2869	361	415	6923	3639	832	2741	1801	2624	120	4019	2173
266	813	4770	368	6494	551	5834	120	4794	3939	3924	5381	6327	6659	6594	1265	3216	599	6963	1713	4943	2709	2388	7261	3220	432	465	4050	337	1485	2175	6409	5833	6458	3710	1641	4485	1120	6976	3767	1206	5652	3372	5011	7001	1244	1421	767	4310	2613	6220	1914	451	866	3709	3628	3883	2182	7214	2885	193	1755	6896	2126	5954	1866	2239	3091	3119	3072	3384	2114	735	942	3231	5251	6794	3473	4790	3170	4020	4959	1768	2629	4357	4497	6426	4776	3970	1094	6558	2164	4289	4058	4768	6869	5505	1419	4938	3148	495	496	424	899	1951	826	4717	6728	252	2801	2611	6117	1284	4246	682	4008	2816	5851	5479	3864	6657
2341	1444	1721	5716	6764	1859	3575	2010	3127	3296	1502	2976	353	1558	4351	1114	4345	3318	1168	2830	4151	1403	1072	3220	7261	2819	2721	2190	1412	2780	6379	3707	6104	2233	6114	3433	7146	7212	120	5867	999	6405	5171	2205	2149	1856	120	751	1006	3804	120	6388	4350	1218	600	6495	5898	966	4124	6075	2410	3995	4312	4826	5172	2344	5125	452	2044	1474	7153	4179	4473	4502	5062	284	6685	2163	5040	5580	3043	294	6741	1947	1620	4772	4034	5373	5606	6590	6554	1328	3016	3617	4708	4095	545	5353	4811	4554	4418	5533	3513	454	2658	1181	802	120	1650	5478	4140	1643	536	2866	2633	7024	7048	3680	1248	4553	2439
3106	3624	721	5819	3027	6937	4933	4429	2586	1745	5264	428	423	486	5842	3559	6313	530	3346	4804	5892	1852	2605	432	2819	7261	6548	1215	5109	4821	4127	6892	6948	2880	4925	6969	174	3124	3681	5864	919	5031	3923	199	4716	2188	2532	7137	5831	3133	5370	2946	2787	4293	2770	1679	6433	120	6376	2210	2074	5543	4438	4028	625	5361	3404	690	364	1637	320	3728	515	5216	3698	1785	6054	6351	3391	4018	5292	5739	1870	4055	5850	5849	1322	5642	1302	3625	3234	2508	1068	3333	4889	5346	2991	3169	6766	573	7018	6348	2415	2204	5279	2343	2248	4647	2399	3013	2432	6992	4191	1581	5649	2603	4132	1520	3098	4568	2933
5007	2225	1887	7166	4958	5813	3028	4284	1157	6226	4081	2365	1053	5499	4904	2384	727	546	2729	6819	3501	4540	6432	465	2721	6548	7261	3225	5392	3592	733	120	1432	6176	6305	5651	5491	1050	328	1724	4210	812	1450	6772	1130	5180	3125	2581	3997	3069	6488	3842	3983	4144	5677	5700	1925	4615	4186	1071	2296	120	529	1225	2393	2076	6123	2015	2543	6291	1016	120	7141	854	2853	5058	1246	2773	715	4189	5579	6617	4798	6747	162	4596	1004	3963	1230	7162	1231	5366	4654	2823	3846	5904	6678	5434	860	3175	3438	2080	297	3967	6502	195	4532	5073	4741	6513	6273	1047	215	3785	6619	2758	6221	5799	6179	827	3824
354	6497	307	3387	1142	4234	2417	2278	7110	5518	6754	5780	1355	2910	3562	2349	4987	120	5235	6202	3305	5865	514	4050	2190	1215	3225	7261	3758	1022	1484	580	3279	2570	712	2855	1931	6671	1957	6091	5622	5847	6867	384	528	1407	3636	2510	2371	3806	3272	7242	176	2761	4236	5661	301	158	120	2835	2889	4451	5920	4337	612	4452	1294	1940	5409	6940	7069	6447	4825	2873	2143	1172	4139	4686	909	1019	4668	6655	1424	6051	6598	2514	6298	983	6852	1953	7237	3303	4705	2470	2169	3161	4125	3549	235	652	7135	6833	5589	5888	998	2572	120	5583	5327	6108	2805	2148	3627	7209	7006	4838	4698	5928	1536	6456	4908
120	1899	2221	5638	1176	1592	6807	5681	6623	2598	7121	4736	1906	2574	7065	662	820	5889	1808	5247	1510	5990	4671	337	1412	5109	5392	3758	7261	557	786	628	6781	685	4496	815	2090	1642	200	1653	1360	1909	4670	6089	3551	836	665	2925	6975	646	6349	3648	4756	3456	4627	1081	2137	237	2937	2868	3113	2087	5607	3545	1687	636	373	3218	4338	3026	3946	2040	4260	632	2097	246	5168	1555	1806	177	2922	3230	5148	1356	5213	1526	6805	6726	1085	3395	295	3980	2433	2577	5259	3195	3209	4178	5182	2269	4702	4561	1341	5226	895	2379	3029	2397	1606	3720	6153	3934	4487	7085	5063	650	1245	5549	2286	4313	194
2259	3283	1559	1346	120	5980	664	2352	203	5194	6112	740	1392	1903	5424	6611	1874	1970	1275	6770	6904	3528	1505	1485	2780	4821	3592	1022	557	7261	3514	374	3006	348	6228	1160	3839	1842	3363	6523	1646	7025	6155	1731	3018	5250	2503	6876	5509	5925	433	2382	2323	5085	3341	4384	2079	4093	5227	3300	5554	7099	2411	5973	6713	4761	5714	2011	2130	1685	6449	4552	5841	6204	7045	1586	7225	3118	2329	592	694	379	3277	6044	6466	2051	5848	567	2579	1464	3671	120	5016	4951	821	6622	2698	3074	4356	2237	5859	4612	3336	1203	2369	511	3598	731	6660	1938	2300	333	1427	120	1817	5815	6033	2354	748	4808	6924
2194	3302	5066	2162	2018	3017	1417	878	540	6675	1086	7178	5375	3405	744	3652	6907	2030	5501	120	7117	7036	4180	2175	6379	4127	733	1484	786	3514	7261	3888	3462	1573	4620	6398	473	4941	1882	5596	6830	2402	3881	1480	6292	5669	2172	3441	4974	1186	5464	4465	2444	776	3498	749	5592	6783	2795	317	4658	1955	6677	781	6883	5198	1260	2476	5650	6689	4988	2134	2541	3489	217	5056	565	4800	2779	1511	3693	1800	1342	349	172	3573	5916	601	498	6094	2878	1999	7244	6853	2559	3476	4841	198	2016	5096	4558	2083	1452	2320	4459	5795	3874	4046	6849	2842	953	2311	2531	5763	6296	1762	4564	5792	5359	5760	2790
1075	4380	3495	6610	6129	269	4016	4663	6985	5869	5091	2530	679	6057	505	2486	4515	623	7078	4571	1508	1156	3790	6409	3707	6892	120	580	628	374	3888	7261	5003	3177	7231	5181	5603	4424	6790	2422	5012	3258	1000	1012	863	2817	6951	3965	5335	2860	704	3938	6879	1415	5234	4469	591	4001	4017	2882	873	711	3297	5680	984	3023	1096	4208	3724	6484	865	3985	5836	7016	3114	3556	517	2619	5540	2767	2733	916	4512	2672	4837	4556	5629	583	3626	3795	1692	249	3504	3345	265	6163	1299	6481	706	1570	1987	120	3156	4809	6938	2021	4559	940	862	3952	6346	1253	3755	4563	4652	120	1430	5609	4769	5457	3818
1788	6884	1943	3656	6183	5541	2027	550	7098	2618	4625	1435	5986	7260	2607	6524	7026	6175	4220	6393	4440	1010	1395	5833	6104	6948	1432	3279	6781	3006	3462	5003	7261	4738	5133	554	1152	1386	6001	1298	6509	1983	1119	3812	4038	3991	421	4364	7184	4886	4443	5295	6765	4812	6644	1477	5937	335	2638	2875	6716	2281	925	2902	7138	509	5204	5281	1108	6532	6949	1306	5037	1869	5312	4353	2214	6650	404	6784	232	120	1576	4171	1189	3925	1076	1031	5041	1490	7050	6881	2046	5093	6378	901	120	157	2939	6943	5436	6778	518	3950	6666	1127	3810	4274	413	4530	2179	3315	1896	2943	7202	482	937	774	260	5806	3032
2799	1129	6927	133	6541	1489	5715	6130	2279	1907	1185	516	6197	5575	145	5232	6115	4636	4928	5678	1949	5663	3637	6458	2233	2880	6176	2570	685	348	1573	3177	4738	7261	4751	443	5057	7088	3808	6415	4560	2428	5994	7056	5670	7140	3799	1575	2582	5957	7157	2929	6760	3731	1682	1325	5158	5411	6486	6897	3941	189	3219	1039	2337	1007	1273	136	4665	245	6776	2367	7223	1338	3012	319	1861	4063	3855	3609	315	6004	5432	3463	7021	4860	7197	3929	5244	1769	1982	6971	2008	5964	6472	1884	4871	4771	5903	388	2373	6098	120	709	522	120	3352	5050	1276	6624	5323	4134	5666	3359	1336	5100	6371	590	5466	1290	6874
3085	3809	5489	4233	2874	6572	2749	6749	5804	1597	5301	1282	5024	1781	1872	4660	1599	7165	3956	5447	1112	6152	6373	3710	6114	4925	6305	712	4496	6228	4620	7231	5133	4751	7261	5858	5269	2879	2498	818	5696	3893	190	6142	3508	120	5123	1669	2887	739	2580	857	771	2398	5914	6487	2628	3226	4537	951	4763	7175	2651	2426	588	3278	4154	5260	2212	4650	120	2107	5556	5444	886	3646	5160	5772	2707	120	5966	6181	663	568	1562	371	2450	3992	455	3132	2988	647	2376	3141	2772	2948	241	2454	7081	3083	2103	2593	2677	4711	1636	2364	627	653	2207	6078	2702	1512	3176	399	5527	1857	661	6648	2110	4888	2506
692	4918	6893	2495	6639	6295	5510	6877	1523	4420	7032	3973	1751	2591	5757	5135	6254	2520	1133	6589	4682	1783	4371	1641	3433	6969	5651	2855	815	1160	6398	5181	554	443	5858	7261	3567	6789	5667	1651	1397	6687	6410	1250	4129	2791	3268	4060	5175	2276	5190	5698	3468	1932	1470	4436	6323	1315	4162	4676	2766	3757	891	6651	3182	4957	6994	1443	2060	3399	3319	3611	3606	3507	2833	3134	4584	1979	6109	4383	5955	5882	4639	6812	5719	4043	3038	1003	4089	3830	5790	728	3149	3047	2984	1779	2893	7073	2722	2440	6381	5548	4143	1170	5654	1917	6191	6439	3488	1188	5120	6813	5047	5438	5735	1241	2905	402	6485	120	2075
1758	6164	3320	2960	303	120	1547	120	5948	3129	1310	5383	6158	1493	4672	3635	1462	5958	2752	6947	223	876	326	4485	7146	174	5491	1931	2090	3839	473	5603	1152	5057	5269	3567	7261	5749	610	2255	2604	1702	823	3852	6081	184	3339	773	6262	2418	2078	1963	477	3764	4206	7196	1818	4840	6791	2219	2560	5465	3892	5228	2293	579	2183	1654	5060	3289	1478	6238	6470	5907	4450	3436	120	1291	7208	6018	3878	3282	7224	4348	497	2524	3742	4855	6137	5291	2797	506	885	4263	3479	5026	7155	5136	6999	5197	6240	6165	5877	6198	6471	318	6988	2558	3660	3285	6636	1974	1898	6698	5771	1348	5846	3010	3655	244	3701
6547	6437	4961	4492	1660	4423	829	4068	1411	3110	6642	667	2425	743	469	2938	3274	6800	2950	5744	3329	4480	1327	1120	7212	3124	1050	6671	1642	1842	4941	4424	1386	7088	2879	6789	5749	7261	6921	6133	5081	3711	6837	6836	2644	3408	3229	4271	2282	3926	4978	4273	1447	1451	4331	5042	4775	3480	4061	2481	3813	6573	2625	3518	6022	6577	4836	2834	4640	4253	2865	120	2009	2881	1467	475	7187	3659	4138	4157	1773	1136	7004	5239	537	7226	422	6755	6169	5712	3502	2452	3738	2916	3412	5395	4945	3403	6697	6479	4136	375	3252	1697	6362	4843	6162	3111	4148	2072	1105	442	5511	5201	2917	2404	2158	683	5150	2052	1320
2058	2732	1381	3004	7131	6391	4266	6365	5577	5777	4064	4078	4484	2497	563	5705	296	3906	4398	1911	2565	4610	280	6976	120	3681	328	1957	200	3363	1882	6790	6001	3808	2498	5667	610	6921	7261	1531	480	149	6696	512	6473	1644	1598	6189	1025	6599	982	1367	4158	4839	3084	1700	1613	4600	5257	1387	6796	3117	766	5747	6099	4697	5879	5605	4876	2252	2920	6184	2391	6967	275	1496	1361	5917	4276	1584	770	4214	6920	7193	929	6002	7093	3538	5694	6649	5617	1390	4535	3131	4131	380	6873	2643	4991	5570	5944	5265	154	2656	5532	3841	666	1027	5110	1131	2647	5474	1798	1236	5185	2464	810	5028	1271	931	3593
3873	120	4709	6998	1207	2318	6906	5480	6252	2678	1977	6318	655	6913	620	4630	6180	1541	1549	5668	120	2974	3440	3767	5867	5864	1724	6091	1653	6523	5596	2422	1298	6415	818	1651	2255	6133	1531	7261	6932	3664	3690	6141	6334	7060	6416	6962	1719	2888	4080	5039	3424	4239	2674	3325	6580	702	1388	290	3360	5887	4684	4428	5578	393	202	5786	6602	2478	4565	220	5132	7216	1366	6559	5152	4231	6249	6592	2546	2000	5921	5755	6308	2845	7013	6626	2192	1693	3081	5544	2472	2527	4828	6903	4870	5032	5038	5285	2215	2412	2102	2513	939	4404	4854	504	5745	4363	4446	2419	2621	2693	6328	347	5290	904	2599	6311	6604
5410	3203	6613	4566	1065	1256	1985	1804	4282	1416	2802	1994	7062	2723	499	3214	3350	131	3540	169	2316	6824	206	1206	999	919	4210	5622	1360	1646	6830	5012	6509	4560	5696	1397	2604	5081	480	6932	7261	4295	2268	3996	4506	4442	1900	6730	4710	5004	6048	187	3522	6739	120	6886	4796	4392	3871	1370	1691	2487	5778	4415	6144	120	3128	6431	3526	1720	864	4344	3306	3863	3235	4994	5766	6383	3836	4678	1823	3933	1313	2745	2094	3531	2013	2326	1272	4723	3621	4577	7227	3385	3920	584	4603	4009	1895	1677	120	1063	3614	6039	1163	5729	3340	5495	3560	844	1177	4292	6705	2774	2050	6092	4602	6404	2652	730	1578
142	6498	120	2744	6811	947	3784	2659	6533	962	120	4643	4830	1293	3102	4834	4241	3868	3505	6020	3126	4379	210	5652	6405	5031	812	5847	1909	7025	2402	3258	1983	2428	3893	6687	1702	3711	149	3664	4295	7261	3228	2909	3166	4606	7235	5106	4474	4359	6942	2370	559	2944	725	1064	5422	1044	5863	2093	6645	3825	6919	4973	161	6843	5809	3685	3446	2455	2177	2168	1429	6452	5988	2505	3049	3882	4221	5504	3867	6093	4367	467	3608	6775	3460	6710	204	3741	4478	2918	6871	4501	3034	287	120	5824	5364	2756	585	2275	6065	2718	3663	1259	887	4967	2561	4358	5002	6265	4681	6621	4113	959	2049	1992	6891	462	3490
691	5169	566	4468	502	1369	1091	2827	2461	1377	1727	120	7077	3750	3672	7115	7055	2983	1074	4072	2390	3224	3519	3372	5171	3923	1450	6867	4670	6155	3881	1000	1119	5994	190	6410	823	6837	6696	3690	2268	3228	7261	5828	3197	5404	1890	4407	5628	5055	6461	431	7173	3634	5441	5289	1537	6450	4258	3191	2564	4084	5338	3574	5101	2544	806	2759	7074	4036	2843	1482	6855	7217	5282	4667	7112	1716	6517	283	4695	6909	5313	3270	1714	2213	3205	5881	5779	3055	1393	3199	1518	5030	6725	722	5399	1830	6337	5871	120	7119	3466	2403	2203	1184	4261	1056	935	1952	314	582	4985	2360	4930	4730	1945	2640	5953	5960	6353
4417	6160	7059	4732	3477	853	1638	4581	5339	782	3459	6107	4977	4197	4832	697	1784	4819	6694	3398	4391	4626	5566	5011	2205	199	6772	384	6089	1731	1480	1012	3812	7056	6142	1250	3852	6836	512	6141	3996	2909	5828	7261	1343	3557	6429	6286	1331	5671	5630	5207	4319	856	3056	2641	6015	6026	4471	3684	6615	267	7200	2720	6828	4341	3568	7190	508	4330	5796	4317	6706	6718	1891	6652	2380	6911	3420	3036	3331	6681	1441	629	274	5883	6692	389	1262	120	5121	3256	6979	672	1557	6709	3951	5764	1067	2725	1088	304	5340	1577	3251	1069	1664	4750	6788	446	1008	4120	5941	6032	2331	322	2841	6634	6046	6831	6368
928	5076	3351	807	7038	3904	1824	1021	6668	1675	2915	3745	4858	6132	2206	930	5690	6122	4027	4323	2226	7063	2022	7001	2149	4716	1130	528	3551	3018	6292	863	4038	5670	3508	4129	6081	2644	6473	6334	4506	3166	3197	1343	7261	902	3065	1717	178	5163	5908	2684	2757	1864	1564	2735	120	2408	4288	1431	4895	6280	608	6632	6769	695	2550	2112	3445	181	3960	3260	6408	7171	196	6519	4007	4395	120	3212	3945	5872	645	4734	3317	6417	3019	4822	2138	1566	2632	6251	321	2891	4105	6140	6445	6767	3771	1237	3594	6732	4533	6795	5467	4327	2249	1070	5657	3330	231	5857	2459	3862	4262	2319	3630	4216	356	435	6832
1975	3321	3494	3866	1919	5998	381	4000	1373	3631	4066	5597	5978	4133	1591	4956	3284	2995	5212	3366	1463	1304	5829	1244	1856	2188	5180	1407	836	5250	5669	2817	3991	7140	120	2791	184	3408	1644	7060	4442	4606	5404	3557	902	7261	3984	3497	5711	5493	5286	270	468	151	4101	2642	3972	1971	5498	1155	6124	2763	2174	7204	1233	4685	6565	5278	3155	1886	7002	6397	5740	3683	4352	7123	2091	4235	4433	1220	5911	7241	4742	4184	2325	1626	4096	3259	6926	4721	6403	6720	6958	6643	2224	6966	6629	5255	6375	4209	7086	6257	4198	1908	7092	5721	4981	310	6810	5734	5746	4859	3454	5641	791	5600	6625	1926	1601	532	3221
1283	3623	4575	3777	4922	3160	5963	4135	3769	1552	2533	3188	5443	5691	1754	4044	7109	710	5082	3457	425	6974	6740	1421	120	2532	3125	3636	665	2503	2172	6951	421	3799	5123	3268	3339	3229	1598	6416	1900	7235	1890	6429	3065	3984	7261	4890	1251	2685	5897	4523	2699	6583	6737	2157	3202	1330	6793	1161	777	5249	6982	2494	3550	7256	970	4518	6887	6704	1234	1688	5242	1274	3470	299	6319	7047	6185	4699	1965	6345	1834	4805	2263	7253	2921	657	2054	2132	1193	907	7031	1045	4917	2793	6641	5635	5408	2548	3595	2803	4861	6608	6863	713	1841	5821	4059	5927	2451	3145	2236	846	2942	3009	5812	478	1524	798	6529
1046	4691	4205	2850	3851	6082	4245	6060	5252	2328	1821	5318	5956	3988	4091	896	6763	5616	1217	3713	5406	6411	1499	767	751	7137	2581	2510	2925	6876	3441	3965	4364	1575	1669	4060	773	4271	6189	6962	6730	5106	4407	6286	1717	3497	4890	7261	3986	4580	2333	5059	5838	6448	1420	5209	5486	2798	965	6049	6567	3605	4793	5153	3668	757	4109	6105	6194	2496	167	4431	152	6894	5427	1913	5557	3400	2689	3783	6522	3853	7111	2522	1488	737	459	5189	4525	4851	1595	1875	1519	1035	1153	3697	2181	120	1216	5421	4724	5433	6733	1214	120	382	3458	2851	1058	4495	1942	3650	6052	577	2096	1961	6856	3223	2321	3914	4621
6272	1704	2810	6540	2302	4328	377	4322	476	3416	4829	4053	5918	630	3449	2786	1198	1674	5562	2242	3469	138	668	4310	1006	5831	3997	2371	6975	5509	4974	5335	7184	2582	2887	5175	6262	2282	1025	1719	4710	4474	5628	1331	178	5711	1251	3986	7261	4806	3987	5256	327	1281	6527	5162	4229	3689	4467	2477	5648	5372	6248	1232	1527	3580	3159	3730	681	4984	3649	5328	1440	3431	7084	5860	1752	5529	1587	780	4982	6196	1020	3453	5896	753	3743	4212	2671	2443	6866	1695	4748	2975	2304	6738	4256	470	332	1305	6801	4551	5177	1532	5314	1998	2413	961	2549	6214	995	4787	1442	2064	1139	6310	2092	796	4067	120	4833
2490	150	5072	2952	3090	548	1269	1546	5571	624	1106	7147	4878	3120	5826	6507	3039	6069	4853	7210	2356	6425	2717	2613	3804	3133	3069	3806	646	5925	1186	2860	4886	5957	739	2276	2418	3926	6599	2888	5004	4359	5055	5671	5163	5493	2685	4580	4806	7261	6236	2932	3334	3362	5176	4524	5320	4152	6521	2466	993	5604	5497	1345	4764	4490	3661	7151	1448	6561	3829	1013	7250	4021	2357	4824	6773	5987	4170	6956	120	5538	1820	4159	3600	4653	969	4814	4464	2355	3935	4542	3781	4329	4881	1860	3021	3961	3879	6364	5695	4648	5129	2081	840	2250	6945	2347	2896	5305	120	4803	5274	3909	1747	2271	3622	3599	3051	3227	3803
2156	6192	4267	1889	4599	1657	7101	2635	1858	1117	3814	4883	2485	6827	2512	5288	4980	2118	3954	120	457	3542	6890	6220	120	5370	6488	3272	6349	433	5464	704	4443	7157	2580	5190	2078	4978	982	4080	6048	6942	6461	5630	5908	5286	5897	2333	3987	6236	7261	2025	211	6731	5856	5307	1810	5468	606	834	596	3546	2254	1782	4421	6844	2436	4039	3245	1140	752	5783	4729	6980	2587	1738	2926	3116	2748	143	5149	6072	5462	2769	1439	1146	4995	3287	6797	5025	487	6703	3856	6959	5326	6683	2989	2765	4377	4823	5820	1826	5069	4504	5754	521	1585	4666	1266	166	155	5839	2614	479	2216	4304	634	1460	593	6848	5068
2155	2884	6095	6469	5637	3990	3099	3151	2001	597	4033	6382	1634	120	4005	2601	7126	3796	6808	160	205	1264	2529	1914	6388	2946	3842	7242	3648	2382	4465	3938	5295	2929	857	5698	1963	4273	1367	5039	187	2370	431	5207	2684	270	4523	5059	5256	2932	2025	7261	6401	6734	1401	7028	4308	5103	1988	466	6071	2739	5296	6944	6839	3421	434	5403	7089	5587	5203	2351	6188	6278	900	3975	1941	1491	2669	5962	2740	6135	5568	4302	788	2405	3057	3246	745	7247	2330	1553	6745	4111	1213	2314	4445	1300	2547	341	2844	687	6996	4025	1109	1487	4360	6851	7180	535	7082	3859	6138	5043	2539	3496	1335	4237	4387	3688	120
1844	4355	5992	2095	845	3653	5905	5014	120	1147	6885	2272	6880	924	6601	5298	2606	1134	1539	7108	6777	4758	2463	451	4350	2787	3983	176	4756	2323	2444	6879	6765	6760	771	3468	477	1447	4158	3424	3522	559	7173	4319	2757	468	2699	5838	327	3334	211	6401	7261	5105	990	3109	1257	453	2123	5070	948	3548	3687	2340	2776	460	5142	3348	3686	2996	5273	3843	6459	3455	4103	6505	2639	1989	1252	4147	4432	224	4397	849	1956	6170	2623	132	967	1101	3207	5166	3046	4619	5023	418	3647	2666	7234	3870	4585	4659	3780	724	1883	1667	4847	755	2788	2665	1192	2964	4482	4696	1209	5613	5880	1545	4142	6467	5931
5564	6526	5573	6676	4422	3355	6282	5939	2760	2970	6400	233	2704	6579	5512	164	5521	120	6247	4605	259	2592	3807	866	1218	4293	4144	2761	3456	5085	776	1415	4812	3731	2398	1932	3764	1451	4839	4239	6739	2944	3634	856	1864	151	6583	6448	1281	3362	6731	6734	5105	7261	1190	5369	3280	2077	441	3201	1775	6315	1732	4572	5246	6534	4265	4314	5602	5660	419	5726	4746	651	3186	3903	7139	1180	6338	6168	6244	1379	1456	2742	2125	4965	6156	1104	1867	3708	3044	4767	5639	2545	2825	7251	719	6941	4936	6670	4270	1200	4488	4810	2146	5997	3703	941	5391	6028	5843	2150	5449	7033	7113	3885	4441	3415	6899	5936	805
461	6774	2381	5516	247	2043	7172	3530	5147	411	814	705	6172	4976	3037	137	1311	5396	5117	5524	5873	1434	4595	3709	600	2770	5677	4236	4627	3341	3498	5234	6644	1682	5914	1470	4206	4331	3084	2674	120	725	5441	3056	1564	4101	6737	1420	6527	5176	5856	1401	990	1190	7261	6211	6231	4893	6846	6785	4765	5377	5710	2589	5231	273	5542	6562	5901	3383	4597	1158	3335	3481	4238	168	932	4642	5210	5935	3042	5413	2705	5526	4780	7068	874	5827	3232	5033	6997	2736	1111	2982	4789	5034	6059	3493	677	2434	3588	5165	129	2200	6987	5791	409	3932	3832	6290	6939	3644	1753	5862	1486	1364	6551	7118	5520	6591	6492
1614	5115	5974	2073	4844	6901	5454	3613	4905	5089	6126	4349	5452	5644	576	4894	689	851	5822	4224	7090	6804	1837	3628	6495	1679	5700	5661	1081	4384	749	4469	1477	1325	6487	4436	7196	5042	1700	3325	6886	1064	5289	2641	2735	2642	2157	5209	5162	4524	5307	7028	3109	5369	6211	7261	5802	395	1602	293	5693	2299	6571	3826	5178	2180	6600	7010	2446	2515	6010	1765	3847	3407	2812	4449	2980	3902	5506	4509	2186	4715	6702	5020	4546	5684	5933	5099	120	4926	5064	5631	4483	120	7230	4727	3725	1972	2683	1853	4631	2468	4325	641	3358	397	1671	7100	2499	4365	2849	6096	988	2342	6354	298	2713	1706	1885	4935	4835
1121	2813	238	4645	4912	2714	5455	5311	120	4947	1166	6802	6576	5996	3895	139	3910	4334	5803	6301	3135	2004	6658	3883	5898	6433	1925	301	2137	2079	5592	591	5937	5158	2628	6323	1818	4775	1613	6580	4796	5422	1537	6015	120	3972	3202	5486	4229	5320	1810	4308	1257	3280	6231	5802	7261	312	6717	5018	3886	3147	1219	1640	4618	4257	1950	1780	5439	3696	3347	2682	4628	3536	1332	6352	1472	3928	3532	3140	4346	286	2578	3154	7066	4990	538	1135	288	1681	3700	6917	4743	1805	120	7057	3313	3179	5807	6609	6756	4466	7039	225	6006	2482	2085	1846	4249	5876	5429	2661	4784	1836	1881	5275	6952	5173	268	4076	3365
3899	1137	5425	4309	3378	3101	6780	2122	6045	7087	3523	2986	1633	120	5494	1739	6721	1406	2209	2516	3163	5053	1504	2182	966	120	4615	158	237	4093	6783	4001	335	5411	3226	1315	4840	3480	4600	702	4392	1044	6450	6026	2408	1971	1330	2798	3689	4152	5468	5103	453	2077	4893	395	312	7261	1037	3805	6242	6918	2743	4219	635	1603	4827	6915	5482	2032	5241	5995	5574	6946	4042	6207	7160	1171	445	449	7014	2273	6972	120	6595	5217	763	3887	5895	720	858	2908	7005	2045	3845	472	2184	3915	4376	234	3381	6857	2686	4285	6451	3615	732	6758	981	5967	120	1413	6390	2557	5331	291	4386	7143	5221	3451	6771
2375	1201	5048	2334	633	491	1868	6064	1337	4813	3779	3058	5977	2270	760	4791	3578	5297	4079	1604	6518	1352	5341	7214	4124	6376	4186	120	2937	5227	2795	4017	2638	6486	4537	4162	6791	4061	5257	1388	3871	5863	4258	4471	4288	5498	6793	965	4467	6521	606	1988	2123	441	6846	1602	6717	1037	7261	6845	2448	7044	6564	4534	6555	7103	3138	3422	5191	4458	6387	5643	3760	4290	3718	3464	2563	490	367	5767	3096	325	5074	4927	4857	2111	4700	6729	3189	3181	5913	5965	1148	1930	2900	1726	1694	5134	3164	3584	6125	5146	5752	4225	2106	4169	912	5565	5116	3244	279	1015	2262	1249	6640	6614	4499	3200	3602	6902	6394
6386	2359	383	1746	5141	6854	1270	1723	756	4578	4083	1194	604	562	5477	3443	7105	4366	4264	236	5143	218	1240	2885	6075	2210	1071	2835	2868	3300	317	2882	2875	6897	951	4676	2219	2481	1387	290	1370	2093	3191	3684	1431	1155	1161	6049	2477	2466	834	466	5070	3201	6785	293	5018	3805	6845	7261	405	2350	1522	5588	2465	6916	637	803	3643	2837	5325	5624	5426	120	1191	4545	5674	3198	5423	6477	2100	5968	861	120	2863	3222	5623	5029	4583	6276	2785	2585	2260	7252	2528	4924	3798	5284	4915	2324	6333	271	4294	4555	1690	7245	1319	3311	5277	5268	2289	6239	4090	6539	6546	6838	1167	5945	4175	894	6293
6960	3376	6688	3746	3157	7168	1735	2241	5205	6525	5951	3734	4906	3566	4280	2211	1984	3499	3281	4969	6691	1100	1709	193	2410	2074	2296	2889	3113	5554	4658	873	6716	3941	4763	2766	2560	3813	6796	3360	1691	6645	2564	6615	4895	6124	777	6567	5648	993	596	6071	948	1775	4765	5693	3886	6242	2448	405	7261	6359	7053	7142	4866	6303	4141	2228	4966	5084	2595	5122	602	1048	1966	5253	793	4744	6673	1822	4393	1831	1009	2238	5823	120	4196	3204	2511	5934	2507	5981	2710	2361	7205	7075	4907	4203	4971	7106	2701	1759	3579	6080	729	2098	2363	1670	3936	768	7206	436	3589	6744	120	159	4410	4896	5079	2189	6553
1399	2947	1321	3900	2306	717	3665	6618	5224	701	671	4456	2445	7163	6991	5402	4476	4911	1400	1095	3645	3949	6322	1755	3995	5543	120	4451	2087	7099	1955	711	2281	189	7175	3757	5465	6573	3117	5887	2487	3825	4084	267	6280	2763	5249	3605	5372	5604	3546	2739	3548	6315	5377	2299	3147	6918	7044	2350	6359	7261	6077	5782	6496	1901	4848	956	3183	1288	3547	6256	5634	5071	3539	4427	4591	5636	4073	3406	2945	1497	6186	3857	4297	3112	4477	323	6868	6537	1980	1791	3782	1803	5646	3237	6267	2664	4846	2675	4879	4745	2777	5601	1024	6680	6814	5890	6007	355	4852	4781	3142	4047	3379	6910	1612	5647	2600	1082	5535
1164	2059	3858	412	2804	2700	2473	5899	5561	883	2127	5547	6212	6121	1278	3257	3927	3581	1579	3801	2553	7246	2949	6896	4312	4438	529	5920	5607	2411	6677	3297	925	3219	2651	891	3892	2625	766	4684	5778	6919	5338	7200	608	2174	6982	4793	6248	5497	2254	5296	3687	1732	5710	6571	1219	2743	6564	1522	7053	6077	7261	2987	7257	1918	943	6003	5111	2346	746	868	6690	6377	6597	6199	4228	7239	778	3705	5107	3465	4486	350	281	2170	3059	4472	1239	1126	1807	1920	1468	6627	2277	2099	3564	5225	1242	915	1149	1915	794	1819	4507	525	2152	1528	120	2569	5984	6277	1877	1469	2612	2017	1981	1402	2284	1479	5781
3097	4110	2994	458	1865	5463	3294	1353	3553	5090	414	6090	1438	4604	6131	5608	1794	5019	1165	4592	640	2821	3380	2126	4826	4028	1225	4337	3545	5973	781	5680	2902	1039	2426	6651	5228	3518	5747	4428	4415	4973	3574	2720	6632	7204	2494	5153	1232	1345	1782	6944	2340	4572	2589	3826	1640	4219	4534	5588	7142	5782	2987	7261	831	3869	5502	5551	1026	3030	5590	5211	6922	2117	2523	2973	2447	2199	4099	3811	3590	6515	5208	3787	6556	6128	3529	1099	949	2491	1750	609	250	879	2969	4161	3136	2310	2424	595	6253	4903	7054	1254	3064	3061	5618	5157	1832	339	2584	3435	908	2039	700	797	5555	4218	2105	120	6037
6742	6743	120	986	2663	5794	6474	5699	2977	5534	6208	1873	2253	1280	1144	6355	4673	5584	1582	3094	3735	6120	5519	5954	5172	625	2393	612	1687	6713	6883	984	7138	2337	588	3182	2293	6022	6099	5578	6144	161	5101	6828	6769	1233	3550	3668	1527	4764	4421	6839	2776	5246	5231	5178	4618	635	6555	2465	4866	6496	7257	831	7261	7127	2037	880	742	3299	2796	7219	126	6423	1567	214	2258	991	4119	1658	1383	5525	978	616	2687	2617	120	6446	251	444	1150	6840	3844	6154	4128	6440	5186	6464	4762	2542	2034	4543	1212	3192	2023	4632	3326	1084	6638	5971	3184	2003	2121	3323	1621	3286	7037	7046	1060	5915	4644
734	6490	2966	6444	272	4102	1829	6031	3768	6259	4820	4725	3354	4872	219	1635	4541	120	5200	5350	1061	5267	7107	1866	2344	5361	2076	4452	636	4761	5198	3023	509	1007	3278	4957	579	6577	4697	393	120	6843	2544	4341	695	4685	7256	757	3580	4490	6844	3421	460	6534	273	2180	4257	1603	7103	6916	6303	1901	1918	3869	7127	7261	4048	2552	4311	6399	676	127	3500	5626	4402	3577	4624	6908	334	822	3971	6865	2781	6768	555	1476	5378	989	5594	5078	2246	4493	448	5357	7149	4760	2911	4779	3739	3583	3210	6229	4074	5108	4031	1878	2429	2115	4549	1029	2460	4183	3968	2727	6224	1347	3143	7174	4593	589	1365
558	5736	3213	2070	3558	3486	6862	4651	156	2951	3410	2615	5801	4343	4361	230	3527	3426	5206	6453	4187	954	5280	2239	5125	3404	6123	1294	373	5714	1260	1096	5204	1273	4154	6994	2183	4836	5879	202	3128	5809	806	3568	2550	6565	970	4109	3159	3661	2436	434	5142	4265	5542	6600	1950	4827	3138	637	4141	4848	943	5502	2037	4048	7261	4002	3178	3510	1893	543	3357	4677	944	1968	4884	4500	4818	5021	289	877	5866	4368	2978	3641	2332	5017	1062	2475	2151	6392	4503	201	4030	6711	120	4024	2063	4223	5619	6543	4633	3582	254	6664	474	1946	3168	4259	699	1409	426	6715	5368	1737	2453	1394	3401	3240	6206
4160	4434	1905	5174	5943	2484	2695	7243	4885	6817	4040	1645	6106	5348	613	4052	3377	278	3974	1715	6344	4801	5342	3091	452	690	2015	1940	3218	2011	2476	4208	5281	136	5260	1443	1654	2834	5605	5786	6431	3685	2759	7190	2112	5278	4518	6105	3730	7151	4039	5403	3348	4314	6562	7010	1780	6915	3422	803	2228	956	6003	5551	880	2552	4002	7261	6147	6326	4051	1208	1097	6218	3756	5586	4774	642	2792	7009	5304	3273	972	4953	2660	2489	3772	6171	1124	5446	2536	5770	4690	1418	2566	2753	3196	2287	1308	3035	3596	987	484	1666	1059	804	6100	7188	6187	6914	4728	847	7034	2883	4491	3585	120	5685	6847	5910	6260
3290	1122	3761	7125	3751	1652	4868	5632	7114	4590	3003	2979	2135	2420	1466	5487	5127	6820	359	340	1334	3389	5022	3119	2044	364	2543	5409	4338	2130	5650	3724	1108	4665	2212	2060	5060	4640	4876	6602	3526	3446	7074	508	3445	3155	6887	6194	681	1448	3245	7089	3686	5602	5901	2446	5439	5482	5191	3643	4966	3183	5111	1026	742	4311	3178	6147	7261	5049	2348	1221	360	1771	120	120	2139	1973	1507	1795	7170	2567	6241	4567	4880	2474	1339	4082	7232	6118	2020	4657	6695	5300	5702	4243	6343	1647	2768	4899	5825	1676	2890	4032	1090	6053	6213	7136	3535	6981	5615	3419	7130	867	391	1054	1811	4638	437	1118	1357
6306	3957	938	3392	6746	4173	6635	4739	120	4753	4114	5095	3439	5805	2327	4573	5947	4193	761	790	1743	1967	1238	3072	1474	1637	6291	6940	3026	1685	6689	6484	6532	245	4650	3399	3289	4253	2252	2478	1720	2455	4036	4330	181	1886	6704	2496	4984	6561	1140	5587	2996	5660	3383	2515	3696	2032	4458	2837	5084	1288	2346	3030	3299	6399	3510	6326	5049	7261	2715	1551	1011	5748	1619	4778	1590	2298	6501	542	3587	4733	1005	4807	6957	6201	3800	148	6395	2435	1625	2746	1303	3312	3966	4217	3691	3250	1701	4378	507	3015	3792	7259	6316	5083	5098	3699	3601	5456	4121	386	2202	6174	824	5075	3108	7255	5676	2065	3139
5308	3007	5789	4687	859	185	5179	534	3103	2261	5814	5591	5765	2383	5868	7179	3817	5414	1892	5687	3717	922	3802	3384	7153	320	1016	7069	3946	6449	4988	865	6949	6776	120	3319	1478	2865	2920	4565	864	2177	2843	5796	3960	7002	1234	167	3649	3829	752	5203	5273	419	4597	6010	3347	5241	6387	5325	2595	3547	746	5590	2796	676	1893	4051	2348	2715	7261	6748	134	1023	762	5837	4882	5013	485	3337	6723	3104	390	3897	3640	5546	4335	4704	1002	816	4531	2872	4115	1689	6674	120	4426	4342	6955	4168	4522	1560	2088	1661	6021	1929	4719	4230	619	5706	3884	3586	2534	226	5412	5164	2223	1425	5717	120	6964
4181	1776	3254	5581	5086	4296	5459	5202	1544	5349	1948	6500	4954	6841	4470	1363	7134	5688	450	3773	4339	5302	258	2114	4179	3728	120	6447	2040	4552	2134	3985	1306	2367	2107	3611	6238	120	6184	220	4344	2168	1482	4317	3260	6397	1688	4431	5328	1013	5783	2351	3843	5726	1158	1765	2682	5995	5643	5624	5122	6256	868	5211	7219	127	543	1208	1221	1551	6748	7261	4316	1287	4634	2055	4088	1851	6074	6402	6684	6030	4375	871	3087	120	4955	6321	3041	5513	2650	1845	4190	3053	5979	6669	4964	3050	3907	6722	213	3288	3729	1563	4526	5214	639	1340	1205	838	2493	2165	5161	3677	4399	3675	6255	282	5946	7095	4085
120	4962	4240	6829	3517	5124	3541	4092	2771	1789	644	3719	4300	1632	5145	3524	5352	6931	3576	6752	2222	120	842	735	4473	515	7141	4825	4260	5841	2541	5836	5037	7223	5556	3606	6470	2009	2391	5132	3306	1429	6855	6706	6408	5740	5242	152	1440	7250	4729	6188	6459	4746	3335	3847	4628	5574	3760	5426	602	5634	6690	6922	126	3500	3357	1097	360	1011	134	4316	7261	2535	1879	3679	5776	4087	4616	784	1481	3682	5567	2990	5035	825	4802	3726	6504	4972	5303	980	6724	7124	4475	950	4006	2691	6325	120	957	2903	3571	3658	4029	2540	2240	2041	4396	4527	6566	1876	3638	346	531	4176	2423	1049	3152	120	2089
549	3520	5052	6264	4388	2953	6936	7133	6510	120	3409	870	6965	6269	4425	2069	2708	594	5045	4188	6700	3014	3070	942	4502	5216	854	2873	632	6204	3489	7016	1869	1338	5444	3507	5907	2881	6967	7216	3863	6452	7217	6718	7171	3683	1274	6894	3431	4021	6980	6278	3455	651	3481	3407	3536	6946	4290	120	1048	5071	6377	2117	6423	5626	4677	6218	1771	5748	1023	1287	2535	7261	5330	2998	617	1516	5054	1110	3394	1036	3238	3267	1224	3775	4942	5415	1729	5384	4070	1030	5999	4455	3253	6063	7012	351	6895	6835	7104	799	5653	4892	1187	1292	6299	5855	6489	5027	3633	1849	4983	6454	5553	955	678	1656	227	7144	5658
1083	1711	2297	1696	3382	4680	221	2800	4035	5336	6339	1594	2257	4538	2430	523	4997	120	2265	5909	1183	464	1838	3231	5062	3698	2853	2143	2097	7045	217	3114	5312	3012	886	2833	4450	1467	275	1366	3235	5988	5282	1891	196	4352	3470	5427	7084	2357	2587	900	4103	3186	4238	2812	1332	4042	3718	1191	1966	3539	6597	2523	1567	4402	944	3756	120	1619	762	4634	1879	5330	7261	3105	222	3005	1289	5156	5389	621	3293	4589	4679	5891	2005	2389	5036	1854	2431	5961	5195	2555	5593	5398	2336	1098	1517	5500	5167	7116	6612	3060	2308	4754	3427	352	492	1268	1378	643	5989	6146	2636	6463	1542	4498	4562	716	5723
2968	6900	5585	6336	1368	3570	4430	656	2782	5515	934	6193	2305	5371	4394	1179	6110	191	2521	2596	911	6223	257	5251	284	1785	5058	1172	246	1586	5056	3556	4353	319	3646	3134	3436	475	1496	6559	4994	2505	4667	6652	6519	7123	299	1913	5860	4824	1738	3975	6505	3903	168	4449	6352	6207	3464	4545	5253	4427	6199	2973	214	3577	1968	5586	120	4778	5837	2055	3679	2998	3105	7261	6067	2738	4494	6872	4347	6083	3002	7161	6159	5844	6984	6347	7258	4897	4106	1828	3880	4153	170	2898	5784	674	3314	6166	526	4623	5576	7164	1986	2576	2997	6374	3763	3837	6929	6222	1835	5188	3619	309	1202	3031	4354	519	1937
2353	2280	920	3828	4275	2962	342	2719	1398	400	120	3948	3876	5394	4614	2526	4164	5599	587	6225	4400	1295	4373	6794	6685	6054	1246	4139	5168	7225	565	517	2214	1861	5160	4584	120	7187	1361	5152	5766	3049	7112	2380	4007	2091	6319	5557	1752	6773	2926	1941	2639	7139	932	2980	1472	7160	2563	5674	793	4591	4228	2447	2258	4624	4884	4774	2139	1590	4882	4088	5776	617	222	6067	7261	3865	7228	3367	5991	736	1226	1816	7249	6822	7199	5437	1057	503	708	6300	1503	2067	921	5522	5051	741	3921	5405	1123	6536	2385	3264	5258	5416	2414	6806	3089	2421	4004	2571	1433	7132	6329	3917	2754	1376	2303	1267	3483
1802	6438	5196	6792	2147	7233	910	2956	2907	6462	696	1580	7176	1593	406	848	2315	3953	659	6281	1286	7120	3077	3473	2163	6351	2773	4686	1555	3118	4800	2619	6650	4063	5772	1979	1291	3659	5917	4231	6383	3882	1716	6911	4395	4235	7047	3400	5529	5987	3116	1491	1989	1180	4642	3902	3928	1171	490	3198	4744	5636	7239	2199	991	6908	4500	642	1973	2298	5013	1851	4087	1516	3005	2738	3865	7261	4409	5139	4722	533	493	1247	494	3448	5725	2124	6330	5932	3467	6542	4874	6520	3063	6151	4752	6287	5322	4094	979	6177	3979	4940	6369	5428	1446	2711	1897	120	7007	1534	2171	3078	4303	3744	6372	918	5067	6258	345
572	1141	7071	2437	6637	2176	3511	5400	2031	3702	6925	3572	4508	5727	6012	6070	6607	6568	2061	3418	2231	4706	1659	4790	5040	3391	715	909	1806	2329	2779	5540	404	3855	2707	6109	7208	4138	4276	6249	3836	4221	6517	3420	120	4433	6185	2689	1587	4170	2748	2669	1252	6338	5210	5506	3532	445	367	5423	6673	4073	778	4099	4119	334	4818	2792	1507	6501	485	6074	4616	5054	1289	4494	7228	4409	7261	893	5787	1924	4137	5835	3838	192	2811	2608	3092	869	7195	808	6736	3368	4887	1052	1514	447	2610	2208	5972	5316	4340	5959	1115	4194	1372	2681	2824	2690	5572	4166	4117	1712	1128	2136	3115	3947	3485	7185	1556
2955	5240	4463	5401	2622	5266	7183	6420	120	5230	3525	338	1391	6428	6058	5345	5569	3322	1927	4213	1813	481	2128	3170	5580	4018	4189	1019	177	592	1511	2767	6784	3609	120	4383	6018	4157	1584	6592	4678	5504	283	3036	3212	1220	4699	3783	780	6956	143	5962	4147	6168	5935	4509	3140	449	5767	6477	1822	3406	3705	3811	1658	822	5021	7009	1795	542	3337	6402	784	1110	5156	6872	3367	5139	893	7261	7017	1778	3020	2829	5262	5976	4737	1492	1774	2958	394	738	3429	7182	1756	4661	4026	520	6304	6815	5724	2407	2274	7198	2981	7150	578	3437	586	2886	5170	2820	4629	3447	2002	4948	5738	3916	1042	5985	1465
527	6585	1705	6356	5440	4707	2934	3338	2897	2876	2197	6217	1996	4920	4195	2901	3024	6727	3375	4118	4382	1683	6468	4020	3043	5292	5579	4668	2922	694	3693	2733	232	315	5966	5955	3878	1773	770	2546	1823	3867	4695	3331	3945	5911	1965	6522	4982	120	5149	2740	4432	6244	3042	2186	4346	7014	3096	2100	4393	2945	5107	3590	1383	3971	289	5304	7170	3587	6723	6684	1481	3394	5389	4347	5991	4722	5787	7017	7261	4156	207	5621	4989	1777	2815	3079	4045	960	3982	1350	5319	3316	1839	2244	3554	4960	1349	2892	6357	4232	6340	6628	4701	2509	1894	2919	2492	2554	2941	463	1962	3793	1297	7097	5683	5046	3890	6268	1261
2846	6008	1358	2131	5788	6119	726	3669	4461	1494	1459	3521	6284	3167	2195	5376	3821	2867	1710	2483	3165	5306	5461	4959	294	5739	6617	6655	3230	379	1800	916	120	6004	6181	5882	3282	1136	4214	2000	3933	6093	6909	6681	5872	7241	6345	3853	6196	5538	6072	6135	224	1379	5413	4715	286	2273	325	5968	1831	1497	3465	6515	5525	6865	877	3273	2567	4733	3104	6030	3682	1036	621	6083	736	533	1924	1778	4156	7261	5393	5317	5481	3759	4307	5514	5625	1668	1043	2859	7030	6516	7238	6735	3849	5759	3789	817	5800	4735	4011	2307	3834	1833	6178	5517	1624	1404	5388	4986	4012	1530	7096	4683	917	331	614	723	4049
6970	2104	3173	4202	1574	6503	2438	2913	5113	5665	2562	1623	4116	6888	7254	4688	180	764	1797	501	4649	5582	261	1768	6741	1870	4798	1424	5148	3277	1342	4512	1576	5432	663	4639	7224	7004	6920	5921	1313	4367	5313	1441	645	4742	1834	7111	1020	1820	5462	5568	4397	1456	2705	6702	2578	6972	5074	861	1009	6186	4486	5208	978	2781	5866	972	6241	1005	390	4375	5567	3238	3293	3002	1226	493	4137	3020	207	5393	7261	881	1928	1871	3654	264	2288	1880	7128	971	7203	1145	369	569	1483	1351	2783	6647	1051	5689	4014	3086	6993	4419	2818	3931	6825	329	4505	1663	1954	3100	2556	120	3356	3901	1210	3123	153
3534	6889	2573	146	6870	1793	6412	2144	1766	4281	7015	2519	3676	1629	1235	2462	3052	6654	4211	5612	4086	5942	6366	2629	1947	4055	6747	6051	1356	6044	349	2672	4171	3463	568	6812	4348	5239	7193	5755	2745	467	3270	629	4734	4184	4805	2522	3453	4159	2769	4302	849	2742	5526	5020	3154	120	4927	120	2238	3857	350	3787	616	6768	4368	4953	4567	4807	3897	871	2990	3267	4589	7161	1816	1247	5835	2829	5621	5317	881	7261	7145	7156	5496	120	6826	1506	4873	120	5088	7042	5472	4703	1423	5659	2019	1500	2871	3891	1734	5343	1301	3343	5539	6606	4849	1092	6307	7229	2400	975	6983	239	5131	120	4272	5750	1178
3722	3388	253	7221	2247	6422	5382	4306	3000	4255	6009	2899	6905	1521	2806	6478	1138	316	2396	3753	5187	3461	3998	4357	1620	5850	162	6598	5213	6466	172	4837	1189	7021	1562	5719	497	537	929	6308	2094	3608	1714	274	3317	2325	2263	1488	5896	3600	1439	788	1956	2125	4780	4546	7066	6595	4857	2863	5823	4297	281	6556	2687	555	2978	2660	4880	6957	3640	3087	5035	1224	4679	6159	7249	494	3838	5262	4989	5481	1928	7145	7261	5223	4077	3632	3819	5949	5044	4406	3943	4457	1855	1990	3597	6798	1583	5756	3423	2838	2764	120	285	5785	4766	992	2290	4385	4069	2427	2374	3820	2245	5287	2033	2086	5015	4251	3563
4165	6443	2251	6544	1055	6578	973	430	6367	1725	6816	747	2839	2345	649	5797	3082	4022	5006	1389	7159	5445	1038	4497	4772	5849	4596	2514	1526	2051	3573	4556	3925	4860	371	4043	2524	7226	6002	2845	3531	6775	2213	5883	6417	1626	7253	737	753	4653	1146	2405	6170	4965	7068	5684	4990	5217	2111	3222	120	3112	2170	6128	2617	1476	3641	2489	2474	6201	5546	120	825	3775	5891	5844	6822	3448	192	5976	1777	3759	1871	7156	5223	7261	3067	120	5531	4408	6350	5492	5471	313	2631	5159	2936	5458	2789	1309	2198	4952	5874	1741	128	1748	3491	2862	5975	4963	1550	5356	754	4588	6850	6043	1032	6088	4664	1103	6283
3327	2230	1916	4785	3370	5733	3187	648	6424	3217	4278	2649	4104	5878	6665	2187	5138	4979	3791	120	4932	130	7154	6426	4034	1322	1004	6298	6805	5848	5916	5629	1076	7197	2450	3038	3742	422	7093	7013	2013	3460	3205	6692	3019	4096	2921	459	3743	969	4995	3057	2623	6156	874	5933	538	763	4700	5623	4196	4477	3059	3529	120	5378	2332	3772	1339	3800	4335	4955	4802	4942	2005	6984	7199	5725	2811	4737	2815	4307	3654	5496	4077	3067	7261	3397	5672	3080	336	1921	4479	923	2232	2848	6596	1767	5536	7023	141	6633	1296	6358	7064	3239	1740	1375	120	4788	5315	5080	4842	1326	2201	2648	6019	5560	5627	1561	7027
2993	6341	6314	3776	1513	6342	4694	1631	5713	843	4075	977	3937	3414	3642	120	2864	5885	3565	6753	5321	5741	4975	4776	5373	5642	3963	983	6726	567	601	583	1031	3929	3992	1003	4855	6755	3538	6626	2326	6710	5881	389	4822	3259	657	5189	4212	4814	3287	3246	132	1104	5827	5099	1135	3887	6729	5029	3204	323	4472	1099	6446	989	5017	6171	4082	148	4704	6321	3726	5415	2389	6347	5437	2124	2608	1492	3079	5514	264	120	3632	120	3397	7261	7192	165	2014	3816	3835	5283	5233	4227	3146	5656	5485	2166	3944	898	5309	2133	3492	1733	6073	6243	6029	6581	5154	3174	3657	5853	3930	5010	4869	792	6864	1772	1787
7083	556	779	626	6662	7102	4222	1761	1572	1175	680	362	125	1173	120	5192	2038	3762	5798	795	2416	242	3093	3970	5606	1302	1230	6852	1085	2579	498	3626	5041	5244	455	4089	6137	6169	5694	2192	1272	204	5779	1262	2138	6926	2054	4525	2671	4464	6797	745	967	1867	3232	120	288	5895	3189	4583	2511	6868	1239	949	251	5594	1062	1124	7232	6395	1002	3041	6504	1729	5036	7258	1057	6330	3092	1774	4045	5625	2288	6826	3819	5531	5672	7192	7261	4462	120	1228	693	1455	2814	4931	2906	6023	3618	3692	2653	927	4403	5276	300	2449	1132	1686	2877	6545	4298	120	1730	5484	3071	5832	3604	6056	926	3911	483
4782	7213	6646	4447	6803	5952	1461	2196	2673	1080	6465	429	4726	120	4065	6200	4521	3487	5982	4517	1568	3815	4318	1094	6590	3625	7162	1953	3395	1464	6094	3795	1490	1769	3132	3830	5291	5712	6649	1693	4723	3741	3055	120	1566	4721	2132	4851	2443	2355	5025	7247	1101	3708	5033	4926	1681	720	3181	6276	5934	6537	1126	2491	444	5078	2475	5446	6118	2435	816	5513	4972	5384	1854	4897	503	5932	869	2958	960	1668	1880	1506	5949	4408	3080	165	4462	7261	6858	1263	1764	6219	952	2668	3263	1196	306	1933	2048	4557	5762	2927	3969	1428	3266	1374	3008	6663	1939	6693	5229	1018	1107	2840	4617	4611	1087	2716	2935
1964	2728	120	4916	2338	1698	3428	4929	3054	4937	5884	365	4037	1077	1812	4389	4163	124	2234	2062	1028	3243	1589	6558	6554	3234	1231	7237	295	3671	2878	1692	7050	1982	2988	5790	2797	3502	5617	3081	3621	4478	1393	5121	2632	6403	1193	1595	6866	3935	487	2330	3207	3044	6997	5064	3700	858	5913	2785	2507	1980	1807	1750	1150	2246	2151	2536	2020	1625	4531	2650	5303	4070	2431	4106	708	3467	7195	394	3982	1043	7128	4873	5044	6350	336	2014	120	6858	7261	4057	7177	5299	330	4448	7000	7041	1763	638	4921	4547	2971	1978	2409	6209	6235	5530	5329	3434	5061	3912	120	7008	2694	1222	6930	2256	2368	1684	344
3978	2807	6751	2654	6102	5324	5005	1316	6570	6482	1414	5128	6182	673	1371	5112	5769	3994	2387	2056	3208	2826	5430	2164	1328	2508	5366	3303	3980	120	1999	249	6881	6971	647	728	506	2452	1390	5544	4577	2918	3199	3256	6251	6720	907	1875	1695	4542	6703	1553	5166	4767	2736	5631	6917	2908	5965	2585	5981	1791	1920	609	6840	4493	6392	5770	4657	2746	2872	1845	980	1030	5961	1828	6300	6542	808	738	1350	2859	971	120	4406	5492	1921	3816	1228	1263	4057	7261	3233	3788	370	5761	4097	7211	1040	120	3736	4713	6294	6977	5894	3344	6531	4914	228	6274	6136	2154	759	6842	3130	6145	3732	183	6361	1182	3723
2028	2392	2706	1922	5199	140	3555	4283	2456	3706	1680	7049	408	4910	5367	7011	2828	3332	6139	427	5407	120	4333	4289	3016	1068	4654	4705	2433	5016	7244	3504	2046	2008	2376	3149	885	3738	4535	2472	7227	6871	1518	6979	321	6958	7031	1519	4748	3781	3856	6745	3046	5639	1111	4483	4743	7005	1148	2260	2710	3782	1468	250	3844	448	4503	4690	6695	1303	4115	4190	6724	5999	5195	3880	1503	4874	6736	3429	5319	7030	7203	5088	3943	5471	4479	3835	693	1764	7177	3233	7261	1169	1923	4460	1757	4146	6538	173	6419	6430	4315	3797	4637	5220	358	3512	1195	4529	2053	2620	6101	6514	4244	4362	2401	5271	5460	994	5508
5620	2071	3033	209	1014	5610	2602	7191	3737	2961	6335	4816	3271	3666	5503	4692	3854	6227	4863	4454	4815	5379	5272	4058	3617	3333	2823	2470	2577	4951	6853	3345	5093	5964	3141	3047	4263	2916	3131	2527	3385	4501	5030	672	2891	6643	1045	1035	2975	4329	6959	4111	4619	2545	2982	120	1805	2045	1930	7252	2361	1803	6627	879	6154	5357	201	1418	5300	3312	1689	3053	7124	4455	2555	4153	2067	6520	3368	7182	3316	6516	1145	7042	4457	313	923	5283	1455	6219	5299	3788	1169	7261	4950	1649	6834	6013	3425	4898	1529	3324	5753	1814	3958	1089	3981	439	4862	2500	4177	2930	4516	3503	2923	6699	4646	6714	6385	2057	513
243	120	3833	1174	4414	3607	2178	1718	1380	772	4655	7043	2317	5094	5550	1673	5118	305	4248	6331	3482	7079	4576	4768	4708	4889	3846	2169	5259	821	2559	265	6378	6472	2772	2984	3479	3412	4131	4828	3920	3034	6725	1557	4105	2224	4917	1153	2304	4881	5326	1213	5023	2825	4789	7230	120	3845	2900	2528	7205	5646	2277	2969	4128	7149	4030	2566	5702	3966	6674	5979	4475	3253	5593	170	921	3063	4887	1756	1839	7238	369	5472	1855	2631	2232	5233	2814	952	330	370	1923	4950	7261	417	3172	5840	4299	6476	1792	1744	6205	1410	6041	5238	913	5675	4877	7169	3242	5363	5830	147	7094	3309	7215	4718	4864	5912	2084
2568	7186	510	2159	2645	3150	1329	5332	3840	1525	1258	3940	4674	5703	3747	3662	2036	2469	5222	4286	6786	4923	3180	6869	4095	5346	5904	3161	3195	6622	3476	6163	901	1884	2948	1779	5026	5395	380	6903	584	287	722	6709	6140	6966	2793	3697	6738	1860	6683	2314	418	7251	5034	4727	7057	472	1726	4924	7075	3237	2099	4161	6440	4760	6711	2753	4243	4217	120	6669	950	6063	5398	2898	5522	6151	1052	4661	2244	6735	569	4703	1990	5159	2848	4227	4931	2668	4448	5761	4460	1649	417	7261	4946	2963	4875	3651	6279	3474	5595	4786	6973	852	4130	4550	1073	1436	6593	5488	2858	2264	6266	5845	5470	5420	552	1760	6535
5552	3872	765	6682	2301	4513	598	1471	5808	1078	3349	4268	4608	4435	216	4062	5902	1159	5114	4372	3045	420	3875	5505	545	2991	6678	4125	3209	2698	4841	1299	120	4871	241	2893	7155	4945	6873	4870	4603	120	5399	3951	6445	6629	6641	2181	4256	3021	2989	4445	3647	719	6059	3725	3313	2184	1694	3798	4907	6267	3564	3136	5186	2911	120	3196	6343	3691	4426	4964	4006	7012	2336	5784	5051	4752	1514	4026	3554	3849	1483	1423	3597	2936	6596	3146	2906	3263	7000	4097	1757	6834	3172	4946	7261	7207	5387	2794	4747	3073	968	398	2386	6667	1958	3011	248	2655	1223	4594	1255	750	3430	6027	4150	3894	5930	2335	4489
6934	1959	3442	1902	4582	3860	2904	945	1437	4607	6167	6157	3506	5861	1997	1665	4108	985	2007	3533	2662	964	4970	1419	5353	3169	5434	3549	4178	3074	198	6481	157	4771	2454	7073	5136	3403	2643	5032	4009	5824	1830	5764	6767	5255	5635	120	470	3961	2765	1300	2666	6941	3493	1972	3179	3915	5134	5284	4203	2664	5225	2310	6464	4779	4024	2287	1647	3250	4342	3050	2691	351	1098	674	741	6287	447	520	4960	5759	1351	5659	6798	5458	1767	5656	6023	1196	7041	7211	4146	6013	5840	2963	7207	7261	5758	4321	4291	1312	2291	6968	3959	4689	3417	539	3088	3721	1699	4185	811	4332	3122	707	2227	500	120	5732	2193
5254	2145	3823	2366	1125	3544	2924	4200	976	1796	6317	120	2101	1515	892	4662	4574	670	6320	5245	3361	581	357	4938	4811	6766	860	235	5182	4356	2016	706	2939	5903	7081	2722	6999	6697	4991	5038	1895	5364	6337	1067	3771	6375	5408	1216	332	3879	4377	2547	7234	4936	677	2683	5807	4376	3164	4915	4971	4846	1242	2424	4762	3739	2063	1308	2768	1701	6955	3907	6325	6895	1517	3314	3921	5322	2610	6304	1349	3789	2783	2019	1583	2789	5536	5485	3618	306	1763	1040	6538	3425	4299	4875	5387	5758	7261	5697	703	2029	5731	2406	4919	6712	438	5065	6653	4155	4324	5559	835	6161	5679	3976	6475	718	3733	1538	311
1162	1790	6113	3369	144	6933	1888	3999	5950	6961	6821	1708	1285	6928	3255	1199	2129	5523	3794	6127	6233	3827	5248	3148	4554	573	3175	652	2269	2237	5096	1570	6943	388	3083	2440	5197	6479	5570	5285	1677	2756	5871	2725	1237	4209	2548	5421	1305	6364	4823	341	3870	6670	2434	1853	6609	234	3584	2324	7106	2675	915	595	2542	3583	4223	3035	4899	4378	4168	6722	120	6835	5500	6166	5405	4094	2208	6815	2892	817	6647	1500	5756	1309	7023	2166	3692	1933	638	120	173	4898	6476	3651	2794	4321	5697	7261	229	660	1317	2597	6234	5854	603	6719	4370	4056	4107	775	686	6210	855	6143	7236	3484	2167	875	5490
541	5130	1618	2479	615	2153	3025	1862	3877	3591	6616	3190	4569	4968	4544	1333	3386	6173	3301	605	5673	1749	3307	495	4418	7018	3438	7135	4702	5859	4558	1987	5436	2373	2103	6381	6240	4136	5944	2215	120	585	120	1088	3594	7086	3595	4724	6801	5695	5820	2844	4585	4270	3588	4631	6756	3381	6125	6333	2701	4879	1149	6253	2034	3210	5619	3596	5825	507	4522	213	957	7104	5167	526	1123	979	5972	5724	6357	5800	1051	2871	3423	2198	141	3944	2653	2048	4921	3736	6419	1529	1792	6279	4747	4291	703	229	7261	4145	5730	1622	2377	5137	6701	5686	6263	6435	2646	5293	6631	5662	3754	1672	263	2518	1786	2583	4326
188	6550	7003	5993	897	5563	631	5009	6506	2854	3478	914	6084	5077	1445	2467	1318	5722	7029	5709	6605	839	4609	496	5533	6348	2080	6833	4561	4612	2083	120	6778	6098	2593	5548	6165	375	5265	2412	1063	2275	7119	304	6732	6257	2803	5433	4551	4648	1826	687	4659	1200	5165	2468	4466	6857	5146	271	1759	4745	1915	4903	4543	6229	6543	987	1676	3015	1560	3288	2903	799	7116	4623	6536	6177	5316	2407	4232	4735	5689	3891	2838	4952	6633	898	927	4557	4547	4713	6430	3324	1744	3474	3073	1312	2029	660	4145	7261	5875	6427	4112	4453	182	4777	1279	1912	5144	6035	2471	809	4939	4586	6000	6270	2737	1991	2847
2504	5940	2457	3670	5923	3942	2940	3236	758	6882	292	4641	5355	5528	6630	5347	570	1229	120	120	3402	7181	3905	424	3513	2415	297	5589	1341	3336	1452	3156	518	120	2677	4143	5877	3252	154	2102	3614	6065	3466	5340	4533	4198	4861	6733	5177	5129	5069	6996	3780	4488	129	4325	7039	2686	5752	4294	3579	2777	794	7054	1212	4074	4633	484	2890	3792	2088	3729	3571	5653	6612	5576	2385	3979	4340	2274	6340	4011	4014	1734	2764	5874	1296	5309	4403	5762	2971	6294	4315	5753	6205	5595	968	2291	5731	1317	5730	5875	7261	3308	5633	1703	4613	1847	2609	6757	3913	5119	3778	1151	5558	120	7167	6512	403	4635	5775
2243	5893	401	5537	7052	5344	1501	6898	2006	4817	905	385	7240	4511	3919	6995	3765	2394	4579	6066	372	2322	120	899	454	2204	3967	5888	5226	1203	2320	4809	3950	709	4711	1170	6198	1697	2656	2513	6039	2718	2403	1577	6795	1908	6608	1214	1532	2081	4504	4025	724	4810	2200	641	225	4285	4225	4555	6080	5601	1819	1254	3192	5108	3582	1666	4032	7259	1661	1563	3658	4892	3060	7164	3264	4940	5959	7198	6628	2307	3086	5343	120	1741	6358	2133	5276	2927	1978	6977	3797	1814	1410	4786	398	6968	2406	2597	1622	6427	3308	7261	471	6195	3831	4287	4759	2852	1408	4831	5655	3509	6436	3667	1227	3269	6011	2857	5640
6134	4167	4416	6761	2024	5126	4536	392	6759	2042	120	5334	6061	3786	2362	828	171	688	7020	4412	5184	6086	3748	1951	2658	5279	6502	998	895	2369	4459	6938	6666	522	1636	5654	6471	6362	5532	939	1163	3663	2203	3251	5467	7092	6863	120	5314	840	5754	1109	1883	2146	6987	3358	6006	6451	2106	1690	729	1024	4507	3064	2023	4031	254	1059	1090	6316	6021	4526	4029	1187	2308	1986	5258	6369	1115	2981	4701	3834	6993	1301	285	128	7064	3492	300	3969	2409	5894	4637	3958	6041	6973	2386	3959	4919	6234	2377	4112	5633	471	7261	3962	1354	3371	6455	544	6499	5701	4247	3922	7022	3342	6111	5718	3374	4601	3516
2108	6584	3452	1033	6582	4949	5816	1639	3695	2697	3727	7051	5450	3714	4999	2294	4374	2502	7035	6421	2696	2712	2217	826	1181	2343	195	2572	2379	511	5795	2021	1127	120	2364	1917	318	4843	3841	4404	5729	1259	1184	1069	4327	5721	713	382	1998	2250	521	1487	1667	5997	5791	397	2482	3615	4169	7245	2098	6680	525	3061	4632	1878	6664	804	6053	5083	1929	5214	2540	1292	4754	2576	5416	5428	4194	7150	2509	1833	4419	3343	5785	1748	3239	1733	2449	1428	6209	3344	5220	1089	5238	852	6667	4689	6712	5854	5137	4453	1703	6195	3962	7261	2755	3694	5810	2161	3298	946	3137	5358	2160	5215	675	5870	1113	1569	2113
3247	2967	4098	6560	1655	4437	277	6148	3471	4757	1736	4010	6442	7158	2488	6588	769	2120	4909	2442	6878	2831	6563	4717	802	2248	4532	120	3029	3598	3874	4559	3810	3352	627	6191	6988	6162	666	4854	3340	887	4261	1664	2249	4981	1841	3458	2413	6945	1585	4360	4847	3703	409	1671	2085	732	912	1319	2363	6814	2152	5618	3326	2429	474	6100	6213	5098	4719	639	2240	6299	3427	2997	2414	1446	1372	578	1894	6178	2818	5539	4766	3491	1740	6073	1132	3266	6235	6531	358	3981	913	4130	1958	3417	438	603	6701	182	4613	3831	1354	2755	7261	2679	2395	2066	4934	2537	4054	197	1498	5263	6271	6312	6215	2295	5236
936	4992	2142	3770	1630	3861	1017	5737	3373	4279	4199	1204	3612	5919	7058	3989	1079	2832	4481	3353	2312	2657	6302	6728	120	4647	5073	5583	2397	731	4046	940	4274	5050	653	6439	2558	3111	1027	504	5495	4967	1056	4750	1070	310	5821	2851	961	2347	4666	6851	755	941	3932	7100	1846	6758	5565	3311	1670	5890	1528	5157	1084	2115	1946	7188	7136	3699	4230	1340	2041	5855	352	6374	6806	2711	2681	3437	2919	5517	3931	6606	992	2862	1375	6243	1686	1374	5530	4914	3512	439	5675	4550	3011	539	5065	6719	5686	4777	1847	4287	3371	3694	2679	7261	6569	2538	276	841	5707	574	376	4773	547	3048	212	1628	1154
4901	7201	6575	6549	4510	5970	6530	5969	884	2731	819	6055	4250	3144	7019	5793	2870	1116	302	1475	4242	5104	5386	252	1650	2399	4741	5327	1606	6660	6849	862	413	1276	2207	3488	3660	4148	5110	5745	3560	2561	935	6788	5657	6810	4059	1058	2549	2896	1266	7180	2788	5391	3832	2499	4249	981	5116	5277	3936	6007	120	1832	6638	4549	3168	6187	3535	3601	619	1205	4396	6489	492	3763	3089	1897	2824	586	2492	1624	6825	4849	2290	5975	120	6029	2877	3008	5329	228	1195	4862	4877	1073	248	3088	6653	4370	6263	1279	2609	4759	6455	5810	2395	6569	7261	240	407	2992	4201	5448	262	3629	4749	5237	2229	1307	5417
6232	4993	2313	3393	6360	4755	1863	3918	2751	2627	4013	5360	3162	800	366	4405	5155	830	5545	5742	6097	6289	2869	2801	5478	3013	6513	6108	3720	1938	2842	3952	4530	6624	6078	1188	3285	2072	1131	4363	844	4358	1952	446	3330	5734	5927	4495	6214	5305	166	535	2665	6028	6290	4365	5876	5967	3244	5268	768	355	2569	339	5971	1029	4259	6914	6981	5456	5706	838	4527	5027	1268	3837	2421	120	2690	2886	2554	1404	329	1092	4385	4963	4788	6581	6545	6663	3434	6274	4529	2500	7169	1436	2655	3721	4155	4056	6435	1912	6757	2852	544	2161	2066	2538	240	7261	2734	1848	2931	1385	6859	6953	120	3716	4520	5817	6782
3185	4439	1458	6672	4902	890	974	958	3265	3561	2688	2575	6005	163	1609	5419	4149	6042	6150	906	658	3262	361	2611	4140	2432	6273	2805	6153	2300	953	6346	2179	5323	2702	5120	6636	1105	2647	4446	1177	5002	314	1008	231	5746	2451	1942	995	120	155	7082	1192	5843	6939	2849	5429	120	279	2289	7206	4852	5984	2584	3184	2460	699	4728	5615	4121	3884	2493	6566	3633	1378	6929	4004	7007	5572	5170	2941	5388	4505	6307	4069	1550	5315	5154	4298	1939	5061	6136	2053	4177	3242	6593	1223	1699	4324	4107	2646	5144	3913	1408	6499	3298	4934	276	407	2734	7261	6384	2109	3569	611	2012	6508	2999	4071	5294	2809
6460	1382	3896	1362	564	6285	6441	5218	4845	3848	903	4900	3610	3390	6038	2626	6557	5818	5219	5743	2670	2726	415	6117	1643	6992	1047	2148	3934	333	2311	1253	3315	4134	1512	6813	1974	442	5474	2419	4292	6265	582	4120	5857	4859	3145	3650	4787	4803	5839	3859	2964	2150	3644	6096	2661	1413	1015	6239	436	4781	6277	3435	2003	4183	1409	847	3419	386	3586	2165	1876	1849	643	6222	2571	1534	4166	2820	463	4986	1663	7229	2427	5356	5080	3174	120	6693	3912	2154	2620	2930	5363	5488	4594	4185	5559	775	5293	6035	5119	4831	5701	946	2537	841	2992	1848	6384	7261	5365	2292	6912	4850	1314	5983	4797	3275	7220
1935	343	5151	3678	123	882	3040	6068	1596	6363	3715	3740	3261	3211	1359	3822	783	4731	669	1473	1540	6528	6923	1284	536	4191	215	3627	4487	1427	2531	3755	1896	5666	3176	5047	1898	5511	1798	2621	6705	4681	4985	5941	2459	3454	2236	6052	1442	5274	2614	6138	4482	5449	1753	988	4784	6390	2262	4090	3589	3142	1877	908	2121	3968	426	7034	7130	2202	2534	5161	3638	4983	5989	1835	1433	2171	4117	4629	1962	4012	1954	2400	2374	754	4842	3657	1730	5229	120	759	6101	4516	5830	2858	1255	811	835	686	6631	2471	3778	5655	4247	3137	4054	5707	4201	2931	2109	5365	7261	6457	1648	4712	1600	654	1396	2724	1243
6261	1616	5000	3673	6750	5886	120	3444	5374	4100	4548	801	1554	1449	6552	5483	6587	6040	5435	2218	2894	1960	3639	4246	2866	1581	3785	7209	7085	120	5763	4563	2943	3359	399	5438	6698	5201	1236	2693	2774	6621	2360	6032	3862	5641	846	577	2064	3909	479	5043	4696	7033	5862	2342	1836	2557	1249	6539	6744	4047	1469	2039	3323	2727	6715	2883	867	6174	226	3677	346	6454	6146	5188	7132	3078	1712	3447	3793	1530	3100	975	3820	4588	1326	5853	5484	1018	7008	6842	6514	3503	147	2264	750	4332	6161	6210	5662	809	1151	3509	3922	5358	197	574	5448	1385	3569	2292	6457	7261	2616	122	1770	6047	3328	4174	2667
3194	5397	5852	6389	6818	4444	7091	4792	378	6491	4401	6493	5692	4413	1066	5811	6656	6861	6620	324	3193	4514	832	682	2633	5649	6619	7006	5063	1817	6296	4652	7202	1336	5527	5735	5771	2917	5185	6328	2050	4113	4930	2331	4262	791	2942	2096	1139	1747	2216	2539	1209	7113	1486	6354	1881	5331	6640	6546	120	3379	2612	700	1621	6224	5368	4491	391	824	5412	4399	531	5553	2636	3619	6329	4303	1128	2002	1297	7096	2556	6983	2245	6850	2201	3930	3071	1107	2694	3130	4244	2923	7094	6266	3430	3122	5679	855	3754	4939	5558	6436	7022	2160	1498	376	262	6859	611	6912	1648	2616	7261	1608	1324	6036	1535	789	6603
6990	684	7072	1405	6050	3850	4865	5442	3304	3955	1422	5614	1426	5476	3977	3712	4669	6025	2588	872	1617	7061	2741	4008	7024	2603	2758	4838	650	5815	1762	120	482	5100	1857	1241	1348	2404	2464	347	6092	959	4730	322	2319	5600	3009	1961	6310	2271	4304	3496	5613	3885	1364	298	5275	291	6614	6838	159	6910	2017	797	3286	1347	1737	3585	1054	5075	5164	3675	4176	955	6463	309	3917	3744	2136	4948	7097	4683	120	239	5287	6043	2648	5010	5832	2840	1222	6145	4362	6699	3309	5845	6027	707	3976	6143	1672	4586	120	3667	3342	5215	5263	4773	3629	6953	2012	4850	4712	122	1608	7261	120	6016	5751	4301	4998
5261	1102	3001	1093	6034	2119	1815	4656	5507	6324	4320	4693	4519	4254	3475	186	208	4856	1457	2784	3364	1197	1801	2816	7048	4132	6221	4698	1245	6033	4564	1430	937	6371	661	2905	5846	2158	810	5290	4602	2049	1945	2841	3630	6625	5812	6856	2092	3622	634	1335	5880	4441	6551	2713	6952	4386	4499	1167	4410	1612	1981	5555	7037	3143	2453	120	1811	3108	2223	6255	2423	678	1542	1202	2754	6372	3115	5738	5683	917	3356	5131	2033	1032	6019	4869	3604	4617	6930	3732	2401	4646	7215	5470	4150	2227	6475	7236	263	6000	7167	1227	6111	675	6271	547	4749	120	6508	1314	1600	1770	1324	120	7261	3603	4783	489	3908
5475	1034	5270	2358	2235	2692	7040	1662	1571	5092	3889	7222	1611	622	996	6309	4277	7152	5773	4041	1533	2309	2624	5851	3680	1520	5799	5928	5549	2354	5792	5609	774	590	6648	402	3010	683	5028	904	6404	1992	2640	6634	4216	1926	478	3223	796	3599	1460	4237	1545	3415	7118	1706	5173	7143	3200	5945	4896	5647	1402	4218	7046	7174	1394	5685	4638	7255	1425	282	1049	1656	4498	3031	1376	918	3947	3916	5046	331	3901	120	2086	6088	5560	792	6056	4611	2256	183	5271	6714	4718	5420	3894	500	718	3484	2518	6270	6512	3269	5718	5870	6312	3048	5237	3716	2999	5983	654	6047	6036	6016	3603	7261	7189	2750	6708
787	6216	4598	6203	1344	3413	571	1850	2822	2082	1809	6116	4192	1728	4587	5097	1976	3964	2637	3171	2339	6297	120	5479	1248	3098	6179	1536	2286	748	5359	4769	260	5466	2110	6485	3655	5150	1271	2599	2652	6891	5953	6046	356	1601	1524	2321	4067	3051	593	4387	4142	6899	5520	1885	268	5221	3602	4175	5079	2600	2284	2105	1060	4593	3401	6847	437	5676	5717	5946	3152	227	4562	4354	2303	5067	3485	1042	3890	614	1210	4272	5015	4664	5627	6864	926	1087	2368	6361	5460	6385	4864	552	5930	120	3733	2167	1786	2737	403	6011	3374	1113	6215	212	2229	4520	4071	4797	1396	3328	1535	5751	4783	7189	7261	3411	2551
121	6245	1001	6799	561	1277	1509	1678	6809	6407	2928	7080	2630	5682	1936	2985	4215	2480	833	7122	3076	524	4019	3864	4553	4568	827	6456	4313	4808	5760	5457	5806	1290	4888	120	244	2052	931	6311	730	462	5960	6831	435	532	798	3914	120	3227	6848	3688	6467	5936	6591	4935	4076	3451	6902	894	2189	1082	1479	120	5915	589	3240	5910	1118	2065	120	7095	120	7144	716	519	1267	6258	7185	5985	6268	723	3123	5750	4251	1103	1561	1772	3911	2716	1684	1182	994	2057	5912	1760	2335	5732	1538	875	2583	1991	4635	2857	4601	1569	2295	1628	1307	5817	5294	3275	2724	4174	789	4301	489	2750	3411	7261	6954
4675	2517	5922	714	5362	3066	2372	5451	3153	889	2762	2047	1969	3295	1904	7148	5929	488	4226	1495	5102	4182	2173	6657	2439	2933	3824	4908	194	6924	2790	3818	3032	6874	2506	2075	3701	1320	3593	6604	1578	3490	6353	6368	6832	3221	6529	4621	4833	3803	5068	120	5931	805	6492	4835	3365	6771	6394	6293	6553	5535	5781	6037	4644	1365	6206	6260	1357	3139	6964	4085	2089	5658	5723	1937	3483	345	1556	1465	1261	4049	153	1178	3563	6283	7027	1787	483	2935	344	3723	5508	513	2084	6535	4489	2193	311	5490	4326	2847	5775	5640	3516	2113	5236	1154	5417	6782	2809	7220	1243	2667	6603	4998	3908	6708	2551	6954	7261
