7261	5983	2621	4677	5950	5859	1880	3406	3136	6032	6952	3072	6914	6268	4018	5549	2804	964	4023	7193	1039	4042	2964	7071	4336	2787	4378	1852	3041	1021	4496	5073	737	1029	4829	3544	641	1274	2783	5130	972	1678	6666	317	843	1602	2775	2772	4656	4786	2876	5760	4113	1244	5698	120	5809	3199	5090	6323	3545	6945	5624	263	650	1787	3427	2142	2422	4561	3163	4470	2990	4936	3276	5033	1660	6062	5947	6600	7096	1785	512	1346	6822	3499	1175	961	5765	4393	3512	4846	3312	2374	6193	6066	265	878	1805	1534	5626	863	1525	2764	3033	3893	722	4817	4180	454	5744	2330	4503	5023	2079	4137	6331	4974	6492	2282	5855
5983	7261	4927	2502	3402	6678	3537	3438	5213	1215	3370	2468	2224	7229	7209	2540	3127	2704	139	2591	3464	5578	4887	1308	1493	2925	4672	3663	3820	3421	3751	1592	694	5670	2750	3956	1017	3664	531	6213	142	3196	120	1929	2962	3117	6711	1184	4849	2735	1665	1530	6636	2758	5044	6969	5400	4507	502	1883	1571	5433	304	4665	1904	2322	5057	6132	1407	770	3159	6839	1916	4353	2323	6828	1174	3777	4161	6302	5440	430	1391	4431	2665	4557	1476	2143	4360	2154	3441	5079	5513	7014	120	3510	4588	633	1116	5813	511	3118	1728	1420	7249	5552	4600	3320	914	5506	388	814	6181	3493	3602	2717	623	3279	4225	2400	1886
2621	4927	7261	4913	1211	2035	387	5355	2066	849	5071	217	4851	1772	4293	3035	120	3135	4976	5385	6772	120	2720	4438	4748	1506	5973	6745	1441	803	3620	3455	765	4504	3480	2860	164	5125	1544	222	353	120	7078	398	6646	1179	4454	2308	120	2641	2667	5394	5827	4622	5687	5743	5177	120	6651	5867	1033	128	5321	6677	6188	1133	3719	3615	2894	5563	5415	5156	4690	3351	6905	6308	1524	6548	3801	5641	2877	5046	6400	6092	3134	4276	696	6691	2511	2172	5846	6012	120	7007	5796	4093	4993	7084	3612	3905	530	1840	4260	2909	4248	2776	5555	4493	7192	5740	5694	2791	1681	5773	928	3609	3516	1225	3746	1739	5320
4677	2502	4913	7261	1649	1833	225	6409	3605	3387	1158	1786	948	2194	4414	4612	120	2698	2271	1911	3862	3586	1622	7086	2959	7036	5379	3611	2523	1381	4633	4105	4598	3144	2672	3964	4224	5977	4778	1988	2747	5118	6336	2119	7150	1672	661	2825	2359	2285	7042	3004	3666	4891	6739	3886	2491	1302	4050	4203	5239	2490	1483	7187	5934	1471	2929	1693	3764	2106	4422	3817	4256	541	7213	120	7242	3347	3725	416	6411	2206	1264	2976	249	5650	6074	3921	5243	6228	1694	2480	1204	6378	1164	6676	847	5509	903	3373	6412	4426	4676	1444	1962	3133	2769	6728	5444	6981	4902	1332	955	717	6161	7170	4793	1865	505	298	1616
5950	3402	1211	1649	7261	441	266	2082	4222	2652	210	872	630	1947	354	2218	3509	3859	4106	1472	3078	6990	3629	7080	2940	5481	2085	4300	735	4545	349	2746	6339	1849	3437	1894	7097	6004	2046	3749	2283	6058	698	4903	1491	4787	4549	4500	6463	6970	4544	1123	4315	6166	332	4932	3431	4073	4920	6299	833	956	4791	2648	6719	6456	4992	5704	827	6681	1600	5745	2828	5835	6312	1603	4797	6673	4834	127	3068	3500	7241	5495	4154	7180	1591	3655	5530	120	4572	1515	2004	3408	4443	346	4800	1252	6917	3256	761	4138	537	3043	2088	2373	5449	1421	1065	3619	5648	6561	3798	851	312	2824	3517	386	5456	6401	4795
5859	6678	2035	1833	441	7261	487	5778	474	4592	5417	5062	3109	120	5191	6887	1926	1599	4552	4492	4362	6194	6009	6714	6686	5632	6499	5788	5496	7088	1419	5266	2434	1094	6988	5123	3240	855	3529	3369	6816	3419	7105	5326	6788	1949	4832	521	6502	4514	6695	1479	2357	2424	184	2882	1316	7032	7004	5931	5863	1081	853	681	4126	580	1191	2187	6196	900	729	4245	5576	3828	3446	2348	3677	6578	2607	5471	316	547	3554	6167	120	4868	2258	404	2063	555	3581	4719	4262	2423	2137	5845	1341	6288	6292	957	2620	2456	7049	4773	4312	6749	6156	3382	5363	302	3721	1583	7225	7257	3420	5477	4383	2025	3680	2026	6263
1880	3537	387	225	266	487	7261	4227	3683	4273	5132	890	810	2161	253	2500	4861	2196	1823	120	3739	2489	6375	1585	6619	6596	720	702	892	5235	4474	4803	5025	7232	3322	459	4394	5690	7157	3873	4270	6825	5590	6701	6594	6524	3920	6229	2875	3681	6849	2897	197	4031	178	6734	6022	3712	5673	4777	1700	2369	1920	2247	1905	4726	2943	1425	3478	2482	6246	560	963	5923	4430	1019	6276	1147	6424	1210	1323	5345	6892	1135	6612	4481	5539	4240	3701	120	2998	3005	3983	2972	981	6485	3762	6907	1355	4990	7068	356	4674	3149	6585	1735	5452	6085	3104	3120	5026	4007	6698	205	3045	6449	1084	4931	3935	2915	6515
3406	3438	5355	6409	2082	5778	4227	7261	4372	2183	6472	2681	5523	3250	4510	4579	7140	5582	196	3040	6190	3395	962	675	1202	3567	4699	120	7041	3185	1770	3368	3001	1026	6002	6629	6740	3720	6856	3971	3274	2193	4619	6380	1280	2064	4909	6833	1272	888	6118	7048	1846	5854	6660	621	3140	6324	6656	3574	4157	5339	4178	395	4783	3769	6137	1948	5297	1858	4047	4076	4966	169	4358	4577	2766	2098	4603	3641	5880	4217	6670	425	6517	4828	1086	2599	3304	1185	3482	4621	6044	4292	6937	2853	489	3498	1067	4862	199	3088	5116	202	2674	3771	6029	4295	3696	5887	706	306	2994	3453	2002	1710	4806	6454	6735	785	5674
3136	5213	2066	3605	4222	474	3683	4372	7261	5392	5774	361	6273	3186	1590	2623	120	6838	1025	886	6553	3903	2581	5216	5906	366	4208	6802	7038	254	6185	6267	3970	1860	559	3381	6191	6184	1028	5806	5596	3056	1431	752	6751	1132	3022	2387	6084	124	3832	5276	617	5921	5986	2548	5432	719	2251	732	2179	4125	6606	1687	4757	6395	6704	5340	1761	5829	3451	1220	520	129	275	3654	5244	4979	5759	5871	1719	3161	130	2315	6781	3067	3288	4996	6469	5865	6845	3633	1446	5170	4556	1589	3577	860	5604	3504	7196	6279	2815	1957	1682	6671	4959	5343	220	925	3662	618	2344	2896	6653	4322	3095	2628	6262	4509	6001
6032	1215	849	3387	2652	4592	4273	2183	5392	7261	2658	6668	5063	3284	1492	1923	2408	3525	6510	2236	3338	4906	4176	2767	3900	3966	2087	6733	3840	2780	4758	1405	1542	2233	5897	3941	6278	3242	1753	2974	5948	1254	1815	2857	690	411	2033	842	6807	5003	7117	120	746	450	4049	338	6754	2653	2534	2243	2554	1972	5696	318	551	6938	351	6590	120	4458	6175	1802	991	5261	5614	5173	3487	989	4721	3380	1604	1568	896	5068	427	1159	414	6554	3459	3180	3527	3061	7179	2997	1389	3986	5338	1504	6486	7111	4732	2785	2149	6415	4529	6024	5149	934	4269	3226	5998	4364	4915	3353	703	5194	2531	7252	4825	4882	4313
6952	3370	5071	1158	210	5417	5132	6472	5774	2658	7261	7199	2197	3331	5475	7240	1553	3194	1609	3070	3015	5553	7102	5963	5902	5681	5971	4901	642	821	185	1992	6145	3933	6381	7095	1999	1266	723	5525	7051	1539	1912	5714	4957	4065	1946	968	5889	7047	4816	201	2030	565	5234	7191	7223	5120	1340	1757	3536	6094	6587	6540	4053	2955	2346	1822	4653	6314	2979	1784	7059	7166	5133	516	2319	5141	6136	2058	828	256	3863	1203	2181	7006	5422	381	1178	2630	1572	1426	3426	207	5181	1614	5916	6738	5925	5476	6366	397	1699	5350	2802	6785	1248	5455	5712	4429	6697	7218	4541	2167	2012	6559	3329	1103	120	4683	1262
3072	2468	217	1786	872	5062	890	2681	361	6668	7199	7261	742	4926	5013	1936	4074	6530	5783	3922	5527	6090	6737	6162	6850	453	5532	120	3010	4625	4467	5018	1009	2956	5489	5884	6211	6379	2394	5259	4122	1666	2618	4566	1268	3202	6275	2437	2273	6777	7204	5300	452	5910	136	607	2034	157	1337	4290	6903	1437	2608	4669	1366	3456	5782	2742	5036	120	1329	2693	2124	5838	287	1427	5253	1477	4139	684	6815	1214	5801	5302	4940	6934	120	2184	4175	6623	4343	6416	7250	120	4285	2996	120	3727	1654	2978	6205	566	3334	3877	2696	5610	4567	345	3888	3146	1522	5873	2749	1242	1919	2700	5615	598	5425	7009	4264
6914	2224	4851	948	630	3109	810	5523	6273	5063	2197	742	7261	3049	6160	5791	4986	4591	4560	5924	2304	909	2226	348	1370	4735	7176	3906	2073	4361	3752	7217	1129	2890	974	4517	3355	4988	305	999	120	4555	470	586	5718	4321	7255	5265	4513	282	7185	5686	4980	7121	5287	5443	3249	5831	3268	3038	884	1060	296	7239	5652	7235	4340	2044	1061	6129	2041	2084	5914	3502	3614	5635	2492	5076	6599	1809	1142	5786	3415	1236	2732	490	7046	2859	497	3557	4894	1024	6368	5069	4885	5842	6588	4804	3617	5144	1749	807	5383	7065	3428	4727	4710	2963	7054	5643	3508	3139	4124	4118	3295	7011	6055	876	4866	457	2761
6268	7229	1772	2194	1947	120	2161	3250	3186	3284	3331	4926	3049	7261	832	5546	3051	5047	3882	292	6182	2971	4590	3083	4085	1466	2722	6526	3945	6589	7113	5932	6996	1718	2068	336	3434	3132	3383	3062	6350	917	5705	1473	2638	1338	668	1798	4706	1725	401	3885	2175	3676	2705	6724	2852	2412	4685	1914	1334	1194	3372	2582	5370	2470	3685	232	5113	4369	6026	3878	6621	6609	1463	3708	4506	951	3988	2440	3091	1973	3237	2150	1105	6960	4489	4991	4318	5412	4924	4967	940	1064	3991	120	4883	6291	2590	4595	6519	3693	2846	1908	1404	5328	1866	5627	1317	5429	5665	1170	6060	2680	363	6096	6564	1271	3723	5009	303
4018	7209	4293	4414	354	5191	253	4510	1590	1492	5475	5013	6160	832	7261	6134	5534	4063	950	4288	3076	4811	1045	6487	6765	3980	5188	6444	4399	3579	1793	5535	290	6964	829	1941	5248	120	866	709	3909	1030	5201	5749	831	5082	7073	2832	3883	5772	2596	5538	5158	1756	6065	6827	3951	2364	6595	1189	2384	5817	3278	3309	4594	5154	2957	3874	2814	4671	4221	2455	2937	2669	4889	4404	7035	2211	5314	6483	2683	2112	4072	2838	662	3481	5849	2108	4526	4397	5242	4272	1408	6689	3702	6635	6286	5272	3142	131	2834	4718	173	2579	4583	4650	4215	2666	3809	1964	4823	5709	3528	4794	3937	5970	3388	1796	3585	6150	3447
5549	2540	3035	4612	2218	6887	2500	4579	2623	1923	7240	1936	5791	5546	6134	7261	1775	6189	1468	1232	4923	6441	3439	2208	5372	4899	2613	1927	3978	1966	6477	1596	1788	797	2837	6641	730	4548	1235	6560	5519	4647	1628	1354	6439	2614	4813	6506	2504	2953	6703	1020	5716	721	5309	3418	6823	4342	120	1563	2277	6361	806	2050	7002	1134	2221	1626	1555	998	5982	6713	498	4904	496	1072	4133	1099	3975	2288	654	3394	6390	3926	4587	4460	3167	4519	5785	6170	4632	5585	2020	368	3378	4910	7107	6154	7017	2051	6354	1414	3595	4408	857	5848	5984	1893	7203	6976	5746	5877	5228	2595	7043	3107	6470	705	4199	2071	3887
2804	3127	120	120	3509	1926	4861	7140	120	2408	1553	4074	4986	3051	5534	1775	7261	3761	2370	1899	772	2966	6117	3219	4096	591	6006	3610	6566	2965	5178	1529	3833	4708	120	2294	790	5669	5723	3628	6490	1879	5805	3916	6895	1452	6817	208	1440	1108	5645	4174	2858	1360	3915	3839	6435	578	1301	120	1233	7131	1874	2494	4660	6042	1818	150	4680	2635	3379	7128	2559	382	7132	3206	1152	6236	676	1128	120	5583	6015	408	4637	467	1670	7184	2318	120	1906	1745	6179	4145	1273	5241	5956	3519	1655	2920	646	3993	3311	2123	4471	2604	5351	2320	5776	1819	5516	1636	6542	6453	6393	1207	7182	4382	5015	1113	2524
964	2704	3135	2698	3859	1599	2196	5582	6838	3525	3194	6530	4591	5047	4063	6189	3761	7261	1976	3302	7022	4119	6494	571	2024	5703	3929	3728	1574	2310	2822	2261	5269	3838	3238	3413	5894	2646	4874	4538	2878	3568	6576	480	3542	3684	120	6894	2201	2497	4604	5598	174	3836	2111	6086	6144	1006	3687	1729	2092	3298	2272	5540	3156	6227	1004	3678	5588	390	6529	2358	2340	5779	4061	4536	6855	3948	3466	1469	6093	2060	954	376	3774	6364	2065	830	3105	1975	5209	5508	528	3246	3414	1812	3931	2723	6662	5190	7161	4246	5072	1917	3765	5617	4610	2627	5688	1748	7246	2765	2509	4833	1943	3013	1434	2365	6657	5566	6025
4023	139	4976	2271	4106	4552	1823	196	1025	6510	1609	5783	4560	3882	950	1468	2370	1976	7261	2995	6484	1071	5042	839	2027	6303	6611	2464	983	1859	5895	2420	4034	182	180	3042	2404	3023	6414	3403	5651	6902	5597	5822	5086	2684	4323	3158	1481	3950	3750	2773	5677	2429	5249	5453	4214	6219	1111	3534	4809	3652	6293	4235	3549	6655	337	519	5368	2566	188	5220	4537	5288	5780	6280	1669	1157	3050	6893	4306	2844	6265	3339	1223	125	7207	2005	2677	4780	5315	3673	3776	4103	1584	2981	2803	2938	6637	120	640	7147	3328	4087	4978	120	3854	1895	6081	4753	1294	6582	6915	1598	5148	1192	352	3280	4112	611	4937
7193	2591	5385	1911	1472	4492	120	3040	886	2236	3070	3922	5924	292	4288	1232	1899	3302	2995	7261	6891	3458	6929	7116	2643	5464	3925	6527	6980	4153	1514	6243	6304	2525	3918	6679	5491	6780	6249	2248	4601	6458	7029	1868	1306	1996	6767	6126	3032	2341	6883	4444	2349	4335	6250	2213	364	836	4274	4479	2241	1229	2656	6624	6099	3318	5312	6630	569	2204	759	5667	4943	2003	1131	1826	6536	5031	4879	4815	5815	5794	5620	5402	3307	758	2372	4589	181	2047	1049	1224	6884	2572	538	5277	7198	5273	403	4582	3293	748	1872	825	2168	820	3608	1541	1845	5263	4181	1982	4839	7156	5274	1696	5853	420	5324	120	4775
1039	3464	6772	3862	3078	4362	3739	6190	6553	3338	3015	5527	2304	6182	3076	4923	772	7022	6484	6891	7261	4916	6274	2575	4077	2585	2515	6079	2276	4704	6244	1400	3006	5758	1780	2180	3264	2688	4626	4168	3995	3772	2550	5468	921	1321	1713	121	583	5918	1140	751	3927	1557	5656	5807	6198	6495	539	3992	6873	5787	6936	4330	5473	1195	2870	2951	1779	1489	2726	3698	1652	5398	1738	5236	3292	7183	1046	5717	2399	6103	120	5896	6133	1873	5936	485	5051	5157	4009	6123	1658	636	3597	1576	572	1267	3589	3362	409	6562	134	1722	6083	4812	3944	4997	5331	5660	3805	5729	2757	4576	3501	120	6811	1543	3759	1097	4026
4042	5578	120	3586	6990	6194	2489	3395	3903	4906	5553	6090	909	2971	4811	6441	2966	4119	1071	3458	4916	7261	4213	4725	1799	4518	5028	898	4464	120	1078	1690	5560	7074	2781	5850	6097	3524	120	3489	4417	2564	4379	524	5139	4152	6369	7208	2116	773	529	3412	3889	5022	5991	1830	4389	899	2095	6618	2975	2807	2660	1230	1517	6028	4528	5066	3616	216	3596	1411	841	3410	2483	4651	4449	4854	725	2538	399	603	2522	6321	5435	4038	784	4574	120	5608	6520	328	4734	4837	6317	1035	1958	3364	4524	200	4243	5219	206	120	2448	3511	5252	6023	1717	2601	6341	791	3779	5388	2903	673	4268	1969	792	2927	4370
2964	4887	2720	1622	3629	6009	6375	962	2581	4176	7102	6737	2226	4590	1045	3439	6117	6494	5042	6929	6274	4213	7261	1990	3034	6417	2626	4413	1199	1942	5954	2797	6114	6252	1386	4334	3808	4337	4418	3538	7064	327	6546	2558	3600	3212	5668	3317	5378	5684	3166	5557	4714	2934	1559	3294	5131	2433	7025	1358	1056	6706	5710	6826	4446	5160	3047	406	2770	812	3722	278	5352	120	6049	3157	5423	2389	1234	3079	907	6882	4024	3729	120	795	845	1792	1246	5134	6638	3790	7154	6682	6877	6557	4409	4297	5004	1258	6593	3283	4521	3389	587	2987	1318	4251	4433	2031	4723	1462	3520	861	6125	6885	3963	4164	277	1740	4907
7071	1308	4438	7086	7080	6714	1585	675	5216	2767	5963	6162	348	3083	6487	2208	3219	571	839	7116	2575	4725	1990	7261	5377	4890	674	3341	5428	6743	3281	4845	901	648	568	3476	1228	5872	198	1314	4182	6532	1363	6875	3009	5818	2402	5618	6358	120	5080	3106	4441	6871	6305	7181	1385	4810	3192	5100	6039	4770	5393	1259	5770	4459	1971	1402	3465	7177	4025	5176	4740	5205	4657	4101	6507	3506	4219	563	5342	918	2908	5558	6071	2801	1754	6398	281	4064	1238	5683	6943	6075	1933	7236	1854	1212	6192	2263	469	3319	2386	992	203	5369	6571	2049	3233	3123	7057	3221	6633	5494	889	5819	1940	3086	5310	7221	3184
4336	1493	4748	2959	2940	6686	6619	1202	5906	3900	5902	6850	1370	4085	6765	5372	4096	2024	2027	2643	4077	1799	3034	5377	7261	5926	6793	3507	6650	4675	3982	5493	2405	273	3151	5245	3204	7076	5029	2784	1378	6105	6930	1848	2299	3872	1977	2606	120	2309	2212	4729	7061	483	1465	2712	3690	3374	3865	5463	7127	993	2469	5179	5490	6112	2512	2673	7077	867	4724	2039	1292	5852	3486	1851	3073	5298	4375	713	4095	1475	1010	2368	2563	3178	4196	6155	2881	6597	5930	6861	672	4752	5834	1124	3148	3755	3841	2873	6770	1945	6675	5907	6674	1396	6723	1005	6478	5898	5541	2000	6968	4314	3349	3066	4445	4048	2091	4546	3063
2787	2925	1506	7036	5481	5632	6596	3567	366	3966	5681	453	4735	1466	3980	4899	591	5703	6303	5464	2585	4518	6417	4890	5926	7261	4482	2574	2125	3744	937	6005	3675	1932	4741	4291	534	4652	6665	4193	1647	4252	3326	6742	5797	743	442	4754	2128	7119	211	2932	5257	5595	1741	5531	4115	5734	1188	1828	2431	2592	4303	6139	393	283	4241	5075	6187	1765	2401	437	1448	5512	6056	5083	2230	4400	3479	3306	2381	6153	4733	6020	6563	6854	3645	2649	4722	120	389	4120	1227	3870	2676	1430	5152	2573	4655	5922	3065	1057	3348	3187	5756	3955	7062	4216	2942	6301	5199	5223	137	5106	5294	7205	120	595	2122	3260	5465
4378	4672	5973	5379	2085	6499	720	4699	4208	2087	5971	5532	7176	2722	5188	2613	6006	3929	6611	3925	2515	5028	2626	674	6793	4482	7261	1645	3425	5101	1344	447	1365	912	6953	7133	426	261	6913	1484	7058	6690	6608	370	215	4799	1684	2474	6226	329	233	247	7162	3754	3190	120	5601	2532	2647	1960	204	5078	4609	4884	6949	5975	499	4183	4938	3902	4236	4578	4716	649	2703	2841	3584	158	3114	5750	6901	4515	149	3154	4670	5808	4873	6127	5507	344	3224	2023	3039	3543	159	2441	7053	4111	3821	5381	5460	1090	3467	818	5077	2353	5292	4234	3352	3115	4355	1742	2055	1561	2730	2744	6149	5197	4693	1150	2475
1852	3663	6745	3611	4300	5788	702	120	6802	6733	4901	120	3906	6526	6444	1927	3610	3728	2464	6527	6079	898	4413	3341	3507	2574	1645	7261	764	6392	2651	2225	4263	3435	7231	6116	6688	869	5840	5828	4044	339	3201	1907	745	6019	3667	1347	5061	4465	6406	4638	3688	4010	3848	507	1350	3053	2495	6722	6294	2253	120	1428	2709	417	2449	4141	4108	3044	6547	919	7027	1527	5059	3757	5175	976	5208	4508	4999	891	6124	3650	3198	3706	5039	1155	5442	7012	5752	1531	4352	6122	6316	1079	6837	1575	3265	5662	258	5951	2292	6755	4958	3125	2016	6176	1051	1774	3837	622	4781	213	6795	3639	1196	1401	3229	980	219
3041	3820	1441	2523	735	5496	892	7041	7038	3840	642	3010	2073	3945	4399	3978	6566	1574	983	6980	2276	4464	1199	5428	6650	2125	3425	764	7261	5726	2367	5861	472	4298	3573	5093	120	300	120	6386	5303	2156	6725	4277	2059	3812	3449	120	7230	4820	4751	3938	4646	632	1771	301	588	7233	120	4596	4267	710	4963	439	4720	1144	1511	5416	4116	5380	429	2514	6467	4593	3758	1519	6076	4580	576	6247	816	7145	3802	324	3940	4146	6978	3008	326	798	1842	6283	3813	6407	2760	5565	5313	1726	6959	7174	4772	7063	4498	4611	2794	1269	637	4365	4649	1276	3099	6694	548	2728	6591	5094	1876	3830	877	3824	4575
1021	3421	803	1381	4545	7088	5235	3185	254	2780	821	4625	4361	6589	3579	1966	2965	2310	1859	4153	4704	120	1942	6743	4675	3744	5101	6392	5726	7261	1714	5993	6207	6616	688	2164	468	7202	3257	915	3170	4760	2067	4485	2129	6994	1730	3849	4100	1501	4505	5518	1285	1521	4090	2675	1829	596	4056	2587	5280	6082	4037	359	1286	1288	2259	1376	7037	4645	4158	5107	2812	1878	6551	4170	5403	4308	1058	309	6771	3532	6233	2326	550	3113	3473	3273	5941	3760	1566	1353	6102	3337	2249	495	3357	6396	3209	4895	6508	4628	2199	6974	6284	2831	704	3866	5346	7258	2634	3097	1127	3150	4435	5638	2970	3590	1092	4779	6173
4496	3751	3620	4633	349	1419	4474	1770	6185	4758	185	4467	3752	7113	1793	6477	5178	2822	5895	1514	6244	1078	5954	3281	3982	937	1344	2651	2367	1714	7261	4684	1791	5548	1618	6285	4792	2642	718	3547	2567	383	775	465	2752	5961	4972	400	4185	4403	5960	120	3879	4977	4186	2541	176	6046	1685	6843	1513	5262	5522	6926	616	6812	7206	5203	1871	3713	4830	4987	3021	2777	5278	5067	613	4238	824	2967	2227	2577	1042	2862	1494	6180	4917	2438	1611	1627	6989	4511	4802	7172	4597	6109	5978	372	3259	2989	3561	6253	3172	4202	1050	643	1959	3522	3735	4331	6625	682	5222	2217	6813	4880	1902	2689	6225	2671	1623
5073	1592	3455	4105	2746	5266	4803	3368	6267	1405	1992	5018	7217	5932	5535	1596	1529	2261	2420	6243	1400	1690	2797	4845	5493	6005	447	2225	5861	5993	4684	7261	6425	7194	3393	3949	2871	4280	4374	6804	2706	850	2826	6620	2120	6491	7045	3445	4756	4147	4747	966	683	5793	4327	5418	2484	3773	1970	4707	4995	4338	2570	2406	1898	984	3990	1648	2716	4071	5862	3780	238	2306	1953	514	936	4613	227	2006	5226	6016	1181	3556	930	6257	3024	5362	314	4921	3743	5390	7104	2763	6013	6702	2162	6360	6363	3503	120	4681	4348	7253	1773	7021	3285	7148	6744	5140	1637	4210	671	1125	4962	6715	4709	2933	2493	7091	1096
737	694	765	4598	6339	2434	5025	3001	3970	1542	6145	1009	1129	6996	290	1788	3833	5269	4034	6304	3006	5560	6114	901	2405	3675	1365	4263	472	6207	1791	6425	7261	6948	2472	4286	3689	5017	5968	2075	2539	2843	4169	3036	1120	864	3291	2452	3591	3919	2718	229	4939	1077	6644	1451	7016	3153	1526	3569	1834	1890	4030	5647	2885	120	938	4284	2793	3647	834	2588	3176	5304	2661	2584	1048	3756	4028	1692	1390	1928	6628	3634	2032	584	5550	6925	5592	5327	6863	3732	2113	3804	1315	2907	525	6209	3052	4102	1373	4184	3742	3661	6768	1059	5074	5260	5365	3788	4550	2436	2014	3474	246	2017	1112	4110	5649	504	3000
1029	5670	4504	3144	1849	1094	7232	1026	1860	2233	3933	2956	2890	1718	6964	797	4708	3838	182	2525	5758	7074	6252	648	273	1932	912	3435	4298	6616	5548	7194	6948	7261	3168	5767	6667	781	3396	1359	4581	3252	3314	6685	1691	5860	2467	4784	5162	1454	3182	322	692	7168	5426	1148	6300	4860	4975	6482	6940	424	3126	7094	2930	5520	6451	4434	789	4494	3672	2240	1435	6865	1364	1162	6473	3811	3470	5564	3860	3130	3262	3594	2321	3710	7001	838	163	6661	239	4602	4339	5325	1698	120	3656	2430	6218	4275	6782	6897	1418	226	5034	251	2010	1615	6242	1582	6498	4187	1243	2222	5419	7030	4850	1403	1455	4875	6511
4829	2750	3480	2672	3437	6988	3322	6002	559	5897	6381	5489	974	2068	829	2837	120	3238	180	3918	1780	2781	1386	568	3151	4741	6953	7231	3573	688	1618	3393	2472	3168	7261	558	3222	120	6387	3607	4554	1429	6985	3102	6987	2580	1870	4998	1312	4299	3939	6841	1624	2743	1487	252	4483	3559	2342	5360	1934	5869	391	6983	1950	4635	5824	1187	2553	3471	4867	4522	6266	152	1241	6497	652	2189	4702	5876	3540	639	6774	6272	5769	384	7214	3786	2737	6750	2015	5755	6282	2083	6048	1640	526	1349	4051	4117	6922	2847	7152	4965	4189	5484	3770	1838	5544	4421	6287	6333	756	6796	923	1445	4385	6052	4480	3124	2118
3544	3956	2860	3964	1894	5123	459	6629	3381	3941	7095	5884	4517	336	1941	6641	2294	3413	3042	6679	2180	5850	4334	3476	5245	4291	7133	6116	5093	2164	6285	3949	4286	5767	558	7261	4831	6759	2551	6834	3286	2668	4623	6462	5868	5812	4320	1399	996	6397	660	3407	6078	4822	1002	3864	6575	5702	1552	7138	6036	779	2485	5087	120	269	503	5204	1190	5127	5334	120	935	985	7197	2829	5893	6541	4004	6115	4925	1733	5577	4512	4960	5946	5715	5048	1104	5164	2612	7079	5594	6455	2192	1256	2407	1811	2954	2883	5944	2655	6113	4407	4469	2303	736	3069	3173	1569	7130	3461	5391	4705	3189	5671	6489	343	1015	4472	7122
641	1017	164	4224	7097	3240	4394	6740	6191	6278	1999	6211	3355	3434	5248	730	790	5894	2404	5491	3264	6097	3808	1228	3204	534	426	6688	120	468	4792	2871	3689	6667	3222	4831	7261	6465	2830	5589	1289	691	120	4043	1701	2738	2450	6806	3575	3996	6157	6143	6720	4662	4402	4863	3644	230	1956	3017	1034	5104	5184	6070	2526	120	3954	5478	1862	1076	360	4356	7103	1044	272	4317	379	5790	2565	4205	3985	3287	7237	6296	1068	3442	471	3477	6460	3301	172	601	3523	3784	1412	1173	1143	6683	6500	2301	1219	1528	5329	3856	4765	2077	3469	6199	3405	2388	2686	4807	1037	1789	6696	4826	5145	4964	6944	6709	1136
1274	3664	5125	5977	6004	855	5690	3720	6184	3242	1266	6379	4988	3132	120	4548	5669	2646	3023	6780	2688	3524	4337	5872	7076	4652	261	869	300	7202	2642	4280	5017	781	120	6759	6465	7261	6748	6111	1535	6204	3895	4564	6277	5323	6991	6779	6232	1663	6440	4896	2339	2904	1683	6954	6344	1766	373	4836	4279	7167	3289	120	3515	4953	6870	3122	6726	2133	6475	5407	3818	3736	5663	5903	6516	2496	3218	959	2679	4054	6138	120	4167	949	3819	1422	5623	3638	1122	4367	1579	286	6480	3270	2782	6452	2708	2549	6348	7110	5955	4559	5528	1633	2884	120	5574	1382	5008	2756	2170	4463	6329	6142	3928	5795	1372	546	3497
2783	531	1544	4778	2046	3529	7157	6856	1028	1753	723	2394	305	3383	866	1235	5723	4874	6414	6249	4626	120	4418	198	5029	6665	6913	5840	120	3257	718	4374	5968	3396	6387	2551	2830	6748	7261	2740	358	3183	6572	1896	1172	2571	6570	5399	284	952	5628	1074	2395	2891	5562	1801	6391	4892	5720	6313	3485	4129	5286	3563	2413	6241	2432	5056	5999	6203	5105	1275	6716	1410	2473	5161	5267	3162	947	120	6038	5713	2865	5823	1167	2153	3333	4198	1605	3791	1368	1632	5240	120	1261	5581	6050	2135	2521	1156	2289	4003	3582	1169	3345	4691	7164	6864	1650	4929	4151	4499	6916	3432	4639	5526	1954	4135	231	1570	6975
5130	6213	222	1988	3749	3369	3873	3971	5806	2974	5525	5259	999	3062	709	6560	3628	4538	3403	2248	4168	3489	3538	1314	2784	4193	1484	5828	6386	915	3547	6804	2075	1359	3607	6834	5589	6111	2740	7261	3416	5291	194	1324	5724	4014	597	2543	1149	3211	4377	712	2210	1023	4814	2948	6791	4156	1014	3251	3846	1760	2444	2215	4762	2332	6809	3103	7093	4620	4805	6736	3715	1375	3112	2650	6984	1675	2631	5296	2528	5742	6383	3871	2928	7244	5344	1304	2001	6163	3857	5040	2941	2622	4089	6501	2256	6421	2099	549	4149	4109	3077	6868	545	4586	2097	5637	5739	4250	2392	2361	120	6977	5268	244	6626	4357	6534	2697	2895
972	142	353	2747	2283	6816	4270	3274	5596	5948	7051	4122	120	6350	3909	5519	6490	2878	5651	4601	3995	4417	7064	4182	1378	1647	7058	4044	5303	3170	2567	2706	2539	4581	4554	3286	1289	1535	358	3416	7261	904	2754	2745	7115	2835	3155	4855	7018	147	5612	4162	2659	6598	5332	7055	5609	6663	4387	994	6033	2810	6942	4618	6335	3699	2109	289	5138	2086	2851	183	5155	6172	7100	3901	3852	6405	1759	3630	3030	6389	6377	3400	2707	5458	161	6091	5142	2465	3046	5511	1538	120	6762	2864	3174	3716	5733	6399	5899	6003	1549	1797	5043	5633	2100	5129	2018	4420	6307	2048	4448	6763	1850	2836	5183	1979	6442	5153	1558
1678	3196	120	5118	6058	3419	6825	2193	3056	1254	1539	1666	4555	917	1030	4647	1879	3568	6902	6458	3772	2564	327	6532	6105	4252	6690	339	2156	4760	383	850	2843	3252	1429	2668	691	6204	3183	5291	904	7261	6443	4130	5917	221	3092	2078	4128	870	2136	4530	6311	3555	342	7175	3740	2093	1580	6518	3002	6382	6699	3305	6512	5247	2945	5487	614	299	5697	3845	3704	7083	7245	6428	462	4060	6447	2417	6077	2936	2375	3934	6067	4951	6457	2396	3025	2335	3359	1629	3546	2428	7186	2295	6376	6819	5397	2104	802	1901	6622	5736	3484	708	3080	7114	4416	6741	5016	2913	5679	664	2988	543	3277	6041	243	6410	5915
6666	120	7078	6336	698	7105	5590	4619	1431	1815	1912	2618	470	5705	5201	1628	5805	6576	5597	7029	2550	4379	6546	1363	6930	3326	6608	3201	6725	2067	775	2826	4169	3314	6985	4623	120	3895	6572	194	2754	6443	7261	148	500	120	6290	1620	4701	240	517	319	3236	1634	2488	6433	1176	1305	753	5964	4857	1747	7224	6260	5202	4486	5114	2293	6919	1281	4848	7126	3599	1126	7120	594	187	5676	155	6810	707	4568	6904	1231	2916	2463	2503	6295	2589	3831	5330	1449	2057	4946	5874	6332	6418	1737	6021	4301	4713	6423	1295	4769	7144	6766	4570	2056	3588	5602	3254	3227	6298	1857	4782	4616	5284	209	2586	2146	3220
317	1929	398	2119	4903	5326	6701	6380	752	2857	5714	4566	586	1473	5749	1354	3916	480	5822	1868	5468	524	2558	6875	1848	6742	370	1907	4277	4485	465	6620	3036	6685	3102	6462	4043	4564	1896	1324	2745	4130	148	7261	7033	766	4711	1166	7149	6141	3717	2379	5728	4520	2291	7066	2343	1888	3632	1843	6605	564	1171	4350	4666	1671	4745	3203	610	7136	4584	350	1089	3679	5802	6607	5441	645	4763	3876	6245	2105	3737	2759	5375	2132	2795	848	6271	590	4531	2479	405	1442	7211	2645	3239	120	6178	151	978	4717	4083	4617	922	3911	5306	1307	4304	4553	120	6221	6971	2818	7146	1377	4547	1369	6574	4808	932
843	2962	6646	7150	1491	6788	6594	1280	6751	690	4957	1268	5718	2638	831	6439	6895	3542	5086	1306	921	5139	3600	3009	2299	5797	215	745	2059	2129	2752	2120	1120	1691	6987	5868	1701	6277	1172	5724	7115	5917	500	7033	7261	4191	330	3436	6997	4209	5466	1348	120	6231	2854	2220	3385	6357	7238	4452	120	4423	2889	893	488	1646	421	5098	4466	5497	2602	4853	1299	5741	5322	1509	5833	3957	2188	5150	428	259	6757	4398	3492	2741	7195	1680	4094	5891	6900	1776	4097	2140	6089	6844	7008	2266	522	953	2919	1043	774	2537	5111	2096	1938	1991	2817	2799	4982	6998	4190	1313	5781	3323	5275	1151	7039	1095	3452
1602	3117	1179	1672	4787	1949	6524	2064	1132	411	4065	3202	4321	1338	5082	2614	1452	3684	2684	1996	1321	4152	3212	5818	3872	743	4799	6019	3812	6994	5961	6491	864	5860	2580	5812	2738	5323	2571	4014	2835	221	120	766	4191	7261	2880	5212	7173	3733	5109	1885	1824	5757	6459	1968	4259	724	4738	911	1047	6100	651	1997	4930	1200	3409	2313	3570	6431	5505	6906	5366	605	443	1502	1510	3959	7085	1168	1488	4344	3137	4015	3216	1711	3012	1816	5137	523	4179	4373	2516	5354	3327	1643	2337	4415	6866	4818	5810	5599	494	5467	4436	3084	5721	5389	658	3096	1054	592	6388	2054	234	4457	371	6927	5282	1630	5967
2775	6711	4454	661	4549	4832	3920	4909	3022	2033	1946	6275	7255	668	7073	4813	6817	120	4323	6767	1713	6369	5668	2402	1977	442	1684	3667	3449	1730	4972	7045	3291	2467	1870	4320	2450	6991	6570	597	3155	3092	6290	4711	330	2880	7261	291	6538	6108	6434	4473	5706	1712	380	4411	4131	4468	582	627	4491	492	1384	944	4759	122	6967	3367	418	120	1439	4606	3548	5232	2725	4728	5995	3269	5305	2324	3275	2061	1018	3904	6504	6584	6947	6586	5573	1460	5606	1746	5488	7019	4859	3330	1750	4363	881	2223	5699	931	5980	4955	4954	4858	1357	5890	6963	823	458	6568	5172	311	120	1565	1931	6533	4233	2052	6789
2772	1184	2308	2825	4500	521	6229	6833	2387	842	968	2437	5265	1798	2832	6506	208	6894	3158	6126	121	7208	3317	5618	2606	4754	2474	1347	120	3849	400	3445	2452	4784	4998	1399	6806	6779	5399	2543	4855	2078	1620	1166	3436	5212	291	7261	2501	6649	4294	2107	141	193	2687	3214	1198	2144	7256	3994	1758	4432	1955	3344	5256	2560	4585	5492	3496	2918	1287	5174	3343	2397	6647	6775	6215	6385	7226	444	800	3930	653	2419	5504	1118	377	5763	659	2594	5084	2177	2662	5866	5556	2160	2182	2506	3188	714	2115	5879	1778	3087	3807	3979	5374	2855	2546	6256	2176	120	3110	3457	5195	6353	4391	933	4376	5547	123
4656	4849	120	2359	6463	6502	2875	1272	6084	6807	5889	2273	4513	4706	3883	2504	1440	2201	1481	3032	583	2116	5378	6358	120	2128	6226	5061	7230	4100	4185	4756	3591	5162	1312	996	3575	6232	284	1149	7018	4128	4701	7149	6997	7173	6538	2501	7261	5227	6851	553	4223	604	4636	4922	4324	5358	2552	4099	1326	6549	4696	4098	1180	6946	4642	3952	464	5904	3384	3826	5254	143	6165	728	5210	7013	6931	1003	1361	7248	1062	5060	5622	6669	1686	120	2530	663	6555	3899	1114	3913	3401	1545	4366	3472	4212	2244	224	2037	4968	5682	6183	167	5318	5580	2625	1708	6707	2695	6778	5147	1249	2260	6064	4697	5913	5536	3653
4786	2735	2641	2285	6970	4514	3681	888	124	5003	7047	6777	282	1725	5772	2953	1108	2497	3950	2341	5918	773	5684	120	2309	7119	329	4465	4820	1501	4403	4147	3919	1454	4299	6397	3996	1663	952	3211	147	870	240	6141	4209	3733	6108	6649	5227	7261	535	2901	2021	7160	6370	2252	1610	581	3111	1467	1362	2992	1145	2287	687	6632	6429	7015	619	6867	4495	4689	6565	4731	2269	7200	6054	5933	689	5421	4648	3048	700	5167	1925	734	2007	1087	3340	7069	475	3361	1008	140	4821	5126	2751	6355	6601	120	2691	6829	1813	1387	4664	786	2219	270	856	120	5117	4562	6797	3803	1101	2148	6939	2155	3152	4396	4388
2876	1665	2667	7042	4544	6695	6849	6118	3832	7117	4816	7204	7185	401	2596	6703	5645	4604	3750	6883	1140	529	3166	5080	2212	211	233	6406	4751	4505	5960	4747	2718	3182	3939	660	6157	6440	5628	4377	5612	2136	517	3717	5466	5109	6434	4294	6851	535	7261	3200	2311	1841	7163	1325	3997	1781	1416	7155	6234	817	6552	2991	4237	120	6752	145	433	1783	1853	4271	631	3060	5952	4144	5434	1393	195	6860	941	5002	1383	3880	1664	6579	1443	6794	190	697	5451	5666	5396	3936	2028	7040	3342	2786	3659	4640	3007	4881	990	1935	7159	4842	6573	971	4045	6315	4667	7141	5636	1667	4761	5359	738	1283	6614	1808	6753
5760	1530	5394	3004	1123	1479	2897	7048	5276	120	201	5300	5686	3885	5538	1020	4174	5598	2773	4444	751	3412	5557	3106	4729	2932	247	4638	3938	5518	120	966	229	322	6841	3407	6143	4896	1074	712	4162	4530	319	2379	1348	1885	4473	2107	553	2901	3200	7261	2823	3792	1918	3423	3207	6979	6346	6347	4627	1676	2545	699	6131	5901	5976	3829	2297	6349	237	875	5939	2993	5447	5307	1807	4346	6799	946	5361	754	419	2845	1952	3365	3767	120	837	4332	2427	5411	3019	3398	6786	5695	7072	3782	634	1984	7212	6776	6710	6027	4405	3054	3213	378	362	5251	4844	1496	979	5942	2593	542	6408	5883	6935	4750	449
4113	6636	5827	3666	4315	2357	197	1846	617	746	2030	452	4980	2175	5158	5716	2858	174	5677	2349	3927	3889	4714	4441	7061	5257	7162	3688	4646	1285	3879	683	4939	692	1624	6078	6720	2339	2395	2210	2659	6311	3236	5728	120	1824	5706	141	4223	2021	2311	2823	7261	2644	1371	5731	1668	6602	6340	2415	4919	4624	1716	5764	6446	561	6693	133	677	1619	2290	3308	1625	2597	7169	3253	7234	6577	7222	4477	5969	1560	5290	1032	2729	4341	3448	4764	5414	5962	1388	2371	3785	451	4173	1182	3604	1121	2813	6169	2654	2914	120	5878	3783	3531	1282	2466	942	6195	4654	3917	1978	2719	6438	5832	1013	4451	2454	3550	2019
1244	2758	4622	4891	6166	2424	4031	5854	5921	450	565	5910	7121	3676	1756	721	1360	3836	2429	4335	1557	5022	2934	6871	483	5595	3754	4010	632	1521	4977	5793	1077	7168	2743	4822	4662	2904	2891	1023	6598	3555	1634	4520	6231	5757	1712	193	604	7160	1841	3792	2644	7261	1721	4036	5575	6909	3564	2334	2442	5027	288	5990	5701	7227	6043	1356	5092	3825	973	4258	768	5911	7251	811	5336	5753	4132	5503	2899	1881	5587	3108	3598	3726	840	7243	2632	747	7098	2317	3332	7052	852	600	3998	986	6373	801	3175	1153	5308	805	4490	882	4488	1250	315	3354	873	5737	6610	533	3640	4142	6634	5289	120	1415	5285
5698	5044	5687	6739	332	184	178	6660	5986	4049	5234	136	5287	2705	6065	5309	3915	2111	5249	6250	5656	5991	1559	6305	1465	1741	3190	3848	1771	4090	4186	4327	6644	5426	1487	1002	4402	1683	5562	4814	5332	342	2488	2291	2854	6459	380	2687	4636	6370	7163	1918	1371	1721	7261	2527	1300	2636	4081	3071	7067	2169	2774	3623	5099	5121	4852	3031	6908	5616	392	5143	6087	1638	2029	3795	6481	2819	5301	3844	6879	3741	1398	4005	4155	557	1053	6372	4070	4307	2949	6982	331	4172	4027	120	3003	4898	1257	5283	4933	4265	5826	3225	1587	5231	333	819	5214	2788	3094	3953	5065	1661	1075	4801	1724	5988	1800	3272	3967
120	6969	5743	3886	4932	2882	6734	621	2548	338	7191	607	5443	6724	6827	3418	3839	6086	5453	2213	5807	1830	3294	7181	2712	5531	120	507	301	2675	2541	5418	1451	1148	252	3864	4863	6954	1801	2948	7055	7175	6433	7066	2220	1968	4411	3214	4922	2252	1325	3423	5731	4036	2527	7261	1836	5395	5953	2682	5654	4204	3195	657	6886	5014	2868	2561	739	250	1573	4985	4160	6896	5629	2598	880	1080	4171	1641	4040	3572	4333	1217	5989	120	3763	7075	5836	2391	3984	2036	153	6479	2800	5545	518	6318	6008	1767	3297	2879	4001	2926	5420	5844	6718	6899	2699	5685	2958	4242	1490	1981	5985	3781	552	6239	6073	2900	2892
5809	5400	5177	2491	3431	1316	6022	3140	5432	6754	7223	2034	3249	2852	3951	6823	6435	6144	4214	364	6198	4389	5131	1385	3690	4115	5601	1350	588	1829	176	2484	7016	6300	4483	6575	3644	6344	6391	6791	5609	3740	1176	2343	3385	4259	4131	1198	4324	1610	3997	3207	1668	5575	1300	1836	7261	5221	5413	7081	2338	3371	5198	1319	2544	5856	2331	2250	4908	1612	1657	988	2234	2117	3972	970	2736	6836	4869	5474	4969	6955	4253	4900	6168	3976	1265	5472	1011	476	262	7087	1892	5055	2327	5959	6121	6973	3082	744	7153	3495	5561	6345	589	120	5215	3205	4328	5406	4033	1974	777	2762	5514	5000	4310	5659	3177	4150	5371
3199	4507	120	1302	4073	7032	3712	6324	719	2653	5120	157	5831	2412	2364	4342	578	1006	6219	836	6495	899	2433	4810	3374	5734	2532	3053	7233	596	6046	3773	3153	4860	3559	5702	230	1766	4892	4156	6663	2093	1305	1888	6357	724	4468	2144	5358	581	1781	6979	6602	6909	2636	5395	5221	7261	6374	763	341	3674	1891	6995	5708	6325	4239	5367	3299	7034	6705	2239	6824	4630	6011	2985	4381	5501	2300	3350	3363	2141	5246	307	2856	3794	1237	1367	7137	2850	120	375	2042	5001	3861	1165	1939	369	6846	5192	1222	434	3692	4419	4935	2578	2171	1839	1831	4631	1500	5524	726	2664	6468	3875	1392	1540	4608	5295	3417
5090	502	6651	4050	4920	7004	5673	6656	2251	2534	1340	1337	3268	4685	6595	120	1301	3687	1111	4274	539	2095	7025	3192	3865	1188	2647	2495	120	4056	1685	1970	1526	4975	2342	1552	1956	373	5720	1014	4387	1580	753	3632	7238	4738	582	7256	2552	3111	1416	6346	6340	3564	4081	5953	5413	6374	7261	2924	5992	4319	162	693	7142	6146	120	1642	1022	6259	4865	5821	4450	1835	5102	2617	4166	7188	1279	3897	1263	120	4692	2910	1503	862	2425	4440	5707	486	2329	6920	5424	4032	3321	3753	6680	2983	6881	2820	3603	1998	413	7190	7219	4856	2863	6201	1208	638	2460	4742	4989	1653	5935	2849	1882	920	5881	5700	4022
6323	1883	5867	4203	6299	5931	4777	3574	732	2243	1757	4290	3038	1914	1189	1563	120	1729	3534	4479	3992	6618	1358	5100	5463	1828	1960	6722	4596	2587	6843	4707	3569	6482	5360	7138	3017	4836	6313	3251	994	6518	5964	1843	4452	911	627	3994	4099	1467	7155	6347	2415	2334	3071	2682	7081	763	2924	7261	6842	3551	4843	1825	7010	5364	5811	2833	5218	4543	1567	3356	1239	3627	5470	4021	1562	6338	5279	6764	2421	1041	168	3912	179	2385	334	6309	4165	4641	126	6603	579	5485	4912	120	1909	2734	5021	2139	2307	1117	6461	1336	4864	4634	120	5510	6306	625	760	6007	6063	573	5405	4462	5024	1965	4325	4766	3946
3545	1571	1033	5239	833	5863	1700	4157	2179	2554	3536	6903	884	1334	2384	2277	1233	2092	4809	2241	6873	2975	1056	6039	7127	2431	204	6294	4267	5280	1513	4995	1834	6940	1934	6036	1034	4279	3485	3846	6033	3002	4857	6605	120	1047	4491	1758	1326	1362	6234	4627	4919	2442	7067	5654	2338	341	5992	6842	7261	4088	6769	3800	6615	3468	1109	2094	3026	6034	4140	2393	1709	2861	1497	3981	2922	1438	6972	2980	4384	874	5502	5319	5454	4359	5958	6330	5586	5542	6152	3823	5997	1856	4207	4870	5630	3924	2312	5409	2383	1980	4447	2753	6951	1311	2685	5830	1213	422	2739	1806	3789	7210	2130	6921	3375	1470	6337	2555	2811
6945	5433	128	2490	956	1081	2369	5339	4125	1972	6094	1437	1060	1194	5817	6361	7131	3298	3652	1229	5787	2807	6706	4770	993	2592	5078	2253	710	6082	5262	4338	1890	424	5869	779	5104	7167	4129	1760	2810	6382	1747	564	4423	6100	492	4432	6549	2992	817	1676	4624	5027	2169	4204	3371	3674	4319	3551	4088	7261	6853	5089	4539	5112	6107	2816	7125	5159	5237	608	1516	6057	1464	2692	5124	3090	6426	3217	3533	1967	5064	3247	804	2542	4305	5642	1595	1499	6371	3682	6224	2609	5568	4380	609	3711	1821	5095	4615	809	2275	3896	3404	4730	5725	4914	5187	2238	120	3793	2518	1296	2363	2663	2583	5462	1915	1639	5816
5624	304	5321	1483	4791	853	1920	4178	6606	5696	6587	2608	296	3372	3278	806	1874	2272	6293	2656	6936	2660	5710	5393	2469	4303	4609	120	4963	4037	5522	2570	4030	3126	391	2485	5184	3289	5286	2444	6942	6699	7224	1171	2889	651	1384	1955	4696	1145	6552	2545	1716	288	2774	3195	5198	1891	162	4843	6769	6853	7261	6208	2923	715	4296	567	3768	3898	271	7124	6037	3686	4107	3649	2089	778	3961	6580	6488	2398	3422	6214	1677	3622	4981	1508	4897	3973	4347	432	3514	2081	6569	5619	2499	2902	3853	2325	6210	3787	5792	4011	3907	6910	5768	4703	4952	2011	235	6872	3310	2126	1330	4739	2278	3796	3642	3669	5775
263	4665	6677	7187	2648	681	2247	395	1687	318	6540	4669	7239	2582	3309	2050	2494	5540	4235	6624	4330	1230	6826	1259	5179	6139	4884	1428	439	359	6926	2406	5647	7094	6983	5087	6070	120	3563	2215	4618	3305	6260	4350	893	1997	944	3344	4098	2287	2991	699	5764	5990	3623	657	1319	6995	693	1825	3800	5089	6208	7261	120	1040	2191	5938	4055	3391	285	3738	3074	897	6135	2576	3562	2944	132	3089	536	4525	6756	1310	1453	2076	493	5316	3810	3245	1284	4261	2345	910	2114	6918	5799	5909	156	2200	7216	2040	2435	7060	3444	731	1141	166	3621	6254	782	2101	5229	1106	3827	4159	6783	1253	2090	5469	1255
650	1904	6188	5934	6719	4126	1905	4783	4757	551	4053	1366	5652	5370	4594	7002	4660	3156	3549	6099	5473	1517	4446	5770	5490	393	6949	2709	4720	1286	616	1898	2885	2930	1950	120	2526	3515	2413	4762	6335	6512	5202	4666	488	4930	4759	5256	1180	687	4237	6131	6446	5701	5099	6886	2544	5708	7142	7010	6615	4539	2923	120	7261	6535	6787	6941	2354	5483	120	5839	3325	5940	1374	6831	3397	2600	5186	960	3028	844	5207	3890	5882	436	6999	4046	1679	4218	5689	4970	4659	236	895	2231	3315	340	5661	5081	3360	1461	3530	2477	1844	4682	297	6351	2229	6880	4956	7031	5110	6164	4571	3241	854	5646	7220	6708	965
1787	2322	1133	1471	6456	580	4726	3769	6395	6938	2955	3456	7235	2470	5154	1134	6042	6227	6655	3318	1195	6028	5160	4459	6112	283	5975	417	1144	1288	6812	984	120	5520	4635	269	120	4953	6241	2332	3699	5247	4486	1671	1646	1200	122	2560	6946	6632	120	5901	561	7227	5121	5014	5856	6325	6146	5364	3468	5112	715	1040	6535	7261	6147	647	6545	4835	6464	6531	2533	750	4200	5572	3631	5146	969	2008	4104	1769	6110	264	4643	2798	515	6419	2043	2670	357	3705	2360	4941	5335	4229	6613	6474	585	6818	4349	410	2476	7109	1532	1578	6758	6197	5500	2134	440	3029	2968	223	5515	2556	4401	6319	3553	6220	3560
3427	5057	3719	2929	4992	1191	2943	6137	6704	351	2346	5782	4340	3685	2957	2221	1818	1004	337	5312	2870	4528	3047	1971	2512	4241	499	2449	1511	2259	7206	3990	938	6451	5824	503	3954	6870	2432	6809	2109	2945	5114	4745	421	3409	6967	4585	4642	6429	6752	5976	6693	6043	4852	2868	2331	4239	120	5811	1109	6107	4296	2191	6787	6147	7261	2103	865	2714	1110	6212	5264	2568	1577	3490	6281	1547	4127	3583	4789	4442	5193	2264	2702	3488	7000	2821	5446	6567	1855	794	2390	5293	3799	473	1586	4425	1085	214	5085	769	5929	5996	5011	679	6712	1298	3989	975	5217	7106	5091	5843	2529	3671	4455	274	5347	2905	3085
2142	6132	3615	1693	5704	2187	1425	1948	5340	6590	1822	2742	2044	232	3874	1626	150	3678	519	6630	2951	5066	406	1402	2673	5075	4183	4141	5416	1376	5203	1648	4284	4434	1187	5204	5478	3122	5056	3103	289	5487	2293	3203	5098	2313	3367	5492	3952	7015	145	3829	133	1356	3031	2561	2250	5367	1642	2833	2094	2816	567	5938	6941	647	2103	7261	883	1073	5050	6466	556	1063	3552	7020	5012	757	4841	242	902	7070	6911	1100	4563	7259	6805	2198	6727	3228	3494	3267	6251	5847	3932	4551	2459	958	762	4790	4345	4984	5037	3748	3197	788	2755	438	5857	6328	4949	2912	5410	5007	3303	5987	120	5299	6654	385	4395
2422	1407	2894	3764	827	6196	3478	5297	1761	120	4653	5036	1061	5113	2814	1555	4680	5588	5368	569	1779	3616	2770	3465	7077	6187	4938	4108	4116	7037	1871	2716	2793	789	2553	1190	1862	6726	5999	7093	5138	614	6919	610	4466	3570	418	3496	464	619	433	2297	677	5092	6908	739	4908	3299	1022	5218	3026	7125	3768	4055	2354	6545	865	883	7261	6957	3968	4905	2615	5657	482	2657	1478	3843	1554	6556	1820	325	3020	2999	5135	2827	6848	5038	3064	6450	2377	120	2328	4123	3093	2947	3230	3443	355	5730	4226	3300	4412	2839	6862	3747	4749	5905	2286	5634	7101	4698	5732	5644	6747	1593	3592	906	2378	1782	1704
4561	770	5563	2106	6681	900	2482	1858	5829	4458	6314	120	6129	4369	4671	998	2635	390	2566	2204	1489	216	812	7177	867	1765	3902	3044	5380	4645	3713	4071	3647	4494	3471	5127	1076	2133	6203	4620	2086	299	1281	7136	5497	6431	120	2918	5904	6867	1783	6349	1619	3825	5616	250	1612	7034	6259	4543	6034	5159	3898	3391	5483	4835	2714	1073	6957	7261	4658	5762	510	2939	4309	2678	1937	6202	1924	4029	1070	6659	4000	4084	5521	4679	2640	3101	1688	4744	4695	1790	5032	4351	3613	146	1016	6876	6958	4872	6852	4289	3376	733	5981	2203	5337	5858	6643	3943	2984	4249	5499	2616	7090	2867	3518	4177	481	554	120
3163	3159	5415	4422	1600	729	6246	4047	3451	6175	2979	1329	2041	6026	4221	5982	3379	6529	188	759	2726	3596	3722	4025	4724	2401	4236	6547	429	4158	4830	5862	834	3672	4867	5334	360	6475	5105	4805	2851	5697	4848	4584	2602	5505	1439	1287	3384	4495	1853	237	2290	973	392	1573	1657	6705	4865	1567	4140	5237	271	285	120	6464	1110	5050	3968	4658	7261	3059	5625	6933	1291	4282	6798	245	1486	3366	2629	1333	4002	3160	479	4257	6640	6322	6784	5885	1395	2163	1031	6874	5965	1744	3822	6912	1406	4893	2205	2347	4569	6352	4877	4230	1985	2022	4220	6692	835	4008	6445	1662	4565	3797	2362	7165	2316	6128	1245
4470	6839	5156	3817	5745	4245	560	4076	1220	1802	1784	2693	2084	3878	2455	6713	7128	2358	5220	5667	3698	1411	278	5176	2039	437	4578	919	2514	5107	4987	3780	2588	2240	4522	120	4356	5407	1275	6736	183	3845	7126	350	4853	6906	4606	5174	3826	4689	4271	875	3308	4258	5143	4985	988	2239	5821	3356	2393	608	7124	3738	5839	6531	6212	6466	4905	5762	3059	7261	1755	455	1052	5445	1139	977	218	905	2131	602	5049	4678	4201	5738	1986	2070	5480	2173	2498	3521	7134	4516	5019	5569	4673	5892	6760	695	2351	5097	423	2510	5386	2262	2280	5437	2724	2633	6327	5384	3987	6840	2690	448	5864	7151	3814	4092	2694
2990	1916	4690	4256	2828	5576	963	4966	520	991	7059	2124	5914	6621	2937	498	2559	2340	4537	4943	1652	841	5352	4740	1292	1448	4716	7027	6467	2812	3021	238	3176	1435	6266	935	7103	3818	6716	3715	5155	3704	3599	1089	1299	5366	3548	3343	5254	6565	631	5939	1625	768	6087	4160	2234	6824	4450	1239	1709	1516	6037	3074	3325	2533	5264	556	2615	510	5625	1755	7261	6700	2848	544	6803	120	6513	2080	6403	655	6847	5927	4006	3942	1260	3709	5798	6367	5408	6729	3850	4392	4840	3535	3100	5317	7189	3336	7118	2426	4461	3576	943	5972	186	5122	4019	1205	1520	4439	1897	6088	1961	1197	293	5404	2186	6509	644
4936	4353	3351	541	5835	3828	5923	169	129	5261	7166	5838	3502	6609	2669	4904	382	5779	5288	2003	5398	3410	120	5205	5852	5512	649	1527	4593	1878	2777	2306	5304	6865	152	985	1044	3736	1410	1375	6172	7083	1126	3679	5741	605	5232	2397	143	4731	3060	2993	2597	5911	1638	6896	2117	4630	1835	3627	2861	6057	3686	897	5940	750	2568	1063	5657	2939	6933	455	6700	7261	5136	6230	3141	1656	3643	6223	1546	5886	1102	3635	2911	4973	5870	5639	3505	3578	2733	1343	5436	6362	612	509	6522	6343	1743	1951	2478	2013	2127	446	5966	5748	997	1732	6334	5238	2931	1810	120	3223	175	4983	2214	120	4736	6069	6658
3276	2323	6905	7213	6312	3446	4430	4358	275	5614	5133	287	3614	1463	4889	496	7132	4061	5780	1131	1738	2483	6049	4657	3486	6056	2703	5059	3758	6551	5278	1953	2661	1364	1241	7197	272	5663	2473	3112	7100	7245	7120	5802	5322	443	2725	6647	6165	2269	5952	5447	7169	7251	2029	5629	3972	6011	5102	5470	1497	1464	4107	6135	1374	4200	1577	3552	482	4309	1291	1052	2848	5136	7261	2246	120	3558	6270	5607	4824	6731	2185	1447	3057	6159	3235	1707	7215	1518	3999	4244	1417	2232	1036	5225	3868	4058	6592	5054	3377	2624	5450	2790	5937	1752	5593	3513	1432	5005	787	2603	4523	6068	6869	1146	685	484	5994	2416	2731
5033	6828	6308	120	1603	2348	1019	4577	3654	5173	516	1427	5635	3708	4404	1072	3206	4536	6280	1826	5236	4651	3157	4101	1851	5083	2841	3757	1519	4170	5067	514	2584	1162	6497	2829	4317	5903	5161	2650	3901	6428	594	6607	1509	1502	4728	6775	728	7200	4144	5307	3253	811	3795	2598	970	2985	2617	4021	3981	2692	3649	2576	6831	5572	3490	7020	2657	2678	4282	5445	544	6230	2246	7261	716	280	120	4501	1055	776	1697	170	3324	5537	4663	6342	4614	4121	3210	6206	2376	6356	4406	6120	3626	6158	3164	3947	2888	3358	5664	3697	2721	1594	3244	171	120	1702	120	3011	402	6394	4948	1505	3234	1397	6932	6130	6544
1660	1174	1524	7242	4797	3677	6276	2766	5244	3487	2319	5253	2492	4506	7035	4133	1152	6855	1669	6536	3292	4449	5423	6507	3073	2230	3584	5175	6076	5403	613	936	1048	6473	652	5893	379	6516	5267	6984	3852	462	187	5441	5833	1510	5995	6215	5210	6054	5434	1807	7234	5336	6481	880	2736	4381	4166	1562	2922	5124	2089	3562	3397	3631	6281	5012	1478	1937	6798	1139	6803	3141	120	716	7261	6200	138	1216	3491	6217	4502	1887	4847	4838	3714	6264	4971	3255	7112	396	394	6639	1993	1861	5611	1922	6430	2461	2639	3884	562	6320	1277	3138	513	7108	5920	2254	6761	2960	1720	120	7228	189	5230	1038	1290	1659	2207
6062	3777	6548	3347	6673	6578	1147	2098	4979	989	5141	1477	5076	951	2211	1099	6236	3948	1157	5031	7183	4854	2389	3506	5298	4400	158	976	4580	4308	4238	4613	3756	3811	2189	6541	5790	2496	3162	1675	6405	4060	5676	645	3957	3959	3269	6385	7013	5933	1393	4346	6577	5753	2819	1080	6836	5501	7188	6338	1438	3090	778	2944	2600	5146	1547	757	3843	6202	245	977	120	1656	3558	280	6200	7261	822	461	6413	3313	1804	1161	323	120	2053	5820	3707	4371	3282	4424	7254	620	4497	3881	2898	3147	1930	6966	1995	294	749	1459	1987	5571	248	939	4195	2245	4136	4354	6237	5559	2302	686	1536	4542	6992	2174	7044
5947	4161	3801	3725	4834	2607	6424	4603	5759	4721	6136	4139	6599	3988	5314	3975	676	3466	3050	4879	1046	725	1234	4219	4375	3479	3114	5208	576	1058	824	227	4028	3470	4702	4004	2565	3218	947	2631	1759	6447	155	4763	2188	7085	5305	7226	6931	689	195	6799	7222	4132	5301	4171	4869	2300	1279	5279	6972	6426	3961	132	5186	969	4127	4841	1554	1924	1486	218	6513	3643	6270	120	138	822	7261	3430	3806	5349	3834	2228	6528	3892	6053	6859	5761	5543	6186	2366	257	1137	2517	624	1221	4232	1226	4798	3651	6140	2352	3731	177	407	268	6000	3121	5382	1736	5888	3618	5529	1864	255	575	7129	6248	3571	5479
6600	6302	5641	416	127	5471	1210	3641	5871	3380	2058	684	1809	2440	6483	2288	1128	1469	6893	4815	5717	2538	3079	563	713	3306	5750	4508	6247	309	2967	2006	1692	5564	5876	6115	4205	959	120	5296	3630	2417	6810	3876	5150	1168	2324	444	1003	5421	6860	946	4477	5503	3844	1641	5474	3350	3897	6764	2980	3217	6580	3089	960	2008	3583	242	6556	4029	3366	905	2080	6223	5607	4501	1216	461	3430	7261	6503	2190	6216	2409	740	995	5771	1278	5945	929	6687	3625	3969	5533	1345	5401	6384	3261	5640	279	2158	3433	2403	6525	3014	456	2062	4774	3399	4534	7099	5486	1910	5693	2487	6583	5605	826	6543	4911	6986
7096	5440	2877	6411	3068	316	1323	5880	1719	1604	828	6815	1142	3091	2683	654	120	6093	4306	5815	2399	399	907	5342	4095	2381	6901	4999	816	6771	2227	5226	1390	3860	3540	4925	3985	2679	6038	2528	3030	6077	707	6245	428	1488	3275	800	1361	4648	941	5361	5969	2899	6879	4040	4969	3363	1263	2421	4384	3533	6488	536	3028	4104	4789	902	1820	1070	2629	2131	6403	1546	4824	1055	3491	6413	3806	6503	7261	160	2382	3454	6800	2806	3695	4934	347	4368	3392	3657	6310	2268	4629	6898	6820	5735	1322	4687	6604	6684	1695	6148	6539	1903	3541	5030	1474	5784	6018	3193	2202	2637	1794	241	135	4712	3894	5439	5348
1785	430	5046	2206	3500	547	5345	4217	3161	1568	256	1214	5786	1973	2112	3394	5583	2060	2844	5794	6103	603	6882	918	1475	6153	4515	891	7145	3532	2577	6016	1928	3130	639	1733	3287	4054	5713	5742	6389	2936	4568	2105	259	4344	2061	3930	7248	3048	5002	754	1560	1881	3741	3572	6955	2141	120	1041	874	1967	2398	4525	844	1769	4442	7070	325	6659	1333	602	655	5886	6731	776	6217	3313	5349	2190	160	7261	5311	3977	927	4075	885	2921	4532	5919	7171	5789	6648	2462	2969	628	2950	2166	3075	1581	6631	308	2562	4188	1507	5754	7056	3593	7260	3055	5096	4114	4928	5115	6924	1320	1703	7135	5448	6365	1762
512	1391	6400	1264	7241	3554	6892	6670	130	896	3863	5801	3415	3237	4072	6390	6015	954	6265	5620	120	2522	4024	2908	1010	4733	149	6124	3802	6233	1042	1181	6628	3262	6774	5577	7237	6138	2865	6383	6377	2375	6904	3737	6757	3137	1018	653	1062	700	1383	419	5290	5587	1398	4333	4253	5246	4692	168	5502	5064	3422	6756	5207	6110	5193	6911	3020	4000	4002	5049	6847	1102	2185	1697	4502	1804	3834	6216	2382	5311	7261	2157	6051	6098	4944	2102	5258	3440	4688	1160	1994	1944	4017	3601	577	2789	2886	6808	3891	7092	5165	4386	5387	1734	6732	2986	2274	6523	5200	120	1458	2296	6174	2569	3858	5554	6858	6448	6104
1346	4431	6092	2976	5495	6167	1135	425	2315	5068	1203	5302	1236	2150	2838	3926	408	376	3339	5402	5896	6321	3729	5558	2368	6020	3154	3650	324	2326	2862	3556	3634	3594	6272	4512	6296	120	5823	3871	3400	3934	1231	2759	4398	4015	3904	2419	5060	5167	3880	2845	1032	3108	4005	1217	4900	307	2910	3912	5319	3247	6214	1310	3890	264	2264	1100	2999	4084	3160	4678	5927	3635	1447	170	1887	1161	2228	2409	3454	3977	2157	7261	4994	4329	6878	4535	3232	2314	6642	1027	463	670	5376	987	2778	5438	5841	3296	1186	5255	5678	5875	1613	2715	5108	7050	3081	7247	6240	4194	2451	1727	5171	6326	2453	3867	120	374	5461
6822	2665	3134	249	4154	120	6612	6517	6781	427	2181	4940	2732	1105	662	4587	4637	3774	1223	3307	6133	5435	120	6071	2563	6563	4670	3198	3940	550	1494	930	2032	2321	5769	4960	1068	4167	1167	2928	2707	6067	2916	5375	3492	3216	6504	5504	5622	1925	1664	1952	2729	3598	4155	5989	6168	2856	1503	179	5454	804	1677	1453	5882	4643	2702	4563	5135	5521	479	4201	4006	2911	3057	3324	4847	323	6528	740	6800	927	6051	4994	7261	5719	5722	4163	1457	6993	4311	3131	4484	3816	3730	3169	6923	3463	1608	1635	2333	6652	4945	2281	2159	6672	4059	3475	5591	4746	1309	6031	6436	2701	1240	4066	4410	2917	1480	2535	1900
3499	4557	4276	5650	7180	4868	4481	4828	3067	1159	7006	6934	490	6960	3481	4460	467	6364	125	758	1873	4038	795	2801	3178	6854	5808	3706	4146	3113	6180	6257	584	3710	384	5946	3442	949	2153	7244	5458	4951	2463	2132	2741	1711	6584	1118	6669	734	6579	3365	4341	3726	557	120	3976	3794	862	2385	4359	2542	3622	2076	436	2798	3488	7259	2827	4679	4257	5738	3942	4973	6159	5537	4838	120	3892	995	2806	4075	6098	4329	5719	7261	6730	1379	5804	527	1218	5482	4771	6550	908	4878	120	5281	6956	3718	460	1705	1339	3766	7028	1617	5333	4020	313	6493	3958	431	466	5020	5088	2267	7139	4573	6792	5353	2195
1175	1476	696	6074	1591	2258	5539	1086	3288	414	5422	120	7046	4489	5849	3167	1670	2065	7207	2372	5936	784	845	1754	4196	3645	4873	5039	6978	3473	4917	3024	5550	7001	7214	5715	471	3819	3333	5344	161	6457	2503	2795	7195	3012	6947	377	1686	2007	1443	3767	3448	840	1053	3763	1265	1237	2425	334	5958	4305	4981	493	6999	515	7000	6805	6848	2640	6640	1986	1260	5870	3235	4663	3714	2053	6053	5771	3695	885	4944	6878	5722	6730	7261	2439	2536	3855	1342	6119	1723	367	5196	4283	5551	3429	2935	540	4302	2711	4082	2446	667	5800	1827	1177	2952	5570	6437	4767	4427	2072	2336	815	1597	767	1867	6222	4737
961	2143	6691	3921	3655	404	4240	2599	4996	6554	381	2184	2859	4991	2108	4519	7184	830	2005	4589	485	4574	1792	6398	6155	2649	6127	1155	3008	3273	2438	5362	6925	838	3786	5048	3477	1422	4198	1304	6091	2396	6295	848	1680	1816	6586	5763	120	1087	6794	120	4764	7243	6372	7075	5472	1367	4440	6309	6330	5642	1508	5316	4046	6419	2821	2198	5038	3101	6322	2070	3709	5639	1707	6342	6264	5820	6859	1278	4934	2921	2102	4535	4163	1379	2439	7261	4886	2355	1817	1837	2748	727	5373	5680	570	3119	5035	4079	2946	1537	1983	1436	4039	3745	5169	2145	6040	5974	6773	5189	3462	1433	3566	678	6014	2284	1456	3665	5658
5765	4360	2511	5243	5530	2063	3701	3304	6469	3459	1178	4175	497	4318	4526	5785	2318	3105	2677	181	5051	120	1246	281	2881	4722	5507	5442	326	5941	1611	314	5592	163	2737	1104	6460	5623	1605	2001	5142	3025	2589	6271	4094	5137	5573	659	2530	3340	190	837	5414	2632	4070	5836	1011	7137	5707	4165	5586	1595	4897	3810	1679	2043	5446	6727	3064	1688	6784	5480	5798	3505	7215	4614	4971	3707	5761	5945	347	4532	5258	3232	1457	5804	2536	4886	7261	2973	3565	5052	2457	3231	501	2842	2808	2481	506	4069	192	2138	2069	4478	1564	4390	4281	6047	2961	1550	4788	3965	412	868	1814	6359	5431	2471	6238	1601	1963
4393	2154	2172	6228	120	555	120	1185	5865	3180	2630	6623	3557	5412	4397	6170	120	1975	4780	2047	5157	5608	5134	4064	6597	120	344	7012	798	3760	1627	4921	5327	6661	6750	5164	3301	3638	3791	6163	2465	2335	3831	590	5891	523	1460	2594	663	7069	697	4332	5962	747	4307	2391	476	2850	486	4641	5542	1499	3973	3245	4218	2670	6567	3228	6450	4744	5885	2173	6367	3578	1518	4121	3255	4371	5543	929	4368	5919	3440	2314	6993	527	3855	2355	2973	7261	2121	2805	4527	5814	2380	5211	6297	4035	6496	858	4686	5825	2074	5053	967	6151	491	435	1409	5691	574	1115	4428	4266	6801	6835	2982	2611	2151	4819	1303
3512	3441	5846	1694	4572	3581	2998	3482	6845	3527	1572	4343	4894	4924	5242	4632	1906	5209	5315	1049	4009	6520	6638	1238	5930	389	3224	5752	1842	1566	6989	3743	6863	239	2015	2612	172	1122	1368	3857	3046	3359	5330	4531	6900	4179	5606	5084	6555	475	5451	2427	1388	7098	2949	3984	262	120	2329	126	6152	6371	4347	1284	5689	357	1855	3494	2377	4695	1395	2498	5408	2733	3999	3210	7112	3282	6186	6687	3392	7171	4688	6642	4311	1218	1342	1817	3565	2121	7261	2796	3450	1777	4197	1674	846	3243	1000	796	1533	4437	2547	4871	4661	6177	5250	2270	1551	1889	3606	4134	2443	4453	295	1352	4062	1495	3734	2350	4605
4846	5079	6012	2480	1515	4719	3005	4621	3633	3061	1426	6416	1024	4967	4272	5585	1745	5508	3673	1224	6123	328	3790	5683	6861	4120	2023	1531	6283	1353	4511	5390	3732	4602	5755	7079	601	4367	1632	5040	5511	1629	1449	2479	1776	4373	1746	2177	3899	3361	5666	5411	2371	2317	6982	2036	7087	375	6920	6603	3823	3682	432	4261	4970	3705	794	3267	120	1790	2163	3521	6729	1343	4244	6206	396	4424	2366	3625	3657	5789	1160	1027	3131	5482	6119	1837	5052	2805	2796	7261	321	4644	4700	1869	1485	1154	5206	4942	2255	1082	7024	808	3037	887	3851	3526	5498	4876	5103	7201	2874	859	5603	6664	5427	3266	5233	3962	4228
3312	5513	120	1204	2004	4262	3983	6044	1446	7179	3426	7250	6368	940	1408	2020	6179	528	3776	6884	1658	4734	7154	6943	672	1227	3039	4352	3813	6102	4802	7104	2113	4339	6282	5594	3523	1579	5240	2941	1538	3546	2057	405	4097	2516	5488	2662	1114	1008	5396	3019	3785	3332	331	153	1892	2042	5424	579	5997	6224	3514	2345	4659	2360	2390	6251	2328	5032	1031	7134	3850	5436	1417	2376	394	7254	257	3969	6310	6648	1994	463	4484	4771	1723	2748	2457	4527	3450	321	7261	1119	1621	3335	6427	4316	1863	6961	4475	3116	5517	1751	1731	615	4743	1450	5837	5600	913	4211	879	1631	755	2610	4013	2508	5058	1673	5727
2374	7014	7007	6378	3408	2423	2972	4292	5170	2997	207	120	5069	1064	6689	368	4145	3246	4103	2572	636	4837	6682	6075	4752	3870	3543	6122	6407	3337	7172	2763	3804	5325	2083	6455	3784	286	120	2622	120	2428	4946	1442	2140	5354	7019	5866	3913	140	3936	3398	451	7052	4172	6479	5055	5001	4032	5485	1856	2609	2081	910	236	4941	5293	5847	4123	4351	6874	4516	4392	6362	2232	6356	6639	620	1137	5533	2268	2462	1944	670	3816	6550	367	727	3231	5814	1777	4644	1119	7261	3143	3290	1138	5584	813	3974	6095	6505	799	2410	2792	656	154	3128	1297	3636	1795	1413	6627	120	1091	3179	4715	1482	5070	5908	7178
6193	120	5796	1164	4443	2137	981	6937	4556	1389	5181	4285	4885	3991	3702	3378	1273	3414	1584	538	3597	6317	6877	1933	5834	2676	159	6316	2760	2249	4597	6013	1315	1698	6048	2192	1412	6480	1261	4089	6762	7186	5874	7211	6089	3327	4859	5556	3401	4821	2028	6786	4173	852	4027	2800	2327	3861	3321	4912	4207	5568	6569	2114	895	5335	3799	3932	3093	3613	5965	5019	4840	612	1036	4406	1993	4497	2517	1345	4629	2969	4017	5376	3730	908	5196	5373	501	2380	4197	4700	1621	3143	7261	629	6832	3587	3914	3668	4668	3724	6746	3258	6889	3694	894	1098	1247	2209	2298	6521	4091	6261	3016	2235	1548	1380	5182	5010	5766
6066	3510	4093	6676	346	5845	6485	2853	1589	3986	1614	2996	5842	120	6635	4910	5241	1812	2981	5277	1576	1035	6557	7236	1124	1430	2441	1079	5565	495	6109	6702	2907	120	1640	1256	1173	3270	5581	6501	2864	2295	6332	2645	6844	1643	3330	2160	1545	5126	7040	5695	1182	600	120	5545	5959	1165	3753	120	4870	4380	5619	6918	2231	4229	473	4551	2947	146	1744	5569	3535	509	5225	6120	1861	3881	624	5401	6898	628	3601	987	3169	4878	4283	5680	2842	5211	1674	1869	3335	3290	629	7261	6017	3842	7123	4796	5803	3208	120	3058	1012	4068	6255	3248	4768	276	4599	5180	5119	5185	6558	6106	6080	2237	2513	4607	1706
265	4588	4993	847	4800	1341	3762	489	3577	5338	5916	120	6588	4883	6286	7107	5956	3931	2803	7198	572	1958	4409	1854	3148	5152	7053	6837	5313	3357	5978	2162	525	3656	526	2407	1143	2782	6050	2256	3174	6376	6418	3239	7008	2337	1750	2182	4366	2751	3342	7072	3604	3998	3003	518	6121	1939	6680	1909	5630	609	2499	5799	3315	6613	1586	2459	3230	1016	3822	4673	3100	6522	3868	3626	5611	2898	1221	6384	6820	2950	577	2778	6923	120	5551	570	2808	6297	846	1485	6427	1138	6832	6017	7261	2977	1913	2605	1763	4950	5912	3847	6035	5356	3165	5430	5151	5631	3539	4231	6476	6402	2507	320	4888	3775	4487	6717	6258
878	633	7084	5509	1252	6288	6907	3498	860	1504	6738	3727	4804	6291	5272	6154	3519	2723	2938	5273	1267	3364	4297	1212	3755	2573	4111	1575	1726	6396	372	6360	6209	2430	1349	1811	6683	6452	2135	6421	3716	6819	1737	120	2266	4415	4363	2506	3472	6355	2786	3782	1121	986	4898	6318	6973	369	2983	2734	3924	3711	2902	5909	340	6474	4425	958	3443	6876	6912	5892	5317	6343	4058	6158	1922	3147	4232	3261	5735	2166	2789	5438	3463	5281	3429	3119	2481	4035	3243	1154	4316	5584	3587	3842	2977	7261	1606	445	6950	3191	6965	771	4287	267	7089	2305	1689	1351	5166	1803	6269	4041	6289	5128	635	2411	5777	4326	5621
1805	1116	3612	903	6917	6292	1355	1067	5604	6486	5925	1654	3617	2590	3142	7017	1655	6662	6637	403	3589	4524	5004	6192	3841	4655	3821	3265	6959	3209	3259	6363	3052	6218	4051	2954	6500	2708	2521	2099	5733	5397	6021	6178	522	6866	881	3188	4212	6601	3659	634	2813	6373	1257	6008	3082	6846	6881	5021	2312	1821	3853	156	5661	585	1085	762	355	6958	1406	6760	7189	1743	6592	3164	6430	1930	1226	5640	1322	3075	2886	5841	1608	6956	2935	5035	506	6496	1000	5206	1863	813	3914	7123	1913	1606	7261	1107	120	4255	1768	2557	3018	1651	5270	3815	365	2445	508	4961	924	1877	4278	1088	2165	1066	2727	165	6890
1534	5813	3905	3373	3256	957	4990	4862	3504	7111	5476	2978	5144	4595	131	2051	2920	5190	120	4582	3362	200	1258	2263	2873	5922	5381	5662	7174	4895	2989	3503	4102	4275	4117	2883	2301	2549	1156	549	6399	2104	4301	151	953	4818	2223	714	2244	120	4640	1984	6169	801	5283	1767	744	5192	2820	2139	5409	5095	2325	2200	5081	6818	214	4790	5730	4872	4893	695	3336	1951	5054	3947	2461	6966	4798	279	4687	1581	6808	3296	1635	3718	540	4079	4069	858	796	4942	6961	3974	3668	4796	2605	445	1107	7261	6790	926	5928	2809	1715	6514	1001	4057	593	6059	2458	2216	6857	4067	5579	335	4540	5751	5163	3181	120
5626	511	530	6412	761	2620	7068	199	7196	4732	6366	6205	1749	6519	2834	6354	646	7161	640	3293	409	4243	6593	469	6770	3065	5460	258	4772	6508	3561	120	1373	6782	6922	5944	1219	6348	2289	4149	5899	802	4713	978	2919	5810	5699	2115	224	2691	3007	7212	2654	3175	4933	3297	7153	1222	3603	2307	2383	4615	6210	7216	3360	4349	5085	4345	4226	6852	2205	2351	7118	2478	3377	2888	2639	1995	3651	2158	6604	6631	3891	1186	2333	460	4302	2946	192	4686	1533	2255	4475	6095	4668	5803	1763	6950	120	6790	7261	3027	3263	5672	2178	916	3390	7023	2872	1328	1523	120	1293	1607	2710	191	5006	1007	3411	780	2713
863	3118	1840	4426	4138	2456	356	3088	6279	2785	397	566	807	3693	4718	1414	3993	4246	7147	748	6562	5219	3283	3319	1945	1057	1090	5951	7063	4628	6253	4681	4184	6897	2847	2655	1528	7110	4003	4109	6003	1901	6423	4717	1043	5599	931	5879	2037	6829	4881	6776	2914	1153	4265	2879	3495	434	1998	1117	1980	809	3787	2040	1461	410	769	4984	3300	4289	2347	5097	2426	2013	2624	3358	3884	294	6140	3433	6684	308	7092	5255	6652	1705	2711	1537	2138	5825	4437	1082	3116	6505	3724	3208	4950	3191	4255	926	3027	7261	3171	6471	4016	3424	4192	1644	120	3703	2265	3778	4694	7026	2418	2045	7003	1394	3910	6404	477
1525	1728	4260	4676	537	7049	4674	5116	2815	2149	1699	3334	5383	2846	173	3595	3311	5072	3328	1872	134	206	4521	2386	6675	3348	3467	2292	4498	2199	3172	4348	3742	1418	7152	6113	5329	5955	3582	3077	1549	6622	1295	4083	774	494	5980	1778	4968	1813	990	6710	120	5308	5826	4001	5561	3692	413	6461	4447	2275	5792	2435	3530	2476	5929	5037	4412	3376	4569	423	4461	2127	5450	5664	562	749	2352	2403	1695	2562	5165	5678	4945	1339	4082	1983	2069	2074	2547	7024	5517	799	6746	120	5912	6965	1768	5928	3263	3171	7261	6721	7082	2242	1209	3923	2619	3316	1083	4206	3960	144	6537	3386	3660	669	2893	4052	1832
2764	1420	2909	1444	3043	4773	3149	202	1957	6415	5350	3877	7065	1908	2579	4408	2123	1917	4087	825	1722	120	3389	992	5907	3187	818	6755	4611	6974	4202	7253	3661	226	4965	4407	3856	4559	1169	6868	1797	5736	4769	4617	2537	5467	4955	3087	5682	1387	1935	6027	5878	805	3225	2926	6345	4419	7190	1336	2753	3896	4011	7060	2477	7109	5996	3748	2839	733	6352	2510	3576	446	2790	3697	6320	1459	3731	6525	6148	4188	4386	5875	2281	3766	2446	1436	4478	5053	4871	808	1751	2410	3258	3058	3847	771	2557	2809	5672	6471	6721	7261	4456	1251	4558	2869	478	4947	2009	5747	1069	665	711	6061	1764	1335	1498	5711	1847
3033	7249	4248	1962	2088	4312	6585	2674	1682	4529	2802	2696	3428	1404	4583	857	4471	3765	4978	2168	6083	2448	587	203	6674	5756	5077	4958	2794	6284	1050	1773	6768	5034	4189	4469	4765	5528	3345	545	5043	3484	7144	922	5111	4436	4954	3807	6183	4664	7159	4405	3783	4490	1587	5420	589	4935	7219	4864	6951	3404	3907	3444	1844	1532	5011	3197	6862	5981	4877	5386	943	5966	5937	2721	1277	1987	177	3014	6539	1507	5387	1613	2159	7028	667	4039	1564	967	4661	3037	1731	2792	6889	1012	6035	4287	3018	1715	2178	4016	7082	4456	7261	5567	2771	3483	1512	4785	4918	2110	2505	4086	2779	2519	1424	4143	2038	4476	120
3893	5552	2776	3133	2373	6749	1735	3771	6671	6024	6785	5610	4727	5328	4650	5848	2604	5617	120	820	4812	3511	2987	5369	1396	3955	2353	3125	1269	2831	643	7021	1059	251	5484	2303	2077	1633	4691	4586	5633	708	6766	3911	2096	3084	4858	3979	167	786	4842	3054	3531	882	5231	5844	120	2578	4856	4634	1311	4730	6910	731	4682	1578	679	788	3747	2203	4230	2262	5972	5748	1752	1594	3138	5571	407	456	1903	5754	1734	2715	6672	1617	5800	3745	4390	6151	6177	887	615	656	3694	4068	5356	267	1651	6514	916	3424	2242	1251	5567	7261	3691	3460	310	6420	3215	599	415	666	945	228	6821	3670	4533	6101	6045
722	4600	5555	2769	5449	6156	5452	6029	4959	5149	1248	4567	4710	1866	4215	5984	5351	4610	3854	3608	3944	5252	1318	6571	6723	7062	5292	2016	637	704	1959	3285	5074	2010	3770	736	3469	2884	7164	2097	2100	3080	4570	5306	1938	5721	1357	5374	5318	2219	6573	3213	1282	4488	333	6718	5215	2171	2863	120	2685	5725	5768	1141	297	6758	6712	2755	4749	5337	1985	2280	186	997	5593	3244	513	248	268	2062	3541	7056	6732	5108	4059	5333	1827	5169	4281	491	5250	3851	4743	154	894	6255	3165	7089	5270	1001	3390	4192	1209	4558	2771	3691	7261	871	982	2768	2447	3580	1884	1875	5655	680	3648	6432	212	6581	1331
4817	3320	4493	6728	1421	3382	6085	4295	5343	934	5455	345	2963	5627	2666	1893	2320	2627	1895	1541	4997	6023	4251	2049	1005	4216	4234	6176	4365	3866	3522	7148	5260	1615	1838	3069	6199	120	6864	5637	5129	7114	2056	1307	1991	5389	5890	2855	5580	270	971	378	2466	1250	819	6899	3205	1839	6201	5510	5830	4914	4703	166	6351	6197	1298	438	5905	5858	2022	5437	5122	1732	3513	171	7108	939	6000	4774	5030	3593	2986	7050	3475	4020	1177	2145	6047	435	2270	3526	1450	3128	1098	3248	5430	2305	3815	4057	7023	1644	3923	2869	3483	3460	871	7261	3658	2520	5851	532	5457	6030	1588	2887	6962	3129	4254	5271	5957
4180	914	7192	5444	1065	5363	3104	3696	220	4269	5712	3888	7054	1317	3809	7203	5776	5688	6081	1845	5331	1717	4433	3233	6478	2942	3352	1051	4649	5346	3735	6744	5365	6242	5544	3173	3405	5574	1650	5739	2018	4416	3588	4304	2817	658	6963	2546	2625	856	4045	362	942	315	5214	2699	4328	1831	1208	6306	1213	5187	4952	3621	2229	5500	3989	5857	2286	6643	4220	2724	4019	6334	1432	120	5920	4195	3121	3399	1474	7260	2274	3081	5591	313	2952	6040	2961	1409	1551	5498	5837	1297	1247	4768	5151	1689	365	593	2872	120	2619	478	1512	310	982	3658	7261	5675	6235	3271	741	4247	3646	5949	5045	6830	2279	4078	606
454	5506	5740	6981	3619	302	3120	5887	925	3226	4429	3146	5643	5429	1964	6976	1819	1748	4753	5263	5660	2601	2031	3123	5898	6301	3115	1774	1276	7258	4331	5140	3788	1582	4421	1569	2388	1382	4929	4250	4420	6741	5602	4553	2799	3096	823	6256	1708	120	6315	5251	6195	3354	2788	5685	5406	4631	638	625	422	2238	2011	6254	6880	2134	975	6328	5634	3943	6692	2633	1205	5238	5005	1702	2254	2245	5382	4534	5784	3055	6523	7247	4746	6493	5570	5974	1550	5691	1889	4876	5600	3636	2209	276	5631	1351	2445	6059	1328	3703	3316	4947	4785	6420	2768	2520	5675	7261	4012	1206	5459	3908	6645	6928	4776	3098	1193	1183	5653
5744	388	5694	4902	5648	3721	5026	706	3662	5998	6697	1522	3508	5665	4823	5746	5516	7246	1294	4181	3805	6341	4723	7057	5541	5199	4355	3837	3099	2634	6625	1637	4550	6498	6287	7130	2686	5008	4151	2392	6307	5016	3254	120	4982	1054	458	2176	6707	5117	4667	4844	4654	873	3094	2958	4033	1500	2460	760	2739	120	235	782	4956	440	5217	4949	7101	2984	835	6327	1520	2931	787	120	6761	4136	1736	7099	6018	5096	5200	6240	1309	3958	6437	6773	4788	574	3606	5103	913	1795	2298	4599	3539	5166	508	2458	1523	2265	1083	2009	4918	3215	2447	5851	6235	4012	7261	1093	260	5341	1989	3346	6072	3835	4148	6010	7158
2330	814	2791	1332	6561	1583	4007	306	618	4364	7218	5873	3139	1170	5709	5877	1636	2765	6582	1982	5729	791	1462	3221	2000	5223	1742	622	6694	3097	682	4210	2436	4187	6333	3461	4807	2756	4499	2361	2048	2913	3227	6221	6998	592	6568	120	2695	4562	7141	1496	3917	5737	3953	4242	1974	5524	4742	6007	1806	3793	6872	2101	7031	3029	7106	2912	4698	4249	4008	5384	4439	1810	2603	3011	2960	4354	5888	5486	3193	4114	120	4194	6031	431	4767	5189	3965	1115	4134	7201	4211	1413	6521	5180	4231	1803	4961	2216	120	3778	4206	5747	2110	599	3580	532	3271	1206	1093	7261	4827	5357	5224	3700	5943	1423	6171	5692	6814
4503	6181	1681	955	3798	7225	6698	2994	2344	4915	4541	2749	4124	6060	3528	5228	6542	2509	6915	4839	2757	3779	3520	6633	6968	137	2055	4781	548	1127	5222	671	2014	1243	756	5391	1037	2170	6916	120	4448	5679	6298	6971	4190	6388	5172	3110	6778	6797	5636	979	1978	6610	5065	1490	777	726	4989	6063	3789	2518	3310	5229	5110	2968	5091	5410	5732	5499	6445	3987	1897	120	4523	402	1720	6237	3618	1910	2202	4928	1458	2451	6436	466	4427	3462	412	4428	2443	2874	879	6627	4091	5119	6476	6269	924	6857	1293	4694	3960	1069	2505	415	1884	5457	741	5459	260	4827	7261	793	3624	2906	2486	4755	3145	6888	2152
5023	3493	5773	717	851	7257	205	3453	2896	3353	2167	1242	4118	2680	4794	2595	6453	4833	1598	7156	4576	5388	861	5494	4314	5106	1561	213	2728	3150	2217	1125	3474	2222	6796	4705	1789	4463	3432	6977	6763	664	1857	2818	1313	2054	311	3457	5147	3803	1667	5942	2719	533	1661	1981	2762	2664	1653	573	7210	1296	2126	1106	6164	223	5843	5007	5644	2616	1662	6840	6088	3223	6068	6394	120	5559	5529	5693	2637	5115	2296	1727	2701	5020	2072	1433	868	4266	4453	859	1631	120	6261	5185	6402	4041	1877	4067	1607	7026	144	665	4086	666	1875	6030	4247	3908	5341	5357	793	7261	4080	6422	6617	1921	1201	5041	2257
2079	3602	928	6161	312	3420	3045	2002	6653	703	2012	1919	3295	363	3937	7043	6393	1943	5148	5274	3501	2903	6125	889	3349	5294	2730	6795	6591	4435	6813	4962	246	5419	923	3189	6696	6329	4639	5268	1850	2988	4782	7146	5781	234	120	5195	1249	1101	4761	2593	6438	3640	1075	5985	5514	6468	5935	5405	2130	2363	1330	3827	4571	5515	2529	3303	6747	7090	4565	2690	1961	175	6869	4948	7228	2302	1864	2487	1794	6924	6174	5171	1240	5088	2336	3566	1814	6801	295	5603	755	1091	3016	6558	2507	6289	4278	5579	2710	2418	6537	711	2779	945	5655	1588	3646	6645	1989	5224	3624	4080	7261	7005	1556	3637	5613	2356	1163
4137	2717	3609	7170	2824	5477	6449	1710	4322	5194	6559	2700	7011	6096	5970	3107	1207	3013	1192	1696	120	673	6885	5819	3066	7205	2744	3639	5094	5638	4880	6715	2017	7030	1445	5671	4826	6142	5526	244	2836	543	4616	1377	3323	4457	1565	6353	2260	2148	5359	542	5832	4142	4801	3781	5000	3875	2849	4462	6921	2663	4739	4159	3241	2556	3671	5987	1593	2867	3797	448	1197	4983	1146	1505	189	686	255	6583	241	1320	2569	6326	4066	2267	815	678	6359	6835	1352	6664	2610	3179	2235	6106	320	5128	1088	335	191	2045	3386	6061	2519	228	680	2887	5949	6928	3346	3700	2906	6422	7005	7261	701	2414	1327	2866	626
6331	623	3516	4793	3517	4383	1084	4806	3095	2531	3329	5615	6055	6564	3388	6470	7182	1434	352	5853	6811	4268	3963	1940	4445	120	6149	1196	1876	2970	1902	4709	1112	4850	4385	6489	5145	3928	1954	6626	5183	3277	5284	4547	5275	371	1931	4391	6064	6939	738	6408	1013	6634	1724	552	4310	1392	1882	5024	3375	2583	2278	6783	854	4401	4455	120	3592	3518	2362	5864	293	2214	685	3234	5230	1536	575	5605	135	1703	3858	2453	4410	7139	1597	6014	5431	2982	4062	5427	4013	4715	1548	6080	4888	635	2165	4540	5006	7003	3660	1764	1424	6821	3648	6962	5045	4776	6072	5943	2486	6617	1556	701	7261	7143	2840	5900	3869
4974	3279	1225	1865	386	2025	4931	6454	2628	7252	1103	598	876	1271	1796	705	4382	2365	3280	420	1543	1969	4164	3086	4048	595	5197	1401	3830	3590	2689	2933	4110	1403	6052	343	4964	5795	4135	4357	1979	6041	209	1369	1151	6927	6533	933	4697	2155	1283	5883	4451	5289	5988	6239	5659	1540	920	1965	1470	5462	3796	1253	5646	6319	274	5299	906	4177	7165	7151	5404	120	484	1397	1038	4542	7129	826	4712	7135	5554	3867	2917	4573	767	2284	2471	2611	1495	3266	2508	1482	1380	2237	3775	2411	1066	5751	1007	1394	669	1335	4143	3670	6432	3129	6830	3098	3835	1423	4755	1921	3637	2414	7143	7261	5979	2147	5168
6492	4225	3746	505	5456	3680	3935	6735	6262	4825	120	5425	4866	3723	3585	4199	5015	6657	4112	5324	3759	792	277	5310	2091	2122	4693	3229	877	1092	6225	2493	5649	1455	4480	1015	6944	1372	231	6534	6442	243	2586	6574	7039	5282	4233	4376	5913	3152	6614	6935	2454	120	1800	6073	3177	4608	5881	4325	6337	1915	3642	2090	7220	3553	5347	6654	2378	481	2316	3814	2186	4736	5994	6932	1290	6992	6248	6543	3894	5448	6858	120	1480	6792	1867	1456	6238	2151	3734	5233	5058	5070	5182	2513	4487	5777	2727	5163	3411	3910	2893	1498	2038	4533	212	4254	2279	1193	4148	6171	3145	1201	5613	1327	2840	5979	7261	783	1270
2282	2400	1739	298	6401	2026	2915	785	4509	4882	4683	7009	457	5009	6150	2071	1113	5566	611	120	1097	2927	1740	7221	4546	3260	1150	980	3824	4779	2671	7091	504	4875	3124	4472	6709	546	1570	2697	5153	6410	2146	4808	1095	1630	2052	5547	5536	4396	1808	4750	3550	1415	3272	2900	4150	5295	5700	4766	2555	1639	3669	5469	6708	6220	2905	385	1782	554	6128	4092	6509	6069	2416	6130	1659	2174	3571	4911	5439	6365	6448	374	2535	5353	6222	3665	1601	4819	2350	3962	1673	5908	5010	4607	6717	4326	165	3181	780	6404	4052	5711	4476	6101	6581	5271	4078	1183	6010	5692	6888	5041	2356	2866	5900	2147	783	7261	1130
5855	1886	5320	1616	4795	6263	6515	5674	6001	4313	1262	4264	2761	303	3447	3887	2524	6025	4937	4775	4026	4370	4907	3184	3063	5465	2475	219	4575	6173	1623	1096	3000	6511	2118	7122	1136	3497	6975	2895	1558	5915	3220	932	3452	5967	6789	123	3653	4388	6753	449	2019	5285	3967	2892	5371	3417	4022	3946	2811	5816	5775	1255	965	3560	3085	4395	1704	120	1245	2694	644	6658	2731	6544	2207	7044	5479	6986	5348	1762	6104	5461	1900	2195	4737	5658	1963	1303	4605	4228	5727	7178	5766	1706	6258	5621	6890	120	2713	477	1832	1847	120	6045	1331	5957	606	5653	7158	6814	2152	2257	1163	626	3869	5168	1270	1130	7261
