5051	1145	159	247	4642	3985	1334	4379	3472	924	3524	3202	1622	5015	849	2361	4457	1246	2852	4330	100	3835	5022	329	4534	1933	4541	854	4786	1274	830	2415	3802	1496	1640	3564	3323	2726	3924	2669	1126	2554	1559	311	1681	1529	4846	1713	3158	758	2190	241	2142	1231	1871	4926	526	2442	1934	827	1563	888	1171	4777	1604	858	4152	3955	1770	1723	3647	168	3634	3727	3509	2630	3027	2696	440	4164	4700	4978	564	608	4062	2069	4406	2947	721	3021	4866	470	3983	636	3290	1325	257	352	4415	461	953
1145	5051	2693	1300	4887	1655	3215	3724	614	945	890	3547	3114	3017	660	1690	4171	1302	225	4713	1635	1844	339	4930	3928	861	3485	284	291	4352	3247	867	2319	4908	155	3162	4426	1639	4894	681	194	4743	290	1736	2399	319	486	3212	1968	3849	2369	1360	3304	2835	3310	2699	1074	100	4464	989	1608	648	100	4485	497	4637	3012	1432	292	4156	948	3899	4148	4516	738	3448	3933	4204	2885	2205	1035	1839	778	635	679	100	220	3573	1754	3076	2200	2916	4968	3578	1124	1893	1059	598	4219	2507	1509
159	2693	5051	2149	3661	146	4719	4095	2210	100	2995	3711	3743	972	114	4764	668	3932	4446	2983	2034	570	2817	110	2357	4701	1884	2322	330	958	434	2638	1040	1014	4249	4351	1489	3560	5002	4556	1438	2050	1957	1241	573	1197	4364	2877	2910	4313	1768	2423	4793	4603	4689	1355	531	3150	943	4730	4617	4843	2757	1593	4336	2931	3780	3414	4413	3535	4329	3859	3851	4907	1398	100	3523	3463	1923	4917	663	1428	1594	4985	1345	4597	3066	2237	3610	3297	1932	3096	100	4825	4119	895	4205	1697	4635	4124	730
247	1300	2149	5051	4548	2799	4606	2984	1030	4004	4979	444	1620	1687	1891	1003	671	3604	100	4710	2633	790	2609	966	2793	3861	4760	340	2483	1584	3166	1717	1304	1065	813	1816	726	100	4544	3170	4580	4755	3599	3219	1705	4873	1467	3878	3840	2257	936	3589	482	1391	566	2960	2440	4620	4859	993	1689	1651	4915	4811	1576	3744	4111	270	838	2217	3391	3265	5045	2241	994	2201	3251	4939	5039	504	3465	1110	816	696	4162	960	4392	2577	4787	1011	2400	1817	4702	4838	2076	2303	1219	2123	2101	4235	3093
4642	4887	3661	4548	5051	2787	4056	4035	4430	3611	4708	3853	2381	2921	4291	824	3767	4725	4431	1589	2135	1783	1188	969	3062	1724	4178	2383	1233	2167	2058	1192	1374	2064	1864	375	3692	4003	543	2538	1288	240	3000	1049	1650	1910	4050	1955	135	2644	1941	2742	378	4345	5050	2878	262	556	237	3892	1214	4184	100	3788	1452	447	3203	2532	656	1158	2459	982	737	2771	179	4174	3754	4824	5031	4390	1333	410	3081	491	4360	205	100	2872	1169	1980	1671	4270	2957	2732	732	4246	1001	3335	3979	3751	415
3985	1655	146	2799	2787	5051	1560	1329	2007	4007	1392	3018	3987	2454	4153	870	4852	4061	3698	365	4432	3508	180	4217	3866	1548	3137	4699	3342	773	2395	2380	4535	2204	2832	2456	2839	2203	1540	4084	2564	4904	4202	1276	1420	3529	4104	4193	3271	2331	667	332	1259	4509	4761	2794	1028	1344	3828	2160	2803	405	1926	3195	3678	2976	4929	4049	3035	493	4851	3557	1846	4257	176	4558	2596	2812	3755	4574	785	359	2215	4994	1394	2437	2318	3291	704	4043	4101	100	2855	2692	4019	3901	4335	846	2188	2941	4905
1334	3215	4719	4606	4056	1560	5051	1118	650	2163	2438	1987	5027	3890	1601	4943	1078	2849	1591	1494	2731	104	281	2475	4960	1177	1164	1431	1319	1048	2578	1796	3651	4948	2152	2655	269	2745	774	4587	3695	1006	5042	4475	5033	3879	3683	716	1280	2484	3190	1190	1273	2212	689	5049	4927	3863	885	1809	2746	103	100	2173	1182	864	2968	3406	4447	3122	100	4343	2725	2390	1660	221	1954	508	223	4576	3519	4077	1654	1771	2844	328	734	915	3520	2176	430	1160	172	913	4590	3930	3582	1564	3750	4814	3045
4379	3724	4095	2984	4035	1329	1118	5051	1973	1682	1407	918	3430	3759	1439	130	3643	1095	1647	4698	1385	4123	100	2989	3699	4412	3824	1297	4946	4147	4274	3079	4302	1376	896	3555	2776	1565	442	2082	1661	1974	1176	3261	567	4459	3587	2796	3728	4649	3328	3618	4395	1853	1069	521	3152	1370	3385	2274	4072	2141	1953	4151	3894	100	1403	3975	2951	4989	2880	2558	2521	2755	2078	2014	4253	3676	4378	2002	3912	4090	2079	1382	2144	310	1606	2186	4717	4696	100	3907	3046	804	3266	657	3991	2474	2457	4773	3745
3472	614	2210	1030	4430	2007	650	1973	5051	920	3624	3864	2497	2304	4005	1161	3312	2097	4283	3192	968	2214	1378	1076	1122	126	3978	4771	4309	3766	2298	3214	5048	1269	3303	4074	3820	1998	2627	2494	848	3934	457	1743	4223	1727	3437	3862	4502	2165	4611	2791	3141	1823	1262	4275	3339	3855	4081	2978	4418	1103	4307	4423	5008	5020	119	2657	2323	3201	1031	2340	4371	1282	3019	3793	3331	2556	4134	100	3525	2729	3444	4411	2090	3931	4158	2265	3374	165	4982	100	2015	506	1895	1272	4721	1729	3995	537	4550
924	945	100	4004	3611	4007	2163	1682	920	5051	141	3705	1115	551	2111	666	2435	764	2284	933	2510	1185	868	5046	471	1636	4187	1042	4605	4549	517	2656	4218	4775	1837	4877	3031	3528	2180	2898	1255	1009	3871	2099	4512	3921	3992	1368	3476	1924	2801	1146	3314	4325	1567	658	3797	3546	4037	1646	876	4724	1424	3461	1679	2737	4421	1034	3865	4675	500	883	752	1645	2634	3428	4981	201	4287	1938	783	1053	4094	4321	1956	834	1866	3354	3025	3636	4404	273	3340	2526	1409	2109	305	3783	3258	3348	762
3524	890	2995	4979	4708	1392	2438	1407	3624	141	5051	3493	1453	3372	1763	2862	2998	3282	665	603	547	4299	4194	494	2350	235	1978	4129	1322	1068	4110	4816	100	4099	3770	4477	984	586	4925	1366	2128	4177	2701	4337	1552	100	2611	4232	4564	4323	4017	1857	4804	1769	2428	3488	3064	585	142	102	1731	256	4732	1624	1664	828	2891	3584	265	4759	150	3812	4334	3008	3719	3819	385	303	2727	4075	3852	4016	206	2348	2790	1840	3275	825	100	2708	3708	3405	4288	1981	4655	2117	4374	3068	866	632	4214
3202	3547	3711	444	3853	3018	1987	918	3864	3705	3493	5051	4207	1553	1024	3561	1458	3758	252	844	1022	2074	739	1609	837	4848	4918	2993	208	1010	2418	3494	3627	2231	4693	4301	2759	3484	4879	472	1649	100	1939	682	4626	3893	1555	3660	4280	3411	2441	711	3302	3559	1140	4767	4537	4532	1240	3239	2586	2164	2113	1086	1361	3100	2992	258	473	317	525	2789	2433	4900	3059	3167	2280	3384	4988	907	348	4399	1021	4458	1198	991	3536	735	1257	2778	4453	3667	1046	1906	3818	1501	3347	3516	3467	2220	2980
1622	3114	3743	1620	2381	3987	5027	3430	2497	1115	1453	4207	5051	1336	3179	621	1989	175	3845	1444	4096	1916	4038	2959	4829	4122	1165	116	100	4757	463	1499	1872	1691	3101	204	3843	1685	956	418	203	740	158	3562	1430	4040	3844	2458	3874	3821	3486	4997	2356	593	3278	1285	897	902	100	3103	100	4409	246	1725	3672	1119	4353	629	1845	4718	3188	3169	4436	3673	3248	4297	2925	673	289	3566	1587	763	4671	3903	3581	3761	1290	2288	374	2845	469	3127	2136	4083	1578	1258	3353	1330	3607	4109	1105
5015	3017	972	1687	2921	2454	3890	3759	2304	551	3372	1553	1336	5051	3176	3541	1623	200	2311	1835	100	401	4441	2707	1714	4882	2973	4542	1331	4121	2818	4670	4599	3664	4841	3435	3334	808	5026	323	2890	772	446	4971	100	182	557	761	2227	878	320	5011	1761	4746	4024	4375	4479	1900	1833	420	4967	2068	1351	1056	2334	2003	3596	2780	1316	4185	4440	100	900	3185	4493	2228	1404	4224	2067	2403	4663	3425	4496	2309	2901	651	1745	4130	4102	3072	1841	530	4350	4837	1986	485	3153	3704	930	1204	4367
849	660	114	1891	4291	4153	1601	1439	4005	2111	1763	1024	3179	3176	5051	1674	1887	1861	1157	2130	2057	4163	686	2517	156	2741	3630	3518	4132	2347	100	4114	850	591	276	100	2712	4644	800	4615	2410	2375	3056	4585	3760	4319	1583	296	662	3083	4201	4437	2107	3707	1149	3981	100	700	1130	2999	4173	100	3568	4625	3198	1312	3455	2396	1375	862	4833	4634	4836	851	2865	431	1497	780	2867	4629	645	980	3682	1120	161	1138	2866	136	379	3033	3510	279	4957	1106	4797	2478	254	1093	4739	2016	2640
2361	1690	4764	1003	824	870	4943	130	1161	666	2862	3561	621	3541	1674	5051	1854	2070	249	3543	4356	3402	1113	3848	2565	2376	3055	4656	2472	2106	3148	4630	4679	4298	3395	2724	376	2436	4673	1656	2675	5030	3537	4145	2273	344	2295	616	723	2991	518	4547	4073	192	355	1707	2905	151	3193	1850	3553	2684	833	100	713	749	4903	3601	4149	545	4681	2240	757	2177	792	2848	814	3574	3135	3577	1239	3927	4806	733	643	3814	1471	1052	2083	1026	3588	3003	193	2243	1762	1358	3128	1369	3174	2617	2598
4457	4171	668	671	3767	4852	1078	3643	3312	2435	2998	1458	1989	1623	1887	1854	5051	2051	171	2388	4604	2876	3522	4034	533	532	1117	2997	625	2859	4987	4855	1741	3146	4508	4765	638	3364	358	4998	1852	3087	1603	1408	1109	2924	186	3133	248	2419	3095	3295	4277	2275	4011	4247	2387	1225	4864	2324	698	2327	459	3030	4198	4326	100	380	4940	3004	1335	1880	2806	3693	4365	3156	100	3245	2736	4733	4444	2174	2643	3620	1600	2398	4661	3125	3175	3586	3646	100	2431	3139	921	3029	4380	2824	1960	1143	1793
1246	1302	3932	3604	4725	4061	2849	1095	2097	764	3282	3758	175	200	1861	2070	2051	5051	3867	719	1966	916	4624	4750	1132	4774	843	2382	294	1676	2025	3982	4934	1232	1902	4831	3936	4048	779	2329	1994	4169	1867	2191	1744	1950	2553	4573	3403	1912	1712	1041	3572	4654	2355	3255	2853	3948	1708	4690	3330	4992	100	4525	1440	949	2570	448	2452	3552	2321	1791	1703	2721	2588	992	1777	4370	1151	3710	4731	4295	4678	3778	2608	2691	4531	3876	4643	3593	979	4736	4830	3260	1456	4807	2045	4165	4752	4853	4125
2852	225	4446	100	4431	3698	1591	1647	4283	2284	665	252	3845	2311	1157	249	171	3867	5051	1829	5028	1738	879	1253	630	3252	350	906	1786	2289	1619	3241	2493	1544	3246	424	2605	1983	555	1631	4013	3404	1373	3602	2439	397	2429	2393	3730	283	2118	4522	2679	3454	1148	4551	1000	3073	3837	1387	4467	1648	2546	2223	1309	100	2628	1749	4687	519	2682	4780	3044	287	2523	4451	3687	1896	3172	609	2892	1475	492	1692	1951	683	111	185	3757	3296	1855	1897	105	3061	3915	747	1504	1612	524	2681	3273
4330	4713	2983	4710	1589	365	1494	4698	3192	933	603	844	1444	1835	2130	3543	2388	719	1829	5051	3058	4488	1473	1429	592	1765	620	3186	2525	3249	1899	2306	4427	2313	3091	1295	1581	181	1216	2389	1982	2209	1332	1071	3474	4175	4238	3598	4208	2990	4059	4191	760	2555	100	2694	2125	3216	4366	100	3396	1359	1997	304	4150	3718	741	4341	571	2900	787	2802	2506	1532	617	2259	2008	2291	2833	2519	1017	1881	4500	286	2095	926	1018	1503	2670	4092	2943	1680	2379	4598	2420	1462	3817	2527	2266	4781	4263
100	1635	2034	2633	2135	4432	2731	1385	968	2510	547	1022	4096	100	2057	4356	4604	1966	5028	3058	5051	3882	3842	2764	1961	2307	3417	3470	477	2756	1315	569	3329	3696	184	4707	3468	594	4902	510	3481	2683	2272	387	395	2377	3039	1943	3994	4668	2207	2091	3089	1572	3336	4057	563	3399	301	4014	777	2986	2292	815	4528	4694	4751	1481	2042	100	3950	349	4958	661	2540	4106	2927	1085	2868	4676	1637	386	4840	5014	546	1186	117	2470	4450	1343	2557	2193	2345	2743	2414	1498	1051	4296	3038	4466	2172
3835	1844	570	790	1783	3508	104	4123	2214	1185	4299	2074	1916	401	4163	3402	2876	916	1738	4488	3882	5051	3551	3298	134	1466	4167	2417	4160	4758	3408	4060	2301	394	1975	3362	3832	4858	3111	1993	2005	1116	2229	957	4064	986	3181	2882	4937	4243	690	2256	3067	3768	3648	4372	2616	4230	1683	4870	3989	1805	383	841	1311	1979	542	2918	1621	2018	4047	1911	3774	4021	1249	536	2955	3884	334	236	1125	2248	1289	4950	282	1448	685	4800	5005	2052	560	4068	100	2662	4533	2870	3338	347	1512	5034	4463
5022	339	2817	2609	1188	180	281	100	1378	868	4194	739	4038	4441	686	1113	3522	4624	879	1473	3842	3551	5051	2168	3966	3317	3617	2987	2364	1530	5003	4278	253	1237	2046	100	4425	2049	3204	3896	3984	1486	4715	2551	1455	1283	4116	599	3242	2632	1270	3318	4704	2285	3909	396	3322	1437	4383	659	2956	4821	4933	2360	2171	4762	3749	4478	3165	2575	2308	3964	731	313	452	3398	590	4377	3800	2368	600	2612	2831	3142	1568	2897	3104	2129	3511	4507	3116	1737	1217	1070	464	649	4921	1073	946	5000	3343
329	4930	110	966	969	4217	2475	2989	1076	5046	494	1609	2959	2707	2517	3848	4034	4750	1253	1429	2764	3298	2168	5051	3459	3959	1454	2919	4810	2940	3243	427	2508	3028	100	1538	428	3961	1801	357	4667	2021	1215	4819	1814	1508	389	1634	1790	3107	1870	2239	476	3143	788	1379	3603	1789	188	604	2294	354	2351	4231	4030	2081	3567	4065	3332	4079	4684	2317	267	725	1293	3688	1577	3940	131	2748	109	4266	2762	2566	2964	559	2060	3228	1411	4790	2332	1479	2314	3366	1054	4912	1248	4069	1909	3140	5012
4534	3928	2357	2793	3062	3866	4960	3699	1122	471	2350	837	4829	1714	156	2565	533	1132	630	592	1961	134	3966	3459	5051	1828	100	1039	3211	1036	3224	2486	3438	3905	1250	4792	152	795	2463	1995	100	393	3308	2653	818	370	1279	3361	3471	4000	3383	3482	2170	3738	3655	3632	4609	1178	4115	1903	2590	3360	2515	3276	3281	2262	2906	4022	801	4331	3490	2768	2922	959	2150	3533	2760	3816	2065	2988	2098	1549	4647	835	2192	1209	2153	268	4844	1800	2969	736	4401	2996	840	2114	1767	2293	3393	3380	3792
1933	861	4701	3861	1724	1548	1177	4412	126	1636	235	4848	4122	4882	2741	2376	532	4774	3252	1765	2307	1466	3317	3959	1828	5051	4410	2804	2422	3032	2496	1570	3968	3120	3069	3487	153	3600	3794	4318	1268	2108	2315	1868	1179	3956	1287	1518	3034	4524	2258	3231	2777	4009	3223	140	2798	3419	1630	1447	211	1972	2935	3373	4474	478	388	692	4387	3831	2421	4562	1421	100	4182	3006	3847	4993	2086	2784	4768	302	4543	4213	2392	832	1414	4251	3421	1922	2469	1834	3875	4536	3005	4300	1079	977	100	904	2622
4541	3485	1884	4760	4178	3137	1164	3824	3978	4187	1978	4918	1165	2973	3630	3055	1117	843	350	620	3417	4167	3617	1454	100	4410	5051	1547	1181	4914	1819	4282	100	2031	1201	1365	100	4018	1397	100	3009	1242	515	782	3042	745	432	1927	1043	2735	3952	2509	1393	2913	251	3387	416	1535	1917	4728	3703	3539	2823	1901	4472	3257	1863	2836	627	1155	2649	3075	644	3782	2000	2850	5047	1670	2828	1173	1441	1356	4692	4812	4964	4239	1063	1946	1401	1032	100	922	5040	1395	3346	1427	4571	209	2750	3729	1721
854	284	2322	340	2383	4699	1431	1297	4771	1042	4129	2993	116	4542	3518	4656	2997	2382	906	3186	3470	2417	2987	2919	1039	2804	1547	5051	4306	1305	2198	1267	2779	965	707	3790	4518	4723	4292	4242	3834	3939	911	1719	4874	4189	100	831	2631	3736	4965	1557	3548	882	2199	562	938	170	2102	4088	529	3580	809	2854	3451	4798	3168	4393	100	4419	2963	884	1193	2723	3970	2279	1243	1416	100	3623	2404	3315	1848	1203	2479	2781	5038	1390	4289	3269	2242	449	1776	4664	678	4952	2161	3612	3222	2863	2012
4786	291	330	2483	1233	3342	1319	4946	4309	4605	1322	208	100	1331	4132	2472	625	294	1786	2525	477	4160	2364	4810	3211	2422	1181	4306	5051	3631	583	2972	4645	1755	961	1196	3897	1964	1711	1905	999	3497	859	1802	1715	364	371	2325	5009	1442	4252	5044	4097	4454	3839	708	3637	411	2981	1780	1597	5025	1306	2837	3507	3370	3043	217	3591	4636	2158	857	1461	4709	1991	2710	2550	2601	1221	3236	1948	550	4264	4138	2676	1533	1586	3109	577	3305	805	1405	3880	4782	3205	3571	2032	1184	1543	950	1210
1274	4352	958	1584	2167	773	1048	4147	3766	4549	1068	1010	4757	4121	2347	2106	2859	1676	2289	3249	2756	4758	1530	2940	1036	3032	4914	1305	3631	5051	1191	1339	4688	3841	1734	4890	234	1716	819	1952	624	2933	4025	4555	2492	277	422	2660	1889	2535	4143	3694	744	628	3431	3645	1449	695	4157	2408	4947	2680	3891	2514	2261	2602	1492	4596	2717	263	987	2829	2487	4070	4260	2406	1739	996	4552	144	4382	4886	4591	3542	4248	2758	3124	1778	1002	4896	423	100	4133	2827	1812	2145	2703	2914	342	1904	4560
830	3247	434	3166	2058	2395	2578	4274	2298	517	4110	2418	463	2818	100	3148	4987	2025	1619	1899	1315	3408	5003	3243	3224	2496	1819	2198	583	1191	5051	3458	3244	1472	3292	1310	1785	351	3650	4058	3434	2761	2001	3615	3796	1701	3082	2043	1050	880	612	3920	3613	3412	3277	435	3349	2093	4815	2767	1969	2481	4349	2747	714	1338	3077	670	4188	1474	1476	1617	2977	1460	1131	1514	4439	2522	3427	2283	1013	2073	1346	3726	512	3229	1153	1464	3943	1323	230	3629	255	4895	1450	1579	3815	4465	2378	1487	1384
2415	867	2638	1717	1192	2380	1796	3079	3214	2656	4816	3494	1499	4670	4114	4630	4855	3982	3241	2306	569	4060	4278	427	2486	1570	4282	1267	2972	1339	3458	5051	3888	2211	581	2208	4826	4468	322	433	4141	4805	874	2950	766	3041	100	5018	1172	3579	4565	2529	1072	1628	3491	4128	2155	2088	1410	3680	2252	4376	893	295	3685	3806	285	3534	1524	3640	3113	4460	2961	516	3233	101	404	1672	4868	4776	100	1281	3441	3742	3785	1189	3799	807	4778	3565	4514	2775	631	3639	1627	3500	4234	3671	4523	3173	451
3802	2319	1040	1304	1374	4535	3651	4302	5048	4218	100	3627	1872	4599	850	4679	1741	4934	2493	4427	3329	2301	253	2508	3438	3968	100	2779	4645	4688	3244	3888	5051	3480	3164	4136	300	467	4954	699	2677	2105	697	1012	4196	3569	4892	3657	1693	4546	1260	811	634	1320	4445	983	540	1847	2594	3722	2371	2233	4314	1154	3781	1996	1135	2782	4373	215	3452	2503	3377	4036	1484	955	1566	1468	3725	2236	3773	4228	4093	4963	417	3976	224	2873	4033	3944	4240	2075	821	1746	1573	2595	2965	1894	1859	1510	2678
1496	4908	1014	1065	2064	2204	4948	1376	1269	4775	4099	2231	1691	3664	591	4298	3146	1232	1544	2313	3696	394	1237	3028	3905	3120	2031	965	1755	3841	1472	2211	3480	5051	1772	691	1218	4995	5043	3621	3048	3289	5037	2629	338	2534	382	693	1166	100	1057	419	3270	3016	588	3689	4521	4956	3957	4660	1879	3356	951	1970	863	106	3154	2394	113	3227	4347	3306	4726	4315	1144	3280	2888	3635	3410	3746	414	4795	4794	3791	4510	4942	3514	1528	2504	909	133	2473	228	3099	4648	1033	1092	2104	1362	4884	2663
1640	155	4249	813	1864	2832	2152	896	3303	1837	3770	4693	3101	4841	276	3395	4508	1902	3246	3091	184	1975	2046	100	1250	3069	1201	707	961	1734	3292	581	3164	1772	5051	5013	4567	2971	2363	2536	4055	4002	514	881	3145	3496	3324	3065	3836	3397	2785	2545	2451	4484	4490	2501	2842	4168	3208	1044	4753	100	5036	1851	3217	4936	925	3549	4600	3665	688	2022	100	2541	4089	1838	2904	541	2096	3477	4966	3424	499	3052	2840	4127	4176	4471	901	642	4955	216	2468	132	1521	100	1291	2359	654	1959	4142
3564	3162	4351	1816	375	2456	2655	3555	4074	4877	4477	4301	204	3435	100	2724	4765	4831	424	1295	4707	3362	100	1538	4792	3487	1365	3790	1196	4890	1310	2208	4136	691	5013	5051	3575	4312	2268	1294	3902	964	4889	1313	315	441	2027	534	4588	343	2642	2391	575	2465	3371	769	4355	4789	4256	2511	3367	3390	318	1094	173	985	163	3445	2800	3808	4772	4722	345	1326	4662	1610	3051	4669	169	4199	3423	174	3947	2134	1128	4338	402	2711	798	2054	4146	4497	1083	1317	4131	4476	4577	3378	1168	3775	2245
3323	4426	1489	726	3692	2839	269	2776	3820	3031	984	2759	3843	3334	2712	376	638	3936	2605	1581	3468	3832	4425	428	152	153	100	4518	3897	234	1785	4826	300	1218	4567	3575	5051	4569	3833	1784	3118	5019	4799	299	4820	336	1162	3923	2624	4397	4519	3426	2909	502	1913	360	3341	373	5041	3097	1058	2583	1582	2715	1520	4031	1426	2287	587	4802	1371	2196	2162	1700	3925	4503	183	4862	210	3521	2930	2621	3506	923	860	2808	2887	4691	3422	3407	3590	2716	4396	4363	1229	3462	2120	2066	4640	1381	2156
2726	1639	3560	100	4003	2203	2745	1565	1998	3528	586	3484	1685	808	4644	2436	3364	4048	1983	181	594	4858	2049	3961	795	3600	4018	4723	1964	1716	351	4468	467	4995	2971	4312	4569	5051	3752	3502	724	232	3779	2604	4076	212	2847	2047	1919	1915	2453	2244	4386	3283	3642	1156	3054	4686	820	3279	962	272	2251	3132	2774	3545	2896	4008	2500	137	3895	2374	3798	429	2343	1383	4614	3060	1885	2639	5032	4932	4452	3157	1947	3253	2333	2039	2412	1136	572	511	4273	4255	4384	2702	307	3105	1550	4568	226
3924	4894	5002	4544	543	1540	774	442	2627	2180	4925	4879	956	5026	800	4673	358	779	555	1216	4902	3111	3204	1801	2463	3794	1397	4292	1711	819	3650	322	4954	5043	2363	2268	3833	3752	5051	2230	4294	2979	802	1284	3011	2763	3919	1230	455	872	2807	2222	4621	488	4901	1668	1826	794	3990	4553	1077	3112	1337	3776	4783	2166	1551	3513	1758	2559	3881	1211	4449	4342	509	4938	1206	2937	2443	4210	100	3159	2009	2567	847	1602	403	2326	680	952	2133	784	3910	4063	1451	2813	4483	298	2603	1875	3235
2669	681	4556	3170	2538	4084	4587	2082	2494	2898	1366	472	418	323	4615	1656	4998	2329	1631	2389	510	1993	3896	357	1995	4318	100	4242	1905	1952	4058	433	699	3621	2536	1294	1784	3502	2230	5051	1004	2126	1730	2218	2477	2169	2600	2267	2524	3479	3130	2182	4135	1318	1406	3409	1663	873	3013	1625	2006	3576	1377	445	3284	3973	1958	3144	898	3163	3554	2336	3962	2213	1238	1963	4881	2788	1633	3359	1827	3753	2740	712	2023	3375	4206	3351	1702	2260	4041	1580	4513	1296	2563	2063	1531	2714	2822	1830	2131
1126	194	1438	4580	1288	2564	3695	1661	848	1255	2128	1649	203	2890	2410	2675	1852	1994	4013	1982	3481	2005	3984	4667	100	1268	3009	3834	999	624	3434	4141	2677	3048	4055	3902	3118	724	4294	1004	5051	1465	3309	4435	2626	3134	2690	2148	3460	1575	806	743	1089	4672	4652	3810	1511	1111	4170	2017	1562	1097	2122	4923	2185	3131	4161	400	3191	4883	3092	377	978	2286	4398	2797	3207	1308	3908	2157	4754	475	4526	4594	3272	2087	4741	1806	3319	3094	1836	178	2754	3765	4828	2805	1782	4402	4303	4511	2851
2554	4743	2050	4755	240	4904	1006	1974	3934	1009	4177	100	740	772	2375	5030	3087	4169	3404	2209	2683	1116	1486	2021	393	2108	1242	3939	3497	2933	2761	4805	2105	3289	4002	964	5019	232	2979	2126	1465	5051	676	3299	4052	479	4308	3022	1422	929	3926	4653	709	4867	3626	3138	2480	4572	1493	2044	4674	973	4863	4860	981	4359	1205	3686	4405	1170	4054	3887	1662	1918	100	1314	829	4139	2411	974	1611	1813	356	4734	2278	1213	2349	3763	100	2112	1098	687	2547	498	4990	1064	2297	4872	4229	3787	2685
1559	290	1957	3599	3000	4202	5042	1176	457	3871	2701	1939	158	446	3056	3537	1603	1867	1373	1332	2272	2229	4715	1215	3308	2315	515	911	859	4025	2001	874	697	5037	514	4889	4799	3779	802	1730	3309	676	5051	261	3889	3350	3088	4602	309	2518	4857	3666	1208	2733	549	2367	1199	2698	1505	903	1849	2920	3388	275	3918	2936	4473	484	3498	2651	2339	333	3829	3262	274	122	2137	4538	1678	2689	4434	2769	4480	100	4865	3126	3644	3697	1757	3483	4578	1718	3997	4140	280	363	3147	4357	538	856	4893
311	1736	1241	3219	1049	1276	4475	3261	1743	2099	4337	682	3562	4971	4585	4145	1408	2191	3602	1071	387	957	2551	4819	2653	1868	782	1719	1802	4555	3615	2950	1012	2629	881	1313	299	2604	1284	2218	4435	3299	261	5051	845	4959	705	1348	2911	3803	191	940	2709	2250	3532	3917	2409	4530	100	4847	565	3400	944	4495	4501	639	2178	128	595	1605	4394	4200	1015	1506	2648	3453	1592	4012	4906	2533	4362	3807	222	4742	100	4327	3189	4610	619	4226	1865	2582	4107	1354	1400	4871	3804	2206	207	4118	2202
1681	2399	573	1705	1650	1420	5033	567	4223	4512	1552	4626	1430	100	3760	2273	1109	1744	2439	3474	395	4064	1455	1814	818	1179	3042	4874	1715	2492	3796	766	4196	338	3145	315	4820	4076	3011	2477	2626	4052	3889	845	5051	2154	4046	4785	759	2730	148	633	2894	3662	4584	1415	3117	1490	335	767	2786	3732	3037	1303	1921	3180	2219	3786	100	4051	931	1811	3357	2234	3609	2766	450	2645	4117	3846	4462	4416	3922	4583	325	2430	2869	3826	1684	2948	2140	2994	2041	669	1357	4066	3941	2606	3489	1478	4703
1529	319	1197	4873	1910	3529	3879	4459	1727	3921	100	3893	4040	182	4319	344	2924	1950	397	4175	2377	986	1283	1508	370	3956	745	4189	364	277	1701	3041	3569	2534	3496	441	336	212	2763	2169	3134	479	3350	4959	2154	5051	1643	4269	413	865	4622	751	4869	4443	3183	2151	2652	1102	3512	3316	727	4420	1386	2471	1673	623	3439	2646	466	1234	1653	552	3015	4276	4272	3177	4834	2939	3210	187	3980	3906	2544	523	1457	2342	297	2591	4290	3679	2958	4400	242	1463	4970	1488	753	3886	1536	2110	4469
4846	486	4364	1467	4050	4104	3683	3587	3437	3992	2611	1555	3844	557	1583	2295	186	2553	2429	4238	3039	3181	4116	389	1279	1287	432	100	371	422	3082	100	4892	382	3324	2027	1162	2847	3919	2600	2690	4308	3088	705	4046	1643	5051	1667	409	3714	346	1341	2860	3777	3720	4489	2819	715	271	4455	425	3911	391	4456	2809	4685	539	1709	4817	2697	1446	1029	5029	4607	3325	437	1774	3381	3333	776	4082	995	1251	100	1665	2255	646	4613	3913	3900	4137	2489	4745	4845	1254	4237	3382	4086	4763	1831	4414
1713	3212	2877	3878	1955	4193	716	2796	3862	1368	4232	3660	2458	761	296	616	3133	4573	2393	3598	1943	2882	599	1634	3361	1518	1927	831	2325	2660	2043	5018	3657	693	3065	534	3923	2047	1230	2267	2148	3022	4602	1348	4785	4269	1667	5051	100	3838	164	326	189	4225	1350	754	1469	2425	4354	4339	1706	1522	474	4579	3974	3723	3690	1419	3389	2372	4491	2665	2094	2505	2346	3663	1699	4113	438	2312	1347	2316	149	2879	219	4856	2300	2580	4340	2132	2593	2011	3739	3287	4586	2482	1541	2184	1127	4677	653
3158	1968	2910	3840	135	3271	1280	3728	4502	3476	4564	4280	3874	2227	662	723	248	3403	3730	4208	3994	4937	3242	1790	3471	3034	1043	2631	5009	1889	1050	1172	1693	1166	3836	4588	2624	1919	455	2524	3460	1422	309	2911	759	413	409	100	5051	166	2695	4570	1445	2585	3020	2560	3641	3344	4839	4682	2706	2613	239	4756	4809	2861	3136	1277	5024	1629	2985	2871	3106	2528	1187	3633	1152	456	100	4112	4557	2013	4631	2384	728	3616	2581	1226	781	2543	4172	2516	775	3653	2362	4638	2491	243	1862	2949	1935
758	3849	4313	2257	2644	2331	2484	4649	2165	1924	4323	3411	3821	878	3083	2991	2419	1912	283	2990	4668	4243	2632	3107	4000	4524	2735	3736	1442	2535	880	3579	4546	100	3397	343	4397	1915	872	3479	1575	929	2518	3803	2730	865	3714	3838	166	5051	4316	674	852	4091	4221	4438	2625	100	1945	1121	3206	3877	4080	796	2659	3868	1892	4919	1459	1585	4770	4403	1808	3731	3945	3369	1799	4197	5007	154	100	4407	4429	2195	462	3622	967	2811	1992	1908	2179	2834	947	2405	637	4592	4996	4953	3129	4983	826
2190	2369	1768	936	1941	667	3190	3328	4611	2801	4017	2441	3486	320	4201	518	3095	1712	2118	4059	2207	690	1270	1870	3383	2258	3952	4965	4252	4143	612	4565	1260	1057	2785	2642	4519	2453	2807	3130	806	3926	4857	191	148	4622	346	164	2695	4316	5051	3717	3221	4391	4539	4424	3200	3531	574	4898	3558	892	2592	2636	1271	3268	1324	2249	100	2666	597	5035	797	1688	4705	1256	2734	4891	3858	316	3700	5023	368	3951	3594	1554	3047	3049	4911	4442	483	4801	647	100	4980	495	1666	4945	2296	2030	2661
241	1360	2423	3589	2742	332	1190	3618	2791	1146	1857	711	4997	5011	4437	4547	3295	1041	4522	4191	2091	2256	3318	2239	3482	3231	2509	1557	5044	3694	3920	2529	811	419	2545	2391	3426	2244	2222	2182	743	4653	3666	940	633	751	1341	326	4570	674	3717	5051	1292	2038	2271	1832	4029	1137	1873	2530	990	4738	789	3762	4740	4212	3161	2792	2119	3526	2719	1364	196	839	2189	1247	596	2397	3085	3226	145	2194	4876	3386	3420	765	100	202	2531	4268	605	3337	2432	4835	1856	3115	1626	4559	3102	1265	2386
2142	3304	4793	482	378	1259	1273	4395	3141	3314	4804	3302	2356	1761	2107	4073	4277	3572	2679	760	3089	3067	4704	476	2170	2777	1393	3548	4097	744	3613	1072	634	3270	2451	575	2909	4386	4621	4135	1089	709	1208	2709	2894	4869	2860	189	1445	852	3221	1292	5051	3160	1367	4922	1985	3478	1858	4909	3050	3196	453	1658	4180	1825	3194	4818	4358	1425	2843	2183	501	2247	2282	4126	1931	1519	3327	2770	3869	3953	4328	4369	3827	3517	2071	4159	4078	2302	2903	3706	2226	100	2946	2967	4271	4944	4284	259	1108
1231	2835	4603	1391	4345	4509	2212	1853	1823	4325	1769	3559	593	4746	3707	192	2275	4654	3454	2555	1572	3768	2285	3143	3738	4009	2913	882	4454	628	3412	1628	1320	3016	4484	2465	502	3283	488	1318	4672	4867	2733	2250	3662	4443	3777	4225	2585	4091	4391	2038	3160	5051	2146	4389	1412	677	4899	1299	1477	1396	412	2765	2820	3967	4071	487	4310	1525	4385	522	100	3232	1139	544	3363	481	3595	4913	3715	3053	1007	2413	3550	1301	3432	2427	3313	1423	2072	2576	4023	1810	5004	2235	942	2917	1263	3856	791
1871	3310	4689	566	5050	4761	689	1069	1262	1567	2428	1140	3278	4024	1149	355	4011	2355	1148	100	3336	3648	3909	788	3655	3223	251	2199	3839	3431	3277	3491	4445	588	4490	3371	1913	3642	4901	1406	4652	3626	549	3532	4584	3183	3720	1350	3020	4221	4539	2271	1367	2146	5051	4582	1515	1133	4885	4244	4492	1129	3733	2795	367	2254	2290	4499	1695	1087	4735	1751	2056	408	672	1542	1045	2637	1159	3178	4729	894	2092	1928	875	1167	2579	4665	3108	4032	1920	129	1742	4262	337	1134	1252	548	1877	4593	4769
4926	2699	1355	2960	2878	2794	5049	521	4275	658	3488	4767	1285	4375	3981	1707	4247	3255	4551	2694	4057	4372	396	1379	3632	140	3387	562	708	3645	435	4128	983	3689	2501	769	360	1156	1668	3409	3810	3138	2367	3917	1415	2151	4489	754	2560	4438	4424	1832	4922	4389	4582	5051	4999	2810	3677	3184	2445	460	4716	162	2449	771	4515	1752	1766	1207	1099	490	1596	2444	3503	4747	4504	100	702	4695	4976	1174	2962	1613	1788	4227	2502	4346	2667	1183	2857	1037	4666	3352	4827	2915	2485	1874	4749	1642	3121
526	1074	531	2440	262	1028	4927	3152	3339	3797	3064	4537	897	4479	100	2905	2387	2853	1000	2125	563	2616	3322	3603	4609	2798	416	938	3637	1449	3349	2155	540	4521	2842	4355	3341	3054	1826	1663	1511	2480	1199	2409	3117	2652	2819	1469	3641	2625	3200	4029	1985	1412	1515	4999	5051	1275	4304	4632	561	1764	1526	2053	2416	1067	4880	250	2221	1988	4053	4920	372	718	3570	3993	2059	4972	1925	3756	803	2224	1507	2426	2055	353	2722	443	2181	4368	1090	3716	2539	1286	703	1820	2310	3285	2571	2080	568
2442	100	3150	4620	556	1344	3863	1370	3855	3546	585	4532	902	1900	700	151	1225	3948	3073	3216	3399	4230	1437	1789	1178	3419	1535	170	411	695	2093	2088	1847	4956	4168	4789	373	4686	794	873	1111	4572	2698	4530	1490	1102	715	2425	3344	100	3531	1137	3478	677	1133	2810	1275	5051	871	2019	3904	293	4494	2654	2912	3929	706	4422	2402	932	1795	4849	4209	3294	3225	2938	3748	2838	4651	3614	108	3415	2352	655	407	4650	4878	505	4006	2673	3473	2623	1016	1907	118	1388	2610	3433	1641	3954	1860
1934	4464	943	4859	237	3828	885	3385	4081	4037	142	1240	100	1833	1130	3193	4864	1708	3837	4366	301	1683	4383	188	4115	1630	1917	2102	2981	4157	4815	1410	2594	3957	3208	4256	5041	820	3990	3013	4170	1493	1505	100	335	3512	271	4354	4839	1945	574	1873	1858	4899	4885	3677	4304	871	5051	1842	1372	3326	2953	1977	4155	2335	2004	768	2705	954	100	3401	2159	3769	710	3238	717	100	2587	640	4832	2889	1638	3883	2908	3492	2895	2277	4977	3712	3447	4951	3825	1944	4233	4973	1775	2448	4020	4975	2728
827	989	4730	993	3892	2160	1809	2274	2978	1646	102	3239	3103	420	2999	1850	2324	4690	1387	100	4014	4870	659	604	1903	1447	4728	4088	1780	2408	2767	3680	3722	4660	1044	2511	3097	3279	4553	1625	2017	2044	903	4847	767	3316	4455	4339	4682	1121	4898	2530	4909	1299	4244	3184	4632	2019	1842	5051	4639	2466	4658	2434	147	5016	2401	507	520	912	1883	3813	2446	1967	3656	3771	4470	2320	3872	2974	3702	3171	2447	817	1792	3002	480	1773	786	3958	100	1008	2103	1726	3540	4803	891	2907	4619	3741	2490
1563	1608	4617	1689	1214	2803	2746	4072	4418	876	1731	2586	100	4967	4173	3553	698	3330	4467	3396	777	3989	2956	2294	2590	211	3703	529	1597	4947	1969	2252	2371	1879	4753	3367	1058	962	1077	2006	1562	4674	1849	565	2786	727	425	1706	2706	3206	3558	990	3050	1477	4492	2445	561	3904	1372	4639	5051	1062	3501	1898	3530	1470	2615	2499	3709	3515	889	4487	2024	2929	2902	3946	1342	1750	3311	1433	4192	2952	218	2365	3538	1936	4100	1500	750	558	4241	3440	2498	3649	3713	3457	4616	580	4916	618	4748
888	648	4843	1651	4184	405	103	2141	1103	4724	256	2164	4409	2068	100	2684	2327	4992	1648	1359	2986	1805	4821	354	3360	1972	3539	3580	5025	2680	2481	4376	2233	3356	100	3390	2583	272	3112	3576	1097	973	2920	3400	3732	4420	3911	1522	2613	3877	892	4738	3196	1396	1129	460	1764	293	3326	2466	1062	5051	124	3090	3469	3070	553	2216	4714	2700	1677	4737	1200	2864	4259	3822	1061	756	1652	1798	1618	2573	3652	4320	3466	3597	4108	611	2385	3449	4258	3379	928	914	1220	227	652	4861	2815	3321	4808
1171	100	2757	4915	100	1926	100	1953	4307	1424	4732	2113	246	1351	3568	833	459	100	2546	1997	2292	383	4933	2351	2515	2935	2823	809	1306	3891	4349	893	4314	951	5036	318	1582	2251	1337	1377	2122	4863	3388	944	3037	1386	391	474	239	4080	2592	789	453	412	3733	4716	1526	4494	2953	4658	3501	124	5051	1321	3446	2584	4527	2944	3300	2618	1141	1261	244	4045	2328	3675	4028	3734	426	2048	366	2945	3259	1088	4706	2127	3668	1824	264	4657	1340	615	3301	4969	3392	799	3996	4361	4712	554	381
4777	4485	1593	4811	3788	3195	2173	4151	4423	3461	1624	1086	1725	1056	4625	100	3030	4525	2223	304	815	841	2360	4231	3276	3373	1901	2854	2837	2514	2747	295	1154	1970	1851	1094	2715	3132	3776	445	4923	4860	275	4495	1303	2471	4456	4579	4756	796	2636	3762	1658	2765	2795	162	2053	2654	1977	2434	1898	3090	1321	5051	729	694	2688	975	1101	2562	2464	4554	1659	877	3870	3850	3376	3809	454	1539	1418	3747	2026	3394	100	4044	812	1882	4183	2520	2299	2597	4646	4683	2424	3182	314	4581	1669	1202	327
1604	497	4336	1576	1452	3678	1182	3894	5008	1679	1664	1361	3672	2334	3198	713	4198	1440	1309	4150	4528	1311	2171	4030	3281	4474	4472	3451	3507	2261	714	3685	3781	863	3217	173	1520	2774	4783	3284	2185	981	3918	4501	1921	1673	2809	3974	4809	2659	1271	4740	4180	2820	367	2449	2416	2912	4155	147	3530	3469	3446	729	5051	2121	324	3495	4317	1878	1747	199	1123	1759	2276	2942	100	2970	589	2704	3418	2674	3358	100	1082	4498	1728	2671	2814	2858	1527	3916	2928	3355	4931	4545	121	1869	4633	5006	4181
858	4637	2931	3744	447	2976	864	100	5020	2737	828	3100	1119	2003	1312	749	4326	949	100	3718	4694	1979	4762	2081	2262	478	3257	4798	3370	2602	1338	3806	1996	106	4936	985	4031	3545	2166	3973	3131	4359	2936	639	3180	623	4685	3723	2861	3868	3268	4212	1825	3967	2254	771	1067	3929	2335	5016	1470	3070	2584	694	2121	5051	1436	3110	3854	2143	1722	4015	3795	1104	2450	2238	887	4949	3935	2344	622	2954	1675	610	4216	1818	3286	4744	321	2373	2783	4566	100	613	2641	3218	1686	2010	513	2668	2686
4152	3012	3780	4111	3203	4929	2968	1403	119	4421	2891	2992	4353	3596	3455	4903	100	2570	2628	741	4751	542	3749	3567	2906	388	1863	3168	3043	1492	3077	285	1135	3154	925	163	1426	2896	1551	1958	4161	1205	4473	2178	2219	3439	539	3690	3136	1892	1324	3161	3194	4071	2290	4515	4880	706	2004	2401	2615	553	4527	2688	324	1436	5051	503	3735	3873	3914	4486	3563	2549	1949	3119	1753	312	2033	4561	2269	2718	2883	607	1822	3263	369	4505	2599	384	3898	3585	1940	2138	1558	4333	722	4250	1227	2569	1537
3955	1432	3414	270	2532	4049	3406	3975	2657	1034	3584	258	629	2780	2396	3601	380	448	1749	4341	1481	2918	4478	4065	4022	692	2836	4393	217	4596	670	3534	2782	2394	3549	3445	2287	4008	3513	3144	400	3686	484	128	3786	2646	1709	1419	1277	4919	2249	2792	4818	487	4499	1752	250	4422	768	507	2499	2216	2944	975	3495	3110	503	5051	822	4332	4281	2495	5017	1147	3789	4186	2370	399	4823	3199	2270	3499	742	214	1027	2893	1696	1244	3592	1038	1990	100	2751	4203	1327	836	4854	100	406	2353	4563
1770	292	4413	838	656	3035	4447	2951	2323	3865	265	473	1845	1316	1375	4149	4940	2452	4687	571	2042	1621	3165	3332	801	4387	627	100	3591	2717	4188	1524	4373	113	4600	2800	587	2500	1758	898	3191	4405	3498	595	100	466	4817	3389	5024	1459	100	2119	4358	4310	1695	1766	2221	2402	2705	520	3709	4714	3300	1101	4317	3854	3735	822	5051	4154	3080	2826	361	4711	2749	1266	910	167	3505	2084	4796	100	3740	855	1698	3024	3264	4506	2816	1084	3805	2884	3213	4986	2089	2752	3737	3074	1694	2856	3240
1723	4156	3535	2217	1158	493	3122	4989	3201	4675	4759	317	4718	4185	862	545	3004	3552	519	2900	100	2018	2575	4079	4331	3831	1155	4419	4636	263	1474	3640	215	3227	3665	3808	4802	137	2559	3163	4883	1170	2651	1605	4051	1234	2697	2372	1629	1585	2666	3526	1425	1525	1087	1207	1988	932	954	912	3515	2700	2618	2562	1878	2143	3873	4332	4154	5051	4517	1222	1523	3288	2589	3972	3977	2246	4974	3860	4910	853	100	2875	3086	2982	3949	2062	4924	2147	4720	601	2574	842	1999	3023	3254	2305	1748	1380	937
3647	948	4329	3391	2459	4851	100	2880	1031	500	150	525	3188	4440	4833	4681	1335	2321	2682	787	3950	4047	2308	4684	3490	2421	2649	2963	2158	987	1476	3113	3452	4347	688	4772	1371	3895	3881	3554	3092	4054	2339	4394	931	1653	1446	4491	2985	4770	597	2719	2843	4385	4735	1099	4053	1795	100	1883	889	1677	1141	2464	1747	1722	3914	4281	3080	4517	5051	1571	4875	398	1781	1019	3721	125	1937	245	2658	4293	2037	4144	5010	120	2738	4623	2476	2552	1710	1556	1976	2744	1023	1534	970	1223	684	3556	390
168	3899	3859	3265	982	3557	4343	2558	2340	883	3812	2789	3169	100	4634	2240	1880	1791	4780	2802	349	1911	3964	2317	2768	4562	3075	884	857	2829	1617	4460	2503	3306	2022	4722	2196	2374	1211	2336	377	3887	333	4200	1811	552	1029	2665	2871	4403	5035	1364	2183	522	1751	490	4920	4849	3401	3813	4487	4737	1261	4554	199	4015	4486	2495	2826	1222	1571	5051	4042	4026	468	4481	436	3149	2650	1942	4027	4991	3429	2846	4961	1595	1886	2568	1352	2040	308	2341	2124	1020	3625	4267	1235	2035	1080	1060	917
3634	4148	3851	5045	737	1846	2725	2521	4371	752	4334	2433	4436	900	4836	757	2806	1703	3044	2506	4958	3774	731	267	2922	1421	644	1193	1461	2487	2977	2961	3377	4726	100	345	2162	3798	4449	3962	978	1662	3829	1015	3357	3015	5029	2094	3106	1808	797	196	501	100	2056	1596	372	4209	2159	2446	2024	1200	244	1659	1123	3795	3563	5017	361	1523	4875	4042	5051	2934	2354	869	2175	3084	2085	157	2139	2687	3078	3026	1417	4039	1888	2647	2932	3583	2225	971	3267	4103	1055	2077	2739	1574	1516	3040	3811
3727	4516	4907	2241	2771	4257	2390	2755	1282	1645	3008	4900	3673	3185	851	2177	3693	2721	287	1532	661	4021	313	725	959	100	3782	2723	4709	4070	1460	516	4036	4315	2541	1326	1700	429	4342	2213	2286	1918	3262	1506	2234	4276	4607	2505	2528	3731	1688	839	2247	3232	408	2444	718	3294	3769	1967	2929	2864	4045	877	1759	1104	2549	1147	4711	3288	398	4026	2934	5051	998	1114	2926	3998	100	606	1732	458	576	266	939	2513	1025	2821	4087	5001	229	2614	3963	2488	1212	3098	3965	1890	3654	3764	927
3509	738	1398	994	179	176	1660	2078	3019	2634	3719	3059	3248	4493	2865	792	4365	2588	2523	617	2540	1249	452	1293	2150	4182	2000	3970	1991	4260	1131	3233	1484	1144	4089	4662	3925	2343	509	1238	4398	100	274	2648	3609	4272	3325	2346	1187	3945	4705	2189	2282	1139	672	3503	3570	3225	710	3656	2902	4259	2328	3870	2276	2450	1949	3789	2749	2589	1781	468	2354	998	5051	3674	4179	2020	3274	1984	4540	3007	3413	127	1545	4195	528	976	3606	1787	1569	3638	1632	1399	3823	4788	2620	3628	213	4612	138
2630	3448	100	2201	4174	4558	221	2014	3793	3428	3819	3167	4297	2228	431	2848	3156	992	4451	2259	4106	536	3398	3688	3533	3006	2850	2279	2710	2406	1514	101	955	3280	1838	1610	4503	1383	4938	1963	2797	1314	122	3453	2766	3177	437	3663	3633	3369	1256	1247	4126	544	1542	4747	3993	2938	3238	3771	3946	3822	3675	3850	2942	2238	3119	4186	1266	3972	1019	4481	869	1114	3674	5051	100	2460	1929	3619	1112	4791	1517	3187	4595	331	1720	1546	4254	4601	1756	582	1930	1614	641	3256	100	1075	4941	197	2028
3027	3933	3523	3251	3754	2596	1954	4253	3331	4981	385	2280	2925	1404	1497	814	100	1777	3687	2008	2927	2955	590	1577	2760	3847	5047	1243	2550	1739	4439	404	1566	2888	2904	3051	183	4614	1206	4881	3207	829	2137	1592	450	4834	1774	1699	1152	1799	2734	596	1931	3363	1045	4504	2059	3748	717	4470	1342	1061	4028	3376	100	887	1753	2370	910	3977	3721	436	2175	2926	4179	100	5051	2886	4641	3063	3293	1971	4279	4697	143	1482	3937	3658	1733	1513	3969	1005	1363	1413	1502	3250	2548	1353	3209	602	238
2696	4204	3463	4939	4824	2812	508	3676	2556	201	303	3384	673	4224	780	3574	3245	4370	1896	2291	1085	3884	4377	3940	3816	4993	1670	1416	2601	996	2522	1672	1468	3635	541	4669	4862	3060	2937	2788	1308	4139	4538	4012	2645	2939	3381	4113	456	4197	4891	2397	1519	481	2637	100	4972	2838	100	2320	1750	756	3734	3809	2970	4949	312	399	167	2246	125	3149	3084	3998	2020	2460	2886	5051	3885	1195	2830	1091	4627	306	2720	2197	3368	100	1615	4520	1483	4098	1047	288	4220	231	3504	3220	3001	4888	1794
440	2885	1923	5039	5031	3755	223	4378	4134	4287	2727	4988	289	2067	2867	3135	2736	1151	3172	2833	2868	334	3800	131	2065	2086	2828	100	1221	4552	3427	4868	3725	3410	2096	169	210	1885	2443	1633	3908	2411	1678	4906	4117	3210	3333	438	100	5007	3858	3085	3327	3595	1159	702	1925	4651	2587	3872	3311	1652	426	454	589	3935	2033	4823	3505	4974	1937	2650	2085	100	3274	1929	4641	3885	5051	4850	1485	2572	886	1402	1150	2407	3234	160	1228	4417	489	3659	1804	1491	4659	112	935	1349	4085	1163	1760
4164	2205	4917	504	4390	4574	4576	2002	100	1938	4075	907	3566	2403	4629	3577	4733	3710	609	2519	4676	236	2368	2748	2988	2784	1173	3623	3236	144	2283	4776	2236	3746	3477	4199	3521	2639	4210	3359	2157	974	2689	2533	3846	187	776	2312	4112	154	316	3226	2770	4913	3178	4695	3756	3614	640	2974	1433	1798	2048	1539	2704	2344	4561	3199	2084	3860	245	1942	157	606	1984	3619	3063	1195	4850	5051	1328	4618	664	3942	4928	919	3307	2635	535	115	2713	2561	177	2607	4001	392	195	260	139	4344	3999
4700	1035	663	3465	1333	785	3519	3912	3525	783	3852	348	1587	4663	645	1239	4444	4731	2892	1017	1637	1125	600	109	2098	4768	1441	2404	1948	4382	1013	100	3773	414	4966	3423	2930	5032	100	1827	4754	1611	4434	4362	4462	3980	4082	1347	4557	100	3700	145	3869	3715	4729	4976	803	108	4832	3702	4192	1618	366	1418	3418	622	2269	2270	4796	4910	2658	4027	2139	1732	4540	1112	3293	2830	1485	1328	5051	1740	3436	746	748	720	2923	3701	123	2537	4784	1607	2232	527	997	675	4010	4575	2512	3123	3986
4978	1839	1428	1110	410	359	4077	4090	2729	1053	4016	4399	763	3425	980	3927	2174	4295	1475	1881	386	2248	2612	4266	1549	302	1356	3315	550	4886	2073	1281	4228	4795	3424	174	2621	4932	3159	3753	475	1813	2769	3807	4416	3906	995	2316	2013	4407	5023	2194	3953	3053	894	1174	2224	3415	2889	3171	2952	2573	2945	3747	2674	2954	2718	3499	100	853	4293	4991	2687	458	3007	4791	1971	1091	2572	4618	1740	5051	4408	1704	2619	2115	1096	3801	2036	2281	3960	1100	1779	4322	1965	4482	1389	2061	3544	3320	3830
564	778	1594	816	3081	2215	1654	2079	3444	4094	206	1021	4671	4496	3682	4806	2643	4678	492	4500	4840	1289	2831	2762	4647	4543	4692	1848	4264	4591	1346	3441	4093	4794	499	3947	3506	4452	2009	2740	4526	356	4480	222	3922	2544	1251	149	4631	4429	368	4876	4328	1007	2092	2962	1507	2352	1638	2447	218	3652	3259	2026	3358	1675	2883	742	3740	100	2037	3429	3078	576	3413	1517	4279	4627	886	664	3436	4408	5051	198	4067	421	770	4448	3669	2337	4766	4433	579	4265	100	578	4813	3938	4935	2672	4428
608	635	4985	696	491	4994	1771	1382	4411	4321	2348	4458	3903	2309	1120	733	3620	3778	1692	286	5014	4950	3142	2566	835	4213	4812	1203	4138	3542	3726	3742	4963	3791	3052	2134	923	3157	2567	712	4594	4734	100	4742	4583	523	100	2879	2384	2195	3951	3386	4369	2413	1928	1613	2426	655	3883	817	2365	4320	1088	3394	100	610	607	214	855	2875	4144	2846	3026	266	127	3187	4697	306	1402	3942	746	1704	198	5051	1264	4105	4381	2253	3681	100	3197	3036	1876	3071	1843	4236	2753	4461	1180	2874	278
4062	679	1345	4162	4360	1394	2844	2144	2090	1956	2790	1198	3581	2901	161	643	1600	2608	1951	2095	546	282	1568	2964	2192	2392	4964	2479	2676	4248	512	3785	417	4510	2840	1128	860	1947	847	2023	3272	2278	4865	100	325	1457	1665	219	728	462	3594	3420	3827	3550	875	1788	2055	407	2908	1792	3538	3466	4706	100	1082	4216	1822	1027	1698	3086	5010	4961	1417	939	1545	4595	143	2720	1150	4928	748	2619	4067	1264	5051	3691	4222	2841	810	1962	4311	4348	3416	3443	2825	496	1588	4822	4388	3442	1224
2069	100	4597	960	205	2437	328	310	3931	834	1840	991	3761	651	1138	3814	2398	2691	683	926	1186	1448	2897	559	1209	832	4239	2781	1533	2758	3229	1189	3976	4942	4127	4338	2808	3253	1602	3375	2087	1213	3126	4327	2430	2342	2255	4856	3616	3622	1554	765	3517	1301	1167	4227	353	4650	3492	3002	1936	3597	2127	4044	4498	1818	3263	2893	3024	2982	120	1595	4039	2513	4195	331	1482	2197	2407	919	720	2115	421	4105	3691	5051	3450	3784	4779	1434	1278	793	4324	3605	2462	3475	2264	1298	1644	2330	2338
4406	220	3066	4392	100	2318	734	1606	4158	1866	3275	3536	1290	1745	2866	1471	4661	4531	111	1018	117	685	3104	2060	2153	1414	1063	5038	1586	3124	1153	3799	224	3514	4176	402	2887	2333	403	4206	4741	2349	3644	3189	2869	297	646	2300	2581	967	3047	100	2071	3432	2579	2502	2722	4878	2895	480	4100	4108	3668	812	1728	3286	369	1696	3264	3949	2738	1886	1888	1025	528	1720	3937	3368	3234	3307	2923	1096	770	4381	4222	3450	5051	2975	233	107	1657	626	3155	941	2100	3464	701	1561	2455	3527	341
2947	3573	2237	2577	2872	3291	915	2186	2265	3354	825	735	2288	4130	136	1052	3125	3876	185	1503	2470	4800	2129	3228	268	4251	1946	1390	3109	1778	1464	807	2873	1528	4471	2711	4691	2039	2326	3351	1806	3763	3697	4610	3826	2591	4613	2580	1226	2811	3049	202	4159	2427	4665	4346	443	505	2277	1773	1500	611	1824	1882	2671	4744	4505	1244	4506	2062	4623	2568	2647	2821	976	1546	3658	100	160	2635	3701	3801	4448	2253	2841	3784	2975	5051	2881	3010	2029	2358	3684	4962	2773	4305	4628	1590	3014	1194	2366
721	1754	3610	4787	1169	704	3520	4717	3374	3025	100	1257	374	4102	379	2083	3175	4643	3757	2670	4450	5005	3511	1411	4844	3421	1401	4289	577	1002	3943	4778	4033	2504	901	798	3422	2412	680	1702	3319	100	1757	619	1684	4290	3913	4340	781	1992	4911	2531	4078	3313	3108	2667	2181	4006	4977	786	750	2385	264	4183	2814	321	2599	3592	2816	4924	2476	1352	2932	4087	3606	4254	1733	1615	1228	535	123	2036	3669	3681	810	4779	233	2881	5051	4529	2116	2461	465	439	1735	5021	2899	3456	4589	2664	100
3021	3076	3297	1011	1980	4043	2176	4696	165	3636	2708	2778	2845	3072	3033	1026	3586	3593	3296	4092	1343	2052	4507	4790	1800	1922	1032	3269	3305	4896	1323	3565	3944	909	642	2054	3407	1136	952	2260	3094	2112	3483	4226	2948	3679	3900	2132	2543	1908	4442	4268	2302	1423	4032	1183	4368	2673	3712	3958	558	3449	4657	2520	2858	2373	384	1038	1084	2147	2552	2040	3583	5001	1787	4601	1513	4520	4417	115	2537	2281	2337	100	1962	1434	107	3010	4529	5051	3057	2772	1480	3971	2966	1821	3772	1807	1598	100	3608
4866	2200	1932	2400	1671	4101	430	100	4982	4404	3708	4453	469	1841	3510	3588	3646	979	1855	2943	2557	560	3116	2332	2969	2469	100	2242	805	423	230	4514	4240	133	4955	4146	3590	572	2133	4041	1836	1098	4578	1865	2140	2958	4137	2593	4172	2179	483	605	2903	2072	1920	2857	1090	3473	3447	100	4241	4258	1340	2299	1527	2783	3898	1990	3805	4720	1710	308	2225	229	1569	1756	3969	1483	489	2713	4784	3960	4766	3197	4311	1278	1657	2029	2116	3057	5051	1435	1599	4285	4680	190	4842	1495	1081	4727	2263
470	2916	3096	1817	4270	100	1160	3907	100	273	3405	3667	3127	530	279	3003	100	4736	1897	1680	2193	4068	1737	1479	736	1834	922	449	1405	100	3629	2775	2075	2473	216	4497	2716	511	784	1580	178	687	1718	2582	2994	4400	2489	2011	2516	2834	4801	3337	3706	2576	129	1037	3716	2623	4951	1008	3440	3379	615	2597	3916	4566	3585	100	2884	601	1556	2341	971	2614	3638	582	1005	4098	3659	2561	1607	1100	4433	3036	4348	793	626	2358	2461	2772	1435	5051	4608	4261	1107	1443	988	1815	2467	1307	1236
3983	4968	100	4702	2957	2855	172	3046	2015	3340	4288	1046	2136	4350	4957	193	2431	4830	105	2379	2345	100	1217	2314	4401	3875	5040	1776	3880	4133	255	631	821	228	2468	1083	4396	4273	3910	4513	2754	2547	3997	4107	2041	242	4745	3739	775	947	647	2432	2226	4023	1742	4666	2539	1016	3825	2103	2498	928	3301	4646	2928	100	1940	2751	3213	2574	1976	2124	3267	3963	1632	1930	1363	1047	1804	177	2232	1779	579	1876	3416	4324	3155	3684	465	1480	1599	4608	5051	1175	1616	4215	3857	1797	4120	823	899
636	3578	4825	4838	2732	2692	913	804	506	2526	1981	1906	4083	4837	1106	2243	3139	3260	3061	4598	2743	2662	1070	3366	2996	4536	1395	4664	4782	2827	4895	3639	1746	3099	132	1317	4363	4255	4063	1296	3765	498	4140	1354	669	1463	4845	3287	3653	2405	100	4835	100	1810	4262	3352	1286	1907	1944	1726	3649	914	4969	4683	3355	613	2138	4203	4986	842	2744	1020	4103	2488	1399	1614	1413	288	1491	2607	527	4322	4265	3071	3443	3605	941	4962	439	3971	4285	4261	1175	5051	3988	4984	755	2187	584	963	905
3290	1124	4119	2076	732	4019	4590	3266	1895	1409	4655	3818	1578	1986	4797	1762	921	1456	3915	2420	2414	4533	464	1054	840	3005	3346	678	3205	1812	1450	1627	1573	4648	1521	4131	1229	4384	1451	2563	4828	4990	280	1400	1357	4970	1254	4586	2362	637	4980	1856	2946	5004	337	4827	703	118	4233	3540	3713	1220	3392	2424	4931	2641	1558	1327	2089	1999	1023	3625	1055	1212	3823	641	1502	4220	4659	4001	997	1965	100	1843	2825	2462	2100	2773	1735	2966	4680	1107	1616	3988	5051	1245	4166	908	934	3237	4211
1325	1893	895	2303	4246	3901	3930	657	1272	2109	2117	1501	1258	485	2478	1358	3029	4807	747	1462	1498	2870	649	4912	2114	4300	1427	4952	3571	2145	1579	3500	2595	1033	100	4476	3462	2702	2813	2063	2805	1064	363	4871	4066	1488	4237	2482	4638	4592	495	3115	2967	2235	1134	2915	1820	1388	4973	4803	3457	227	799	3182	4545	3218	4333	836	2752	3023	1534	4267	2077	3098	4788	3256	3250	231	112	392	675	4482	578	4236	496	3475	3464	4305	5021	1821	190	1443	4215	4984	1245	5051	1066	4245	1914	3151	4190
257	1059	4205	1219	1001	4335	3582	3991	4721	305	4374	3347	3353	3153	254	3128	4380	2045	1504	3817	1051	3338	4921	1248	1767	1079	4571	2161	2032	2703	3815	4234	2965	1092	1291	4577	2120	307	4483	1531	1782	2297	3147	3804	3941	753	3382	1541	2491	4996	1666	1626	4271	942	1252	2485	2310	2610	1775	891	4616	652	3996	314	121	1686	722	4854	3737	3254	970	1235	2739	3965	2620	100	2548	3504	935	195	4010	1389	4813	2753	1588	2264	701	4628	2899	3772	4842	988	3857	755	4166	1066	5051	4286	3365	3670	3230
352	598	1697	2123	3335	846	1564	2474	1729	3783	3068	3516	1330	3704	1093	1369	2824	4165	1612	2527	4296	347	1073	4069	2293	977	209	3612	1184	2914	4465	3671	1894	2104	2359	3378	2066	3105	298	2714	4402	4872	4357	2206	2606	3886	4086	2184	243	4953	4945	4559	4944	2917	548	1874	3285	3433	2448	2907	580	4861	4361	4581	1869	2010	4250	100	3074	2305	1223	2035	1574	1890	3628	1075	1353	3220	1349	260	4575	2061	3938	4461	4822	1298	1561	1590	3456	1807	1495	1815	1797	2187	908	4245	4286	5051	362	4897	2542
4415	4219	4635	2101	3979	2188	3750	2457	3995	3258	866	3467	3607	930	4739	3174	1960	4752	524	2266	3038	1512	946	1909	3393	100	2750	3222	1543	342	2378	4523	1859	1362	654	1168	4640	1550	2603	2822	4303	4229	538	207	3489	1536	4763	1127	1862	3129	2296	3102	4284	1263	1877	4749	2571	1641	4020	4619	4916	2815	4712	1669	4633	513	1227	406	1694	1748	684	1080	1516	3654	213	4941	3209	3001	4085	139	2512	3544	4935	1180	4388	1644	2455	3014	4589	1598	1081	2467	4120	584	934	1914	3365	362	5051	1142	1803
461	2507	4124	4235	3751	2941	4814	4773	537	3348	632	2220	4109	1204	2016	2617	1143	4853	2681	4781	4466	5034	5000	3140	3380	904	3729	2863	950	1904	1487	3173	1510	4884	1959	3775	1381	4568	1875	1830	4511	3787	856	4118	1478	2110	1831	4677	2949	4983	2030	1265	259	3856	4593	1642	2080	3954	4975	3741	618	3321	554	1202	5006	2668	2569	2353	2856	1380	3556	1060	3040	3764	4612	197	602	4888	1163	4344	3123	3320	2672	2874	3442	2330	3527	1194	2664	100	4727	1307	823	963	3237	3151	3670	4897	1142	5051	3345
953	1509	730	3093	415	4905	3045	3745	4550	762	4214	2980	1105	4367	2640	2598	1793	4125	3273	4263	2172	4463	3343	5012	3792	2622	1721	2012	1210	4560	1384	451	2678	2663	4142	2245	2156	226	3235	2131	2851	2685	4893	2202	4703	4469	4414	653	1935	826	2661	2386	1108	791	4769	3121	568	1860	2728	2490	4748	4808	381	327	4181	2686	1537	4563	3240	937	390	917	3811	927	138	2028	238	1794	1760	3999	3986	3830	4428	278	1224	2338	341	2366	100	3608	2263	1236	899	905	4211	4190	3230	2542	1803	3345	5051
