6106	470	4614	1633	2989	4779	548	5080	3607	5942	2611	5462	5578	1923	4191	5802	1084	1929	4613	3871	5560	566	3974	403	1134	4692	463	5247	5039	518	1503	3466	1076	2260	5362	2774	5525	1496	1211	892	2339	1024	1222	2693	5321	2466	4071	5088	2312	3775	665	5518	3310	5431	5922	3744	398	4200	4960	2000	2562	2482	4585	2366	1450	779	3735	5377	1007	4511	802	4060	110	4068	4084	4828	3352	3009	4114	1748	4240	331	5594	3324	3698	5944	1692	482	5572	2962	1957	159	3245	3579	4589	5003	4416	4197	4150	684	704	5608	4153	4201	615	1431	3800	2132	2401	3428	689
470	6106	4174	4516	4979	5235	2981	4179	5696	3619	3369	4693	356	334	6014	5946	1575	4308	2988	380	3947	1847	5769	6083	5513	3754	4758	532	3625	3975	5764	5379	3962	5524	4043	5552	5346	4033	2462	4079	1975	4265	5503	2783	5515	795	4562	2214	230	848	4143	5723	1173	930	4379	5191	2362	828	740	4406	5706	4122	3587	591	3722	110	1444	3478	2584	1615	2869	4031	3923	1336	110	4496	2514	3892	2766	1322	2164	2007	3785	2746	1813	4040	1902	817	5905	3176	3443	1560	1359	4680	4217	2805	2625	2792	5773	5056	433	4521	5849	3198	3505	899	3239	4451	5704	2992	237
4614	4174	6106	579	5530	3847	4474	4330	6086	2109	5326	3796	2831	3388	602	284	5971	1215	1026	2232	1244	4262	5599	5310	5278	2363	568	4513	5176	3079	2488	612	3782	3532	1791	5984	5856	3751	1504	526	5280	5656	190	2286	2208	1290	151	4252	4844	5808	2536	211	5768	1704	4025	1650	4923	1449	4636	4510	2691	1691	311	4488	302	4722	3938	116	4111	1258	919	1236	4887	5722	3640	844	3333	110	2295	1423	3940	3576	1214	2146	2461	4491	5392	468	1110	1388	1499	3154	1021	1792	2665	816	2596	2463	5610	3695	1853	739	2129	110	4394	2290	2640	3385	4013	1402	184
1633	4516	579	6106	3457	2344	719	5899	2195	4917	4792	307	5945	2057	2030	5380	1067	5137	2646	5826	1886	4387	2486	2492	882	2408	5625	3954	459	3447	2673	611	2906	2303	5953	3049	3492	1181	5784	5277	2271	2801	1383	4315	5238	4724	4194	4439	5658	2591	1920	3747	3996	4203	5016	4456	5550	2970	192	1123	3633	3412	498	3755	3767	5007	2690	2947	519	4938	5466	2737	3234	4177	6094	4279	3102	2167	3734	2379	4478	1549	981	990	4422	1804	3950	341	465	1190	5707	5241	3383	110	5775	5259	1783	3718	1971	3426	2156	6032	3908	2202	4127	3912	3884	110	3381	110	5952
2989	4979	5530	3457	6106	4593	1795	820	1579	3003	3343	5666	3620	832	419	1306	5298	3318	2851	3431	164	3882	1279	1801	4438	1071	2244	110	5737	1723	2108	1271	3538	1265	2540	5437	3981	5691	5733	1269	6097	5252	3470	768	4965	5469	2113	1663	4522	759	4136	4762	874	986	1301	2952	3897	160	202	4020	1266	3916	5782	145	5786	5633	1881	4750	4302	1584	702	3452	2649	3603	3726	4298	5540	1502	1230	5354	2336	1698	173	5011	4460	3869	5322	5313	1344	2532	3742	3914	4838	3454	1784	2196	3462	929	3684	5318	4431	1949	1070	3095	1885	5423	4738	5148	438	4306	3181
4779	5235	3847	2344	4593	6106	2374	5756	535	4382	3886	3753	120	5553	5558	333	3599	1891	1200	3439	3242	621	2436	1649	2523	5589	2825	1014	782	3472	3715	2349	3320	3199	4021	3514	3344	2772	460	1009	5562	2048	5509	2389	654	3876	389	3091	937	4249	1524	3653	6045	2789	3669	1533	5284	1088	5110	5891	5389	1589	2512	4037	3227	4137	1871	2377	3283	110	2551	4411	5498	4907	471	4036	4269	4311	1296	1607	3359	5859	3903	4075	4463	4543	2176	476	435	2787	2077	2273	5360	3422	4745	3071	5871	5636	1429	1688	1739	671	4469	2941	4027	2949	4376	3332	3966	1860	5413
548	2981	4474	719	1795	2374	6106	1065	1218	5874	5059	4337	3111	2323	1511	5348	1995	4569	5582	4083	1199	1603	2476	5754	988	1263	1576	5233	5512	1416	1397	516	4113	5920	3825	3130	3758	4470	4807	2902	3895	2020	110	5835	1129	2576	1152	3597	2385	3606	2262	1977	2976	3087	5226	4951	3571	249	4236	1928	2357	4187	5805	291	5418	4014	2086	3575	4723	787	5118	4916	3836	2904	2322	5228	3375	4547	110	3843	767	4749	4006	2656	4414	3827	1243	3267	5197	225	4832	3342	1726	4816	1800	2105	2800	2215	411	1032	2968	5457	3648	4915	1911	4770	2101	2299	4067	4752	5172
5080	4179	4330	5899	820	5756	1065	6106	3417	2398	399	2876	228	212	2572	1252	4358	5836	2114	3106	5452	2157	3411	1539	5050	3941	3341	2688	5807	2850	3248	3989	2309	5821	110	3808	5781	480	5270	884	199	5244	2347	703	4280	1596	1903	2660	3448	4988	747	3817	3418	6105	3702	5967	5260	748	2400	5793	1580	5502	5887	5094	404	738	1277	3662	4868	3453	110	3984	4184	5884	5478	3423	4538	1927	4526	1702	5221	5307	3497	1156	2747	126	6089	4947	3177	497	4004	595	1051	238	2685	1948	5851	3509	233	4169	5408	5117	1365	2875	1417	110	1408	2599	204	5852	4677
3607	5696	6086	2195	1579	535	1218	3417	6106	4531	5374	4182	296	4982	1605	2257	811	1682	2394	2443	4123	2817	1491	3512	2834	5668	1219	2296	4002	4623	1250	4968	3663	2828	5801	2955	2925	781	1467	1030	5755	5949	5903	5482	2120	1831	4349	455	2864	4598	712	3848	5832	5702	5991	2188	5146	765	1669	1681	1448	1426	1955	4993	797	3348	1879	1482	1400	3729	2840	2696	4360	2848	1286	110	4841	4480	3549	2427	3099	3325	3281	5453	2392	3006	5898	5534	1764	3373	1917	4726	2419	1194	512	2041	4019	2231	1216	3148	3291	5004	1737	1597	4829	5592	2416	3186	4164	4507	2130
5942	3619	2109	4917	3003	4382	5874	2398	4531	6106	3353	1063	285	5710	902	4891	5559	4286	143	4198	1566	110	3740	1375	5548	5718	4211	3567	1713	3910	2701	2064	2712	897	5571	2852	2934	1075	1697	194	4098	1354	5792	3329	3677	4180	4377	4615	4319	2888	2341	1235	4700	350	4247	980	3296	3577	2415	1980	4359	110	2971	4401	2795	5475	4546	5935	5443	5013	425	1630	4884	1722	3387	5638	5569	1420	1437	2124	5881	1316	1317	4053	642	5219	6031	887	5325	1377	1984	3421	2450	2420	5651	335	857	253	5441	3471	946	2781	713	5924	5194	5046	427	4452	5762	873	2350
2611	3369	5326	4792	3343	3886	5059	399	5374	3353	6106	1082	4912	3926	4132	4393	1128	5461	1894	4239	3469	2483	3274	3531	1527	5393	3586	1519	1736	3685	4599	2504	4842	4744	835	1440	5673	5344	5190	4381	2785	3485	2399	3738	3557	3823	807	819	4445	5587	3639	396	4850	3476	2620	4294	5708	2405	4579	1436	3944	823	4903	5114	3129	5073	2886	1253	2903	110	4234	2893	138	2885	5934	316	5776	4644	110	1640	5181	1472	2144	2292	1261	5292	4145	5394	146	5319	5010	4804	3790	3656	4835	5657	2897	4403	4059	3456	2633	118	292	2600	4506	269	500	4882	1178	852	1158
5462	4693	3796	307	5666	3753	4337	2876	4182	1063	1082	6106	1604	1160	2706	5125	2329	3675	5336	3269	329	4899	4705	5574	5167	5370	3770	5099	5623	2628	2830	6015	3100	261	2618	735	1583	3430	2054	6026	5072	3073	2811	2924	1573	166	3169	3257	3837	2254	3161	2301	281	3298	5974	3550	2177	2867	3539	1413	2678	2717	3459	2387	4942	2578	1862	4149	4735	110	1283	2249	6059	3134	4428	3631	2782	2837	4673	2636	4879	4925	4637	5894	2084	1850	420	4920	5143	4743	3292	3165	697	2807	2581	382	810	265	3409	1294	1536	2528	2331	5106	6063	4561	1324	1828	2460	5015	328
5578	356	2831	5945	3620	120	3111	228	296	285	4912	1604	6106	5889	339	1637	4512	4928	701	4904	2447	5568	5747	1328	464	682	5507	3743	4275	110	4746	2653	6053	2863	5798	5904	5372	5902	5741	360	3816	1099	5369	6085	299	737	4595	5215	255	3622	5506	4118	5996	5138	1028	110	5150	2937	710	2537	477	3535	2569	3052	633	119	2125	2857	4117	229	1545	2098	3059	2507	4826	1396	4226	3028	2609	2651	4133	5930	3366	4173	4878	2071	4520	2395	5968	5403	4649	4922	1038	4041	799	4375	2495	1719	5397	1424	2367	121	763	686	122	2467	4459	5488	1008	3979	1403
1923	334	3388	2057	832	5553	2323	212	4982	5710	3926	1160	5889	6106	2304	2637	3507	5744	1394	5729	110	3254	216	208	1335	948	1642	5454	191	5514	3637	5358	1787	2148	2638	6011	110	4277	1109	2790	6013	847	250	2433	4185	4997	1994	3107	3946	110	5006	5883	4258	6028	1819	1962	6030	183	5055	1355	3560	3035	3450	2954	2327	5049	5223	2268	2044	1298	2738	2788	3401	1177	4048	1777	5271	2080	140	2127	110	1012	1245	5341	1674	3262	4913	6066	346	2659	2550	2957	5432	3039	728	1410	2471	5531	5626	2769	4854	5999	1838	786	1938	4994	2491	3632	1171	5931	4144
4191	6014	602	2030	419	5558	1511	2572	1605	902	4132	2706	339	2304	6106	3128	5933	3119	624	3027	445	4356	2356	3580	2333	734	1309	4254	3853	4288	5914	4896	4852	4229	1858	4668	1006	6038	987	3805	5031	4444	3121	1188	4665	1762	1896	3034	5327	1169	2915	1124	1090	5045	153	2330	923	2472	1870	718	6095	5107	1973	955	449	5703	3748	112	2509	4667	3124	5275	271	3670	2544	5966	4271	5037	4523	2163	5237	3621	2794	5289	3018	5650	4696	215	2912	2444	5030	5170	4855	4082	3948	110	764	5063	110	5350	839	1601	414	3584	3665	1684	3564	2806	2822	3671	4110
5802	5946	284	5380	1306	333	5348	1252	2257	4891	4393	5125	1637	2637	3128	6106	4115	4353	274	1386	5173	467	1528	5929	3438	1319	268	3314	187	903	4618	2314	1281	991	2961	5000	3905	4408	3581	110	4952	3389	4608	2703	110	2974	1232	3749	1126	5371	236	2029	2005	1419	2982	4889	3776	4741	4290	1330	1422	165	5352	3676	2895	3976	1305	3628	2983	3792	2580	5129	1443	523	736	4453	652	3206	5652	3408	3559	3732	1428	3105	1720	3525	5712	5472	1854	5838	2557	1577	2328	5815	1441	3565	4556	1074	4235	2423	2708	3182	4100	4086	577	3160	2641	2518	5065	4730	2065
1084	1575	5971	1067	5298	3599	1995	4358	811	5559	1128	2329	4512	3507	5933	4115	6106	1935	149	2470	4888	1943	2549	3709	1217	3167	5727	4176	3050	4135	5291	4987	110	5763	4221	2171	685	277	349	5484	700	3508	5897	2050	1865	5888	745	3589	554	842	2575	150	3858	1796	1622	3552	2907	4284	851	5211	2936	6041	3023	4867	3911	3097	724	5956	3510	6046	4326	110	637	2311	603	836	1645	3247	309	2978	5442	2228	1157	956	2246	4824	2237	1667	2024	3717	3336	1593	4333	1418	5136	5643	1368	4890	1493	315	2010	139	1629	5220	2558	6093	1696	1798	3061	2256	5961
1929	4308	1215	5137	3318	1891	4569	5836	1682	4286	5461	3675	4928	5744	3119	4353	1935	6106	5886	3396	1221	157	4709	3347	3481	3063	5109	4830	3993	3112	332	5916	3090	4172	1351	4257	992	4775	2802	1310	860	533	1307	3308	3280	3542	4580	273	895	5564	5544	2959	725	4283	5581	3791	1130	4011	1273	462	3403	4107	5717	2201	3069	5724	2753	5406	4583	6034	4800	3022	246	1877	676	5869	458	3814	5533	5957	2956	3307	4786	5937	4160	4316	3016	5750	1906	2804	5575	110	1990	2263	3338	5526	4698	3019	4659	2110	4383	5541	4682	5947	567	3046	2380	4643	426	625	2474
4613	2988	1026	2646	2851	1200	5582	2114	2394	143	1894	5336	701	1394	624	274	149	5886	6106	1922	2662	1304	2276	3397	3393	1825	4440	337	1507	639	5948	572	5854	3887	1827	2663	1814	541	4596	3010	1898	6040	1289	5399	4672	1782	1567	5561	2711	3739	2877	5639	4941	2251	231	1553	4473	4220	1836	3763	3275	2161	1515	3044	2585	3311	2245	3842	1659	1166	330	3156	3924	3229	6060	4565	2841	5269	4209	4508	4214	4594	3502	2741	3394	854	650	750	1857	2453	3187	3835	967	4849	5676	3530	2045	3209	1042	5438	110	5843	5483	3152	3098	3205	4205	2498	5827	3303	2853
3871	380	2232	5826	3431	3439	4083	3106	2443	4198	4239	3269	4904	5729	3027	1386	2470	3396	1922	6106	1734	2293	3316	614	4631	5054	4396	1773	3585	2003	3158	5500	5364	4544	2780	4106	2718	3666	263	5424	2034	1137	4592	2283	1950	5116	3317	4479	1466	5761	4857	2032	3189	495	5387	128	5203	1120	3258	726	3696	2724	5243	6077	3693	509	1208	806	5973	385	3746	3721	110	4719	4305	690	4944	2784	141	826	2542	1685	5421	4901	444	1406	4424	1899	522	3878	2493	3029	5232	6074	5119	5865	3351	110	2337	2368	1809	1636	2128	5186	5266	2855	1568	4971	203	5742	240
5560	3947	1244	1886	164	3242	1199	5452	4123	1566	3469	329	2447	110	445	5173	4888	1221	2662	1734	6106	130	3276	1988	1363	4910	5256	3943	1349	3048	2613	2272	491	4629	4781	2702	5157	244	4736	3356	2168	3208	4998	5416	2439	1015	1638	3569	2676	3642	4996	5068	2253	198	4751	110	5163	3346	2270	5520	4293	5913	224	840	983	5455	1965	5791	2935	4734	5014	4049	1895	2791	1771	1586	5979	5295	1501	3783	766	1035	918	1904	1725	5624	1036	1993	4880	1924	3424	1884	2100	3865	5299	1205	809	280	5035	2335	3151	4058	5301	3371	376	201	3840	3413	5546	3330	4167
566	1847	4262	4387	3882	621	1603	2157	2817	110	2483	4899	5568	3254	4356	467	1943	157	1304	2293	130	6106	4301	1525	1447	5556	2359	4208	4892	6065	6006	5796	2743	5814	5829	2749	2016	5144	3830	2667	5356	914	574	1248	5067	4430	3651	3214	3756	4954	1484	2519	4397	958	2259	3778	3824	1543	1522	3094	2511	2300	5102	2174	5977	3179	3251	928	5100	2829	4664	2909	2538	1278	3137	3259	5960	4125	4450	4679	5685	2779	1628	4653	110	5383	1552	5385	3766	4228	1106	4657	2316	1048	5980	610	4505	154	4142	2845	789	5675	161	4591	3937	2655	5580	667	675	4225	1944
3974	5769	5599	2486	1279	2436	2476	3411	1491	3740	3274	4705	5747	216	2356	1528	2549	4709	2276	3316	3276	4301	6106	932	4939	185	2814	205	2142	4156	5505	152	2984	110	448	408	4953	630	312	2332	5994	3845	1824	867	5077	2459	1540	5715	2102	5919	1475	5446	2752	248	2218	5670	362	681	833	4634	4165	4674	345	4831	1240	1327	5879	4129	3883	3323	5987	2059	469	2280	110	3266	4686	1174	5198	3833	5481	4260	5422	2037	2083	1111	1785	1808	2241	982	1080	2449	721	6051	4329	818	1555	3714	4295	5943	422	2369	2036	2750	687	2376	1599	582	636	1537	390
403	6083	5310	2492	1801	1649	5754	1539	3512	1375	3531	5574	1328	208	3580	5929	3709	3347	3397	614	1988	1525	932	6106	2832	4572	963	4799	5771	776	5497	2626	2194	2078	2235	4688	4638	158	3699	3184	584	3659	2697	4159	5620	1989	317	5075	4475	760	1889	2252	4639	5401	5412	894	1382	3846	585	5845	5209	2216	3519	2980	110	5145	5206	3527	2258	4120	4624	110	4410	1302	4573	5096	1311	5493	110	679	3885	3475	454	405	2291	5982	4843	110	4759	351	1480	5872	2664	4357	5017	527	2458	4407	242	534	2147	3546	1859	4421	3623	5339	2388	3972	3195	5495	256
1134	5513	5278	882	4438	2523	988	5050	2834	5548	1527	5167	464	1335	2333	3438	1217	3481	3393	4631	1363	1447	4939	2832	6106	2730	210	5528	5086	4369	1648	4919	3284	1631	2135	1608	2756	5074	4839	1969	1455	3757	3874	3802	3261	1671	1427	3554	3217	5337	5306	6023	640	2140	358	180	1010	5329	4121	3141	1068	3618	542	3085	3159	3490	1432	4154	1254	4809	3992	110	2854	3707	904	3534	4436	1933	569	3250	3395	286	2953	5112	2748	1970	939	2812	4732	2878	4983	746	5751	3145	5819	4976	1255	5988	1371	1352	2687	4836	3473	5778	4581	4102	4858	627	1833	2079	629
4692	3754	2363	2408	1071	5589	1263	3941	5668	5718	5393	5370	682	948	734	1319	3167	3063	1825	5054	4910	5556	185	4572	2730	6106	2666	4687	1932	5338	4926	5104	110	4805	1914	3949	926	1754	5637	896	235	4950	1750	1229	294	5160	5433	489	4434	1104	1967	4418	2149	3032	925	3135	6069	5817	2198	1083	4138	2719	5496	3592	6042	4466	5663	6103	4044	1023	5078	5025	3058	270	3025	2313	581	4384	4978	1239	2072	3468	4487	5434	226	2762	3646	6101	5062	972	5105	792	5535	1280	2210	2274	3015	3236	5780	4213	4600	5609	3691	1101	4943	5058	5249	393	4055	3076	2190
463	4758	568	5625	2244	2825	1576	3341	1219	4211	3586	3770	5507	1642	1309	268	5727	5109	4440	4396	5256	2359	2814	963	210	2666	6106	1945	3460	3672	3553	2969	110	1840	3207	3081	4900	515	4684	4590	4930	4621	1676	4625	556	4047	552	4485	1179	4078	264	2438	377	962	770	2713	2159	5335	3486	2053	3033	5661	1380	4345	2421	193	2319	2429	2592	2306	1366	1546	2315	1976	5682	3398	386	3084	4155	227	4309	1882	4264	2786	2777	387	5680	754	4012	1454	2261	2437	2425	1347	5909	1521	2182	3162	3319	5264	5577	938	2275	599	2343	997	5090	951	499	2505	314
5247	532	4513	3954	110	1014	5233	2688	2296	3567	1519	5099	3743	5454	4254	3314	4176	4830	337	1773	3943	4208	205	4799	5528	4687	1945	6106	1373	1133	2985	4259	2898	859	1339	4785	3074	2681	2082	4689	3818	908	2278	1291	2700	1547	110	115	3503	2865	4016	2560	3363	3211	125	4409	977	3641	4962	1996	110	188	3562	1020	2502	5166	4063	3540	2725	3004	287	3066	4497	3998	5122	5426	4056	4175	2553	3654	4574	2565	3197	559	3968	1518	1220	3616	3136	430	4344	110	1718	2372	4695	2645	2169	501	1027	3191	3168	4793	3797	2913	148	6047	2073	132	110	4518	3647
5039	3625	5176	459	5737	782	5512	5807	4002	1713	1736	5623	4275	191	3853	187	3050	3993	1507	3585	1349	4892	2142	5771	5086	1932	3460	1373	6106	1131	5071	2206	5231	1415	110	775	5860	5890	576	4633	2559	4219	5677	1409	5557	4001	2595	1807	5487	3516	2710	1705	4317	1612	1350	4787	1892	1634	239	2768	1340	1664	1089	5917	4533	588	2858	4261	3960	5253	4895	1385	821	1000	4635	656	4865	4148	5939	3166	5213	5113	3762	4008	174	4540	563	1789	2680	5158	4291	3820	5785	2095	6082	1763	1233	5242	401	3056	5034	2944	1661	5092	3983	3083	2106	2074	5311	306	2440
518	3975	3079	3447	1723	3472	1416	2850	4623	3910	3685	2628	110	5514	4288	903	4135	3112	639	2003	3048	6065	4156	776	4369	5338	3672	1133	1131	6106	5240	4654	2522	1639	5214	2923	1887	5201	5630	4545	1276	1823	1231	3011	3142	2166	1548	2085	3204	2018	4670	2905	410	4969	3645	4587	3271	3256	5634	4178	5563	3057	487	2354	2674	5766	3235	2042	3312	5001	4535	5060	3370	5447	4263	2554	4612	1332	1767	4147	5489	4940	1541	1077	4166	5020	3143	1356	4390	6020	5115	2353	1941	1693	3483	1620	5545	4881	808	3042	2728	5473	1873	6049	4425	4484	861	1978	841	1931	1353
1503	5764	2488	2673	2108	3715	1397	3248	1250	2701	4599	2830	4746	3637	5914	4618	5291	332	5948	3158	2613	6006	5505	5497	1648	4926	3553	2985	5071	5240	6106	1651	413	110	4626	1483	774	4312	3608	1747	110	4139	4542	1756	4367	4023	4934	2997	1765	3109	384	3772	279	954	1029	5159	4820	4837	2616	223	1228	478	1778	4325	4318	1987	1462	2076	3078	560	596	3215	2087	4339	1710	289	3118	3787	5187	677	824	2022	6078	2950	1817	6001	6056	4490	4364	2849	144	3810	2648	4109	5593	344	910	2178	669	1072	947	4462	3902	5555	1287	5963	1746	4322	544	2692	5285
3466	5379	612	611	1271	2349	516	3989	4968	2064	2504	6015	2653	5358	4896	2314	4987	5916	572	5500	2272	5796	152	2626	4919	5104	2969	4259	2206	4654	1651	6106	2481	5133	5728	1662	1091	1346	5975	2326	1703	1474	5725	3611	4230	5124	514	5485	4603	3605	2352	3529	2583	4183	110	5024	5770	6061	2891	155	4876	2991	1960	4783	3543	1506	609	1018	2485	1393	3031	2754	1709	3959	110	3674	5149	2039	2582	4130	1389	3410	4189	1964	1249	4481	6081	5246	2644	2180	1197	3155	2012	4959	4088	2543	2679	4894	2764	2456	2684	1237	961	553	1102	1986	5705	450	5765	4840	1818
1076	3962	3782	2906	3538	3320	4113	2309	3663	2712	4842	3100	6053	1787	4852	1281	110	3090	5854	5364	491	2743	2984	2194	3284	110	110	2898	5231	2522	413	2481	6106	5877	4399	370	876	1202	323	4645	5027	4609	2683	6002	3054	1138	5875	1869	3146	2404	2103	5222	391	3175	2052	5411	1185	5597	2382	3183	4157	2040	1143	1333	4494	2797	5811	176	5205	1852	2928	443	4299	4875	979	3900	2729	5619	5499	2513	5777	3499	3378	5033	651	562	1939	5716	5896	2229	2763	5435	2861	2987	3287	4704	695	4351	634	1114	5293	343	2189	4703	1425	5217	2943	340	4090	1201	4661
2260	5524	3532	2303	1265	3199	5920	5821	2828	897	4744	261	2863	2148	4229	991	5763	4172	3887	4544	4629	5814	110	2078	1631	4805	1840	859	1415	1639	110	5133	5877	6106	209	1204	5200	4093	5985	952	266	3904	3238	6029	4986	5720	1509	1337	5932	1609	2055	2745	3225	1045	5151	3230	4365	5822	3804	6025	3350	5184	1926	5081	3021	4300	5083	3391	638	4405	1172	218	3365	2191	2541	1981	1412	3331	5363	4095	1256	5743	207	2266	5834	798	4336	3188	2879	1361	5265	4999	4778	659	5023	4756	601	6071	2526	5463	999	4806	409	3477	3253	5614	5398	934	3088	1195	2803
5362	4043	1791	5953	2540	4021	3825	110	5801	5571	835	2618	5798	2638	1858	2961	4221	1351	1827	2780	4781	5829	448	2235	2135	1914	3207	1339	110	5214	4626	5728	4399	209	6106	3650	1093	2836	4866	2661	4909	4967	1876	2816	5225	4018	1392	517	1564	5304	2452	3449	3345	4845	3777	5257	600	5892	5542	4077	1832	3123	5305	2160	4554	4763	5193	4320	110	5504	2265	3918	723	1315	5312	1060	1381	1187	3511	304	322	1461	1154	1360	1041	2310	3701	3116	3986	272	4423	653	869	3859	4272	5334	1733	133	2654	5028	3185	506	3681	508	3038	3855	658	110	1557	1811	2364
2774	5552	5984	3049	5437	3514	3130	3808	2955	2852	1440	735	5904	6011	4668	5000	2171	4257	2663	4106	2702	2749	408	4688	1608	3949	3081	4785	775	2923	1483	1662	370	1204	3650	6106	3030	1658	2548	5439	1136	2090	3237	1086	1369	2442	2298	3873	6076	1300	5202	4482	437	1845	964	3788	5066	4527	5653	2006	4170	5659	2627	2965	5405	1744	1370	524	2165	1387	812	3927	2004	4449	3467	843	295	1497	3596	5019	3566	2091	4708	2468	622	2104	3012	110	4869	5551	2758	6003	1802	1991	1569	3995	3921	5309	4929	5276	570	1148	1433	5529	2414	2063	5139	796	4918	4099	5648
5525	5346	5856	3492	3981	3344	3758	5781	2925	2934	5673	1583	5372	110	1006	3905	685	992	1814	2718	5157	2016	4953	4638	2756	926	4900	3074	5860	1887	774	1091	876	5200	1093	3030	6106	6050	5012	5378	4560	4611	5436	4575	4348	4245	4602	2238	1572	4784	2846	5230	1037	2264	5635	1799	3053	4457	3232	5239	5111	5667	2612	354	3406	5840	4980	5154	2739	3210	3494	3829	2726	5959	4906	4502	3627	5263	1700	822	4233	4933	2294	1731	3687	1479	1582	1594	5333	3295	4489	3655	5789	2431	863	727	267	663	3821	2973	1772	969	1672	1706	3920	1446	5216	5255	1829	3850	2958
1496	4033	3751	1181	5691	2772	4470	480	781	1075	5344	3430	5902	4277	6038	4408	277	4775	541	3666	244	5144	630	158	5074	1754	515	2681	5890	5201	4312	1346	1202	4093	2836	1658	6050	6106	1708	3971	2424	4973	1665	3212	3610	2601	2371	2916	1570	1907	3240	3724	5168	2818	4570	2675	3664	2998	308	2056	232	3730	4729	3704	2285	2793	4519	5926	4620	693	1391	1992	2760	2579	4776	110	5022	1345	1184	757	3799	1213	5165	3801	4464	5804	2721	3043	2735	1574	2529	2490	4477	1259	2652	1118	439	2432	3680	3131	1530	4237	5644	6064	416	2345	5647	4039	4862	3445	762
1211	2462	1504	5784	5733	460	4807	5270	1467	1697	5190	2054	5741	1109	987	3581	349	2802	4596	263	4736	3830	312	3699	4839	5637	4684	2082	576	5630	3608	5975	323	5985	4866	2548	5012	1708	6106	2561	4000	3999	4955	2475	2351	4140	3070	1139	2642	392	4427	1313	5087	4202	3082	2282	252	110	3547	3285	804	1591	260	336	940	6019	539	3600	4528	2643	1438	571	3407	5486	4468	2240	957	1069	3328	1673	3832	3313	2709	4074	1959	3196	113	778	672	461	4873	3875	1108	1728	1724	2669	5693	5660	680	4647	3809	1003	655	2066	412	1260	4814	1338	788	4222	1919
892	4079	526	5277	1269	1009	2902	884	1030	194	4381	6026	360	2790	3805	110	5484	1310	3010	5424	3356	2667	2332	3184	1969	896	4590	4689	4633	4545	1747	2326	4645	952	2661	5439	5378	3971	2561	6106	4274	4070	5797	3686	5694	5396	4092	785	114	2604	4417	4321	5721	2588	605	5536	494	1435	1592	780	3368	5600	110	2574	2771	587	1312	3446	1760	3096	936	6079	2759	5616	5051	2289	546	3781	2733	2224	1510	5701	985	5047	4641	2324	1619	2606	347	3807	2089	5709	891	3200	1079	4597	3793	1168	4872	4974	5208	6055	3498	2839	5698	4989	1714	301	5365	357	1666
2339	1975	5280	2271	6097	5562	3895	199	5755	4098	2785	5072	3816	6013	5031	4952	700	860	1898	2034	2168	5356	5994	584	1455	235	4930	3818	2559	1276	110	1703	5027	266	4909	1136	4560	2424	4000	4274	6106	922	1653	4354	4034	1872	3682	2516	1958	2489	2233	4419	872	1321	3002	278	4885	5101	1815	784	3040	4564	369	5089	3615	976	5613	4541	2027	4248	2145	1411	794	3657	699	1151	2744	589	4604	3864	803	3278	3263	1251	751	456	418	4331	3404	2116	1523	5342	1834	2778	3024	2184	4970	2899	1013	361	2209	5082	2658	5283	4094	5567	5788	1212	3367	5523	2815
1024	4265	5656	2801	5252	2048	2020	5244	5949	1354	3485	3073	1099	847	4444	3389	3508	533	6040	1137	3208	914	3845	3659	3757	4950	4621	908	4219	1823	4139	1474	4609	3904	4967	2090	4611	4973	3999	4070	922	6106	3068	2993	662	965	5153	3737	5227	4171	664	4529	5128	1644	4442	4441	1085	5617	5740	5915	2866	845	1043	234	4610	5858	110	2525	4350	2770	3372	3294	920	2340	998	2136	1367	875	5464	968	170	1805	3771	2862	594	3222	4292	110	4773	3893	1982	1342	3115	1517	2412	4089	752	5179	525	4030	3241	2496	880	4568	415	1374	5820	177	580	5794	2162
1222	5503	190	1383	3470	5509	110	2347	5903	5792	2399	2811	5369	250	3121	4608	5897	1307	1289	4592	4998	574	1824	2697	3874	1750	1676	2278	5677	1231	4542	5725	2683	3238	1876	3237	5436	1665	4955	5797	1653	3068	6106	1094	5449	2926	4218	5714	3673	3270	1538	1735	1712	169	4388	2406	5026	283	3881	1183	1326	5174	2908	1439	2403	578	3831	4584	5700	3889	5328	678	3750	5584	1262	5460	6036	3149	5579	3036	1909	694	3558	5494	3322	3719	1905	5605	2624	5084	3931	325	2761	2994	753	4080	3014	4372	5180	3528	597	1059	3062	6099	3228	3643	1297	1520	4413	3982	6073
2693	2783	2286	4315	768	2389	5835	703	5482	3329	3738	2924	6085	2433	1188	2703	2050	3308	5399	2283	5416	1248	867	4159	3802	1229	4625	1291	1409	3011	1756	3611	6002	6029	2816	1086	4575	3212	2475	3686	4354	2993	1094	6106	324	1779	1683	1851	3764	4739	5824	5444	1758	4395	3433	2051	3877	5402	2723	5491	1153	4851	531	5477	3321	3769	3716	1616	3932	4346	683	5989	3304	5806	1140	2435	3536	1623	5618	2499	4747	2868	1635	3533	2847	5603	3358	5357	3374	2219	3113	1972	2375	4297	1729	3334	1142	5731	1272	4701	1325	110	2017	1627	5156	4911	1274	5895	1821	5425	5810
5321	5515	2208	5238	4965	654	1129	4280	2120	3677	3557	1573	299	4185	4665	110	1865	3280	4672	1950	2439	5067	5077	5620	3261	294	556	2700	5557	3142	4367	4230	3054	4986	5225	1369	4348	3610	2351	5694	4034	662	5449	324	6106	4017	3429	909	4285	1908	5672	4795	110	5539	5848	3104	2939	3952	3614	2092	1005	4476	5324	2843	5320	5565	2623	258	4902	4392	1534	4343	3005	4790	966	1759	5070	2115	181	6000	5273	2338	5218	2025	3305	3683	1379	1598	1614	2533	708	1167	2824	490	2126	4961	1132	4710	110	3523	135	5076	4558	1238	110	2099	866	877	3515	3465	4963
2466	795	1290	4724	5469	3876	2576	1596	1831	4180	3823	166	737	4997	1762	2974	5888	3542	1782	5116	1015	4430	2459	1989	1671	5160	4047	1547	4001	2166	4023	5124	1138	5720	4018	2442	4245	2601	4140	5396	1872	965	2926	1779	4017	6106	4676	5316	921	4253	297	1227	742	2545	1626	1953	3380	5332	4628	3504	1512	4740	3953	5674	4500	608	4328	3723	4492	4720	3866	2203	5921	945	3315	4398	4152	2808	3223	4256	2170	4281	2422	2948	2775	5361	643	4455	2138	5428	1115	4085	864	995	5837	6091	2940	4694	4134	110	367	4822	2186	1476	598	3898	2501	989	4514	862	858
4071	4562	151	4194	2113	389	1152	1903	4349	4377	807	3169	4595	1994	1896	1232	745	4580	1567	3317	1638	3651	1540	317	1427	5433	552	110	2595	1548	4934	514	5875	1509	1392	2298	4602	2371	3070	4092	3682	5153	4218	1683	3429	4676	6106	3522	3480	4199	3127	3857	5687	2234	1587	2448	3789	1285	1505	4764	3890	110	4313	5870	1384	1863	2212	5095	4769	2917	2250	479	6009	1087	2842	5790	4627	1781	2751	4791	931	4586	1675	5366	1613	2900	2173	5009	5850	2901	1715	5654	451	4504	3282	2454	1562	4289	4550	3037	1161	5108	3139	1888	974	4010	2118	1606	378	3689	5384
5088	2214	4252	4439	1663	3091	3597	2660	455	4615	819	3257	5215	3107	3034	3749	3589	273	5561	4479	3569	3214	5715	5075	3554	489	4485	115	1807	2085	2997	5485	1869	1337	517	3873	2238	2916	1139	785	2516	3737	5714	1851	909	5316	3522	6106	2154	3103	2819	110	5300	2833	5537	2269	5368	1670	3150	1717	5641	5323	3243	688	3221	4332	2503	110	1680	179	1893	5885	110	3844	3588	1241	2204	1963	110	4721	381	3290	2112	3649	5103	4536	543	117	2021	5258	1034	3638	5853	3551	5800	110	3301	4052	4655	1687	5595	5032	4548	5981	1282	4273	3517	348	1186	4801	6054
2312	230	4844	5658	4522	937	2385	3448	2864	4319	4445	3837	255	3946	5327	1126	554	895	2711	1466	2676	3756	2102	4475	3217	4434	1179	3503	5487	3204	1765	4603	3146	5932	1564	6076	1572	1570	2642	114	1958	5227	3673	3764	4285	921	3480	2154	6106	1016	3017	2547	3752	3891	4204	5866	5287	3255	213	195	3925	1485	1934	5479	4267	2856	1334	110	743	2715	3644	2248	3170	1979	5347	2418	1732	5345	3110	6037	5719	2995	5005	3020	716	3963	3000	2844	2757	293	898	4073	5210	1364	1624	3624	2996	3574	1769	6052	4062	2634	941	3967	3226	5958	5021	3964	2325	3760	189
3775	848	5808	2591	759	4249	3606	4988	4598	2888	5587	2254	3622	110	1169	5371	842	5564	3739	5761	3642	4954	5919	760	5337	1104	4078	2865	3516	2018	3109	3605	2404	1609	5304	1300	4784	1907	392	2604	2489	4171	3270	4739	1908	4253	4199	3103	1016	6106	5248	2281	5294	1192	5390	3609	2894	1740	4515	2567	1558	3572	5830	5036	5282	769	801	1711	379	3092	111	3819	5602	440	1308	1841	4161	777	5867	1135	5097	5451	4551	575	3862	3419	668	1918	1757	1054	3700	3339	3233	2390	417	3300	5492	6070	2911	1897	3919	1513	2826	5315	2809	110	3026	5726	4905	5878	1738
665	4143	2536	1920	4136	1524	2262	747	712	2341	3639	3161	5506	5006	2915	236	2575	5544	2877	4857	4996	1484	1475	1889	5306	1967	264	4016	2710	4670	384	2352	2103	2055	2452	5202	2846	3240	4427	4417	2233	664	1538	5824	5672	297	3127	2819	3017	5248	6106	3219	2932	4276	850	4426	3703	4268	1049	6068	3591	4699	2896	993	5519	761	4323	1189	4761	2921	2963	5245	1022	2227	5142	5527	4374	3854	2534	4811	2308	3252	3513	2393	2506	696	1602	5290	1209	3001	5171	3839	805	4946	5738	2933	3007	1842	4990	1460	3077	2986	583	1997	197	2172	5207	942	110	3194	3537
5518	5723	211	3747	4762	3653	1977	3817	3848	1235	396	2301	4118	5883	1124	2029	150	2959	5639	2032	5068	2519	5446	2252	6023	4418	2438	2560	1705	2905	3772	3529	5222	2745	3449	4482	5230	3724	1313	4321	4419	4529	1735	5444	4795	1227	3857	110	2547	2281	3219	6106	1890	5085	1526	5906	3636	4794	3826	1529	2500	1816	483	5382	856	3759	1730	492	4935	4883	4026	196	4131	644	2061	911	3390	4310	4206	2598	431	355	5759	1866	538	1223	2798	984	628	5621	2307	592	1162	1141	1478	4227	5573	4386	3326	2213	2067	3132	5583	3249	853	1544	3192	3264	973	137	162
3310	1173	5768	3996	874	6045	2976	3418	5832	4700	4850	281	5996	4258	1090	2005	3858	725	4941	3189	2253	4397	2752	4639	640	2149	377	3363	4317	410	279	2583	391	3225	3345	437	1037	5168	5087	5721	872	5128	1712	1758	110	742	5687	5300	3752	5294	2932	1890	6106	4042	4717	5470	1149	4754	5251	4788	2469	2410	646	4338	5823	182	4124	1468	2019	4251	1097	1942	1122	3604	5314	5864	3741	4707	3987	5774	5044	2732	1565	3965	1117	3568	1901	4715	5812	6104	3064	550	2990	4231	110	1559	2999	2810	3652	5041	1331	3678	606	4927	6100	783	394	1477	3157	3957	2883
5431	930	1704	4203	986	2789	3087	6105	5702	350	3476	3298	5138	6028	5045	1419	1796	4283	2251	495	198	958	248	5401	2140	3032	962	3211	1612	4969	954	4183	3175	1045	4845	1845	2264	2818	4202	2588	1321	1644	169	4395	5539	2545	2234	2833	3891	1192	4276	5085	4042	6106	5927	4985	3978	2445	4706	4958	3140	5664	2413	3309	1465	3725	1835	245	3544	5281	5430	2081	1677	2945	4728	4447	3798	978	5134	3072	2183	2239	110	4076	1159	996	3441	3852	2650	905	3231	1486	5061	3803	4966	5029	1647	359	4361	1145	4064	1155	5091	4957	670	3526	4465	5772	5052	691	365
5922	4379	4025	5016	1301	3669	5226	3702	5991	4247	2620	5974	1028	1819	153	2982	1622	5581	231	5387	4751	2259	2218	5412	358	925	770	125	1350	3645	1029	110	2052	5151	3777	964	5635	4570	3082	605	3002	4442	4388	3433	5848	1626	1587	5537	4204	5390	850	1526	4717	5927	6106	5645	5601	4105	4847	5873	3518	2181	4616	254	2672	4995	1062	5596	5130	1595	2520	4651	1542	547	5467	814	1207	1761	3929	4096	453	2568	3013	2614	1913	4380	1656	4818	110	4324	2668	5746	1947	446	933	4856	4151	5940	2677	4024	5923	1270	2480	486	3630	2047	3224	4893	1096	6067	2031
3744	5191	1650	4456	2952	1533	4951	5967	2188	980	4294	3550	110	1962	2330	4889	3552	3791	1553	128	110	3778	5670	894	180	3135	2713	4409	4787	4587	5159	5024	5411	3230	5257	3788	1799	2675	2282	5536	278	4441	2406	2051	3104	1953	2448	2269	5866	3609	4426	5906	5470	4985	5645	6106	3555	1498	4650	3493	3392	3973	831	3193	549	1234	2062	3060	3122	3634	5767	388	6080	5250	2119	4931	5732	4964	4342	288	1930	1936	2428	4697	5990	1125	4848	1937	4355	6035	364	3731	1641	2097	3601	503	3045	5303	4577	1470	4241	4948	4250	4385	4658	5234	1775	2217	2570	520	648
398	2362	4923	5550	3897	5284	3571	5260	5146	3296	5708	2177	5150	6030	923	3776	2907	1130	4473	5203	5163	3824	362	1382	1010	6069	2159	977	1892	3271	4820	5770	1185	4365	600	5066	3053	3664	252	494	4885	1085	5026	3877	2939	3380	3789	5368	5287	2894	3703	3636	1149	3978	5601	3555	6106	1092	2593	2060	1247	1571	2383	3432	5417	290	1830	1341	2464	5155	1066	2979	3872	1064	1867	3951	3794	4232	5590	1561	2358	3218	2914	2451	4813	4753	2727	540	110	131	6044	4238	502	4524	5816	2373	557	1407	3668	1786	2977	3153	5224	626	791	5882	3879	4991	4671	3956	3416
4200	828	1449	2970	160	1088	249	748	765	3577	2405	2867	2937	183	2472	4741	4284	4011	4220	1120	3346	1543	681	3846	5329	5817	5335	3641	1634	3256	4837	6061	5597	5822	5892	4527	4457	2998	110	1435	5101	5617	283	5402	3952	5332	1285	1670	3255	1740	4268	4794	4754	2445	4105	1498	1092	6106	5606	110	3379	5296	1056	2152	1600	2799	2657	2530	4503	4669	3286	2922	5175	4622	3708	5126	2487	2881	3272	4737	3612	5182	4802	878	4103	493	2302	711	3506	3451	3442	3491	3138	2123	2964	2430	5286	2820	318	3658	5779	2689	1116	3697	2305	2882	1925	1946	110	1295	1224
4960	740	4636	192	202	5110	4236	2400	1669	2415	4579	3539	710	5055	1870	4290	851	1273	1836	3258	2270	1522	833	585	4121	2198	3486	4962	239	5634	2616	2891	2382	3804	5542	5653	3232	308	3547	1592	1815	5740	3881	2723	3614	4628	1505	3150	213	4515	1049	3826	5251	4706	4847	4650	2593	5606	6106	6102	3086	4780	561	1956	5317	4652	3436	4718	3458	4287	647	4897	2028	4210	353	1399	3997	3613	5297	2740	1951	3051	1176	692	5554	3720	4555	623	890	3867	110	4404	110	2552	641	257	4812	110	1535	1463	565	893	3360	3894	2597	4563	4864	4619	4065	3277	5042
2000	4406	4510	1123	4020	5891	1928	5793	1681	1980	1436	1413	2537	1355	718	1330	5211	462	3763	726	5520	3094	4634	5845	3141	1083	2053	1996	2768	4178	223	155	3183	6025	4077	2006	5239	2056	3285	780	784	5915	1183	5491	2092	3504	4764	1717	195	2567	6068	1529	4788	4958	5873	3493	2060	110	6102	6106	2967	755	5279	423	2838	4819	5501	3327	3357	849	1343	167	4437	5627	2297	5120	5053	2068	3065	3297	3117	732	1581	1878	5141	2887	4498	3163	4190	5749	3354	3913	618	1127	2860	2890	3915	1288	5445	4833	1487	5040	722	1098	2546	1040	4768	5188	3178	2197	5420
2562	5706	2691	3633	1266	5389	2357	1580	1448	4359	3944	2678	477	3560	6095	1422	2936	3403	3275	3696	4293	2511	4165	5209	1068	4138	3033	110	1340	5563	1228	4876	4157	3350	1832	4170	5111	232	804	3368	3040	2866	1326	1153	1005	1512	3890	5641	3925	1558	3591	2500	2469	3140	3518	3392	1247	3379	3086	2967	6106	5386	834	1690	2207	3399	3617	3376	510	4373	2360	1147	4054	5400	4517	4493	5665	714	2370	3482	375	2134	2734	6087	1776	3745	251	1654	3279	2284	5912	2384	1998	3461	959	4789	883	5965	5976	5419	3455	1689	1968	4196	3362	3780	5842	2873	282	6084	1940
2482	4122	1691	3412	3916	1589	4187	5502	1426	110	823	2717	3535	3035	5107	165	6041	4107	2161	2724	5913	2300	4674	2216	3618	2719	5661	188	1664	3057	478	2991	2040	5184	3123	5659	5667	3730	1591	5600	4564	845	5174	4851	4476	4740	110	5323	1485	3572	4699	1816	2410	5664	2181	3973	1571	5296	4780	755	5386	6106	1554	5831	731	1193	504	5093	1657	5901	6090	5254	613	327	2096	2556	5458	4539	555	4797	5456	5511	2035	1390	2225	536	1810	5862	1318	2720	4009	436	2411	2479	705	4992	1492	4429	4559	1915	2478	6021	3578	4242	428	5391	4557	4630	607	4128	1999
4585	3587	311	498	5782	2512	5805	5887	1955	2971	4903	3459	2569	3450	1973	5352	3023	5717	1515	5243	224	5102	345	3519	542	5496	1380	3562	1089	487	1778	1960	1143	1926	5305	2627	2612	4729	260	110	369	1043	2908	531	5324	3953	4313	3243	1934	5830	2896	483	646	2413	4616	831	2383	1056	561	5279	834	1554	6106	528	505	485	5057	4223	837	1299	4525	1660	4347	1404	1275	4045	511	310	2139	221	5162	1165	1150	3969	175	2919	3593	1727	6088	2827	3268	1494	4755	5591	1701	4035	6017	4601	5607	2070	5941	2564	5828	1451	5972	2026	994	3936	2009	4571	3582
2366	591	4488	3755	145	4037	291	5094	4993	4401	5114	2387	3052	2954	955	3676	4867	2201	3044	6077	840	2174	4831	2980	3085	3592	4345	1020	5917	2354	4325	4783	1333	5081	2160	2965	354	3704	336	2574	5089	234	1439	5477	2843	5674	5870	688	5479	5036	993	5382	4338	3309	254	3193	3432	2152	1956	423	1690	5831	528	6106	970	632	715	3860	368	474	1578	4823	371	5970	2141	5267	4936	110	374	2247	4576	3713	466	5880	2524	402	276	3382	4817	1590	1226	1376	2075	927	900	5855	2555	793	4742	4116	5844	6008	1617	2226	4307	5863	2205	1095	2158	2185	2639
1450	3722	302	3767	5786	3227	5418	404	797	2795	3129	4942	633	2327	449	2895	3911	3069	2585	3693	983	5977	1240	110	3159	6042	2421	2502	4533	2674	4318	3543	4494	3021	4554	5405	3406	2285	940	2771	3615	4610	2403	3321	5320	4500	1384	3221	4267	5282	5519	856	5823	1465	2672	549	5417	1600	5317	2838	2207	731	505	970	6106	5476	1745	1532	586	1766	434	4420	1050	5261	110	5415	666	4446	2910	2049	5628	4530	110	5964	773	1618	1883	1952	790	1686	2796	674	2517	2348	3335	1456	530	4467	2694	2396	171	5629	4303	4192	537	5517	3041	4748	1610	5566	4765
779	110	4722	5007	5633	4137	4014	738	3348	5475	5073	2578	119	5049	5703	3976	3097	5724	3311	509	5455	3179	1327	5145	3490	4466	193	5166	588	5766	1987	1506	2797	4300	4763	1744	5840	2793	6019	587	976	5858	578	3769	5565	608	1863	4332	2856	769	761	3759	182	3725	4995	1234	290	2799	4652	4819	3399	1193	485	632	5476	6106	1196	1031	4777	6048	3906	3688	1983	2966	4193	3437	1678	953	4877	5373	3289	3202	1655	5783	4972	110	3896	6016	3815	2153	2192	4945	4861	2617	496	3727	1105	5809	4566	2193	2287	5381	2615	2277	178	645	3705	3125	5950	2187	558
3735	1444	3938	2690	1881	1871	2086	1277	1879	4546	2886	1862	2125	5223	3748	1305	724	2753	2245	1208	1965	3251	5879	5206	1432	5663	2319	4063	2858	3235	1462	609	5811	5083	5193	1370	4980	4519	539	1312	5613	110	3831	3716	2623	4328	2212	2503	1334	801	4323	1730	4124	1835	1062	2062	1830	2657	3436	5501	3617	504	5057	715	1745	1196	6106	5570	5440	1405	889	5699	4937	4924	2121	5983	6075	4914	4714	1057	5196	5669	1473	1055	3340	300	3733	5516	2880	217	2722	2200	407	2608	5962	888	4005	4212	5008	1180	472	1323	1210	5585	3337	5681	2871	906	4534	2736	5543
5377	3478	116	2947	4750	2377	3575	3662	1482	5935	1253	4149	2857	2268	112	3628	5956	5406	3842	806	5791	928	4129	3527	4154	6103	2429	3540	4261	2042	2076	1018	176	3391	4320	524	5154	5926	3600	3446	4541	2525	4584	1616	258	3723	5095	110	110	1711	1189	492	1468	245	5596	3060	1341	2530	4718	3327	3376	5093	4223	3860	1532	1031	5570	6106	3935	2686	1414	200	5986	815	5688	4186	1849	319	220	1046	2773	5748	5508	5683	5410	1264	156	4368	3711	3841	4725	4796	5547	5429	4141	3779	4509	5833	1044	825	4483	4215	1848	1329	2355	2088	924	1004	4188	3761	5043
1007	2584	4111	519	4302	3283	4723	4868	1400	5443	2903	4735	4117	2044	2509	2983	3510	4583	1659	5973	2935	5100	3883	2258	1254	4044	2592	2725	3960	3312	3078	2485	5205	638	110	2165	2739	4620	4528	1760	2027	4350	5700	3932	4902	4492	4769	1680	743	379	4761	4935	2019	3544	5130	3122	2464	4503	3458	3357	510	1657	837	368	586	4777	5440	3935	6106	5048	4860	2484	1770	4662	3863	1058	5288	3265	4282	5152	168	2631	5671	3349	741	1434	4798	529	1806	3364	4642	1793	3521	4243	2931	3427	758	3361	3108	6057	886	6039	1348	4389	373	2975	4712	1464	3907	3690	142
4511	1615	1258	4938	1584	110	787	3453	3729	5013	110	110	229	1298	4667	3792	6046	6034	1166	385	4734	2829	3323	4120	4809	1023	2306	3004	5253	5001	560	1393	1852	4405	5504	1387	3210	693	2643	3096	4248	2770	3889	4346	4392	4720	2917	179	2715	3092	2921	4883	4251	5281	1595	3634	5155	4669	4287	849	4373	5901	1299	474	1766	6048	1405	2686	5048	6106	3133	6033	2236	2605	1868	1378	5414	1954	1284	573	3660	3692	5204	3055	1033	5803	4007	2872	4412	4224	4362	5697	2938	3293	720	3629	1488	2441	5274	3712	473	5471	2577	1556	5993	2515	2069	3220	5132	4588	1017
802	2869	919	5466	702	2551	5118	110	2840	425	4234	1283	1545	2738	3124	2580	4326	4800	330	3746	5014	4664	5987	4624	3992	5078	1366	287	4895	4535	596	3031	2928	1172	2265	812	3494	1391	1438	936	2145	3372	5328	683	1534	3866	2250	1893	3644	111	2963	4026	1097	5430	2520	5767	1066	3286	647	1343	2360	6090	4525	1578	434	3906	889	1414	4860	3133	6106	707	4314	3822	4069	6098	2635	2426	4731	3171	2386	2417	2477	4335	2527	424	1551	1742	698	813	4246	3736	3440	4827	2884	3570	5331	4091	4898	2587	3985	3667	3930	3420	4032	5121	3299	4050	6062	3813	1910
4060	4031	1236	2737	3452	4411	4916	3984	2696	1630	2893	2249	2098	2788	5275	5129	110	3022	3156	3721	4049	2909	2059	110	110	5025	1546	3066	1385	5060	3215	2754	443	218	3918	3927	3829	1992	571	6079	1411	3294	678	5989	4343	2203	479	5885	2248	3819	5245	196	1942	2081	4651	388	2979	2922	4897	167	1147	5254	1660	4823	4420	3688	5699	200	2484	6033	707	6106	709	5480	871	484	2531	1052	5161	5841	163	5353	4821	5169	3164	2705	421	2821	442	3415	4029	5955	2221	1490	1974	5490	5745	1864	3868	1182	4666	1242	4984	3495	4340	4956	4949	975	1500	481	3244
110	3923	4887	3234	2649	5498	3836	4184	4360	4884	138	6059	3059	3401	271	1443	637	246	3924	110	1895	2538	469	4410	2854	3058	2315	4497	821	3370	2087	1709	4299	3365	723	2004	2726	2760	3407	2759	794	920	3750	3304	3005	5921	6009	110	3170	5602	1022	4131	1122	1677	1542	6080	3872	5175	2028	4437	4054	613	4347	371	1050	1983	4937	5986	1770	2236	4314	709	6106	3710	2008	4402	262	3811	2243	717	3126	5711	2046	222	1489	4803	1430	3246	5662	1880	4163	3496	4767	6004	3434	5349	3008	4495	5649	259	4640	3405	3464	3980	5631	4458	2622	800	5992	1741	5177
4068	1336	5722	4177	3603	4907	2904	5884	2848	1722	2885	3134	2507	1177	3670	523	2311	1877	3229	4719	2791	1278	2280	1302	3707	270	1976	3998	1000	5447	4339	3959	4875	2191	1315	4449	5959	2579	5486	5616	3657	2340	5584	5806	4790	945	1087	3844	1979	440	2227	644	3604	2945	547	5250	1064	4622	4210	5627	5400	327	1404	5970	5261	2966	4924	815	4662	2605	3822	5480	3710	6106	452	4432	3444	3425	3180	2942	830	2111	1716	635	1797	5448	3501	2397	5079	5893	4975	4810	2455	3120	1751	3302	3524	5038	2133	129	4853	1267	110	5938	4874	275	5752	4675	3487	172	342
4084	110	3640	6094	3726	471	2322	5478	1286	3387	5934	4428	4826	4048	2544	736	603	676	6060	4305	1771	3137	110	4573	904	3025	5682	5122	4635	4263	1710	110	979	2541	5312	3467	4906	4776	4468	5051	699	998	1262	1140	966	3315	2842	3588	5347	1308	5142	2061	5314	4728	5467	2119	1867	3708	353	2297	4517	2096	1275	2141	110	4193	2121	5688	3863	1868	4069	871	2008	452	6106	5799	4683	673	2671	3861	2320	2704	3812	960	2402	2334	2288	5135	1191	305	4808	1401	1846	5147	2211	5918	1053	441	4028	5376	2220	5839	5908	2137	4772	1588	4578	206	2175	2699	5612
4828	4496	844	4279	4298	4036	5228	3423	110	5638	316	3631	1396	1777	5966	4453	836	5869	4565	690	1586	3259	3266	5096	3534	2313	3398	5426	656	2554	289	3674	3900	1981	1060	843	4502	110	2240	2289	1151	2136	5460	2435	1759	4398	5790	1241	2418	1841	5527	911	5864	4447	814	4931	3951	5126	1399	5120	4493	2556	4045	5267	5415	3437	5983	4186	1058	1378	6098	484	4402	4432	5799	6106	1002	5611	4244	5522	1458	3067	3583	1246	3174	5395	1752	5730	3173	4168	2767	4871	4648	4870	397	1421	971	110	1531	6043	4846	3694	3075	4702	4334	4711	4537	564	3541	5936	1668
3352	2514	3333	3102	5540	4269	3375	4538	4841	5569	5776	2782	4226	5271	4271	652	1645	458	2841	4944	5979	5960	4686	1311	4436	581	386	4056	4865	4612	3118	5149	2729	1412	1381	295	3627	5022	957	546	2744	1367	6036	3536	5070	4152	4627	2204	1732	4161	4374	3390	3741	3798	1207	5732	3794	2487	3997	5053	5665	5458	511	4936	666	1678	6075	1849	5288	5414	2635	2531	262	3444	4683	1002	6106	1047	1961	3706	4341	2742	366	2223	2647	3288	1495	3080	4766	2318	3203	6012	1743	5064	2707	1856	5813	551	5404	4771	395	2150	110	1372	4195	2465	2632	2695	3626	3047	2682
3009	3892	110	2167	1502	4311	4547	1927	4480	1420	4644	2837	3028	2080	5037	3206	3247	3814	5269	2784	5295	4125	1174	5493	1933	4384	3084	4175	4148	1332	3787	2039	5619	3331	1187	1497	5263	1345	1069	3781	589	875	3149	1623	2115	2808	1781	1963	5345	777	3854	4310	4707	978	1761	4964	4232	2881	3613	2068	714	4539	310	110	4446	953	4914	319	3265	1954	2426	1052	3811	3425	673	5611	1047	6106	2535	917	3922	2058	4448	2409	2242	1198	4370	2573	110	5409	3901	1107	2407	2594	2920	943	1303	4660	6022	110	6024	447	1100	4255	3834	4663	1453	4266	5189	3990	2889
4114	2766	2295	3734	1230	1296	110	4526	3549	1437	110	4673	2609	140	4523	5652	309	5533	4209	141	1501	4450	5198	110	569	4978	4155	2553	5939	1767	5187	2582	5499	5363	3511	3596	1700	1184	3328	2733	4604	5464	5579	5618	181	3223	2751	110	3110	5867	2534	4206	3987	5134	3929	4342	5590	3272	5297	3065	2370	555	2139	374	2910	4877	4714	220	4282	1284	4731	5161	2243	3180	2671	4244	1961	2535	6106	5655	5632	1585	2859	2014	3977	5367	2716	5185	5692	4126	5521	313	4207	2603	3463	3806	3856	3435	6096	5689	5695	383	3942	1900	1225	1822	5925	4727	4678	5825	4270
1748	1322	1423	2379	5354	1607	3843	1702	2427	2124	1640	2636	2651	2127	2163	3408	2978	5957	4508	826	3783	4679	3833	679	3250	1239	227	3654	3166	4147	677	4130	2513	4095	304	5019	822	757	1673	2224	3864	968	3036	2499	6000	4256	4791	4721	6037	1135	4811	2598	5774	3072	4096	288	1561	4737	2740	3297	3482	4797	221	2247	2049	5373	1057	1046	5152	573	3171	5841	717	2942	3861	5522	3706	917	5655	6106	4400	3773	706	4632	3306	2434	4582	1025	2381	5212	4607	110	3500	2015	243	3768	3988	4435	4486	1398	5678	1516	5640	1837	2918	772	4081	1357	1755	4646	870
4240	2164	3940	4478	2336	3359	767	5221	3099	5881	5181	4879	4133	110	5237	3559	5442	2956	4214	2542	766	5685	5481	3885	3395	2072	4309	4574	5213	5489	824	1389	5777	1256	322	3566	4233	3799	3832	1510	803	170	1909	4747	5273	2170	931	381	5719	5097	2308	431	5044	2183	453	1930	2358	3612	1951	3117	375	5456	5162	4576	5628	3289	5196	2773	168	3660	2386	163	3126	830	2320	1458	4341	3922	5632	4400	6106	5900	5739	1839	590	3917	5818	3784	4691	5450	3786	545	3590	1912	827	4296	5308	5846	3402	3545	2874	593	1652	110	4656	744	1442	2094	4760	5268	5127
331	2007	3576	1549	1698	5859	4749	5307	3325	1316	1472	4925	5930	1012	3621	3732	2228	3307	4594	1685	1035	2779	4260	3475	286	3468	1882	2565	5113	4940	2022	3410	3499	5743	1461	2091	4933	1213	3313	5701	3278	1805	694	2868	2338	4281	4586	3290	2995	5451	3252	355	2732	2239	2568	1936	3218	5182	3051	732	2134	5511	1165	3713	4530	3202	5669	5748	2631	3692	2417	5353	5711	2111	2704	3067	2742	2058	1585	3773	5900	6106	134	3939	372	619	5468	2731	3273	771	4859	3888	1320	521	4932	110	2563	3355	3093	2279	1163	406	2813	916	3851	3970	2023	4162	4104	4716	5388
5594	3785	1214	981	173	3903	4006	3497	3281	1317	2144	4637	3366	1245	2794	1428	1157	4786	3502	5421	918	1628	5422	454	2953	4487	4264	3197	3762	1541	6078	4189	3378	207	1154	4708	2294	5165	2709	985	3263	3771	3558	1635	5218	2422	1675	2112	5005	4551	3513	5759	1565	110	3013	2428	2914	4802	1176	1581	2734	2035	1150	466	110	1655	1473	5508	5671	5204	2477	4821	2046	1716	3812	3583	366	4448	2859	706	5739	134	6106	1985	1749	5876	5847	2670	2267	5192	3260	649	5795	3172	4066	507	1103	3870	2033	1699	4363	5576	5586	3089	4553	5679	5622	1257	2510	6018	1459
3324	2746	2146	990	5011	4075	2656	1156	5453	4053	2292	5894	4173	5341	5289	3105	956	5937	2741	4901	1904	4653	2037	405	5112	5434	2786	559	4008	1077	2950	1964	5033	2266	1360	2468	1731	3801	4074	5047	1251	2862	5494	3533	2025	2948	5366	3649	3020	575	2393	1866	3965	4076	2614	4697	2451	878	692	1878	6087	1390	3969	5880	5964	5783	1055	5683	3349	3055	4335	5169	222	635	960	1246	2223	2409	2014	4632	1839	3939	1985	6106	2002	5861	1011	1812	2929	5195	5427	838	1073	2155	2765	214	5910	2972	3556	3728	488	1855	1175	5140	1790	110	3484	1203	3679	5375	4352
3698	1813	2461	4422	4460	4463	4414	2747	2392	642	1261	2084	4878	1674	3018	1720	2246	4160	3394	444	1725	110	2083	2291	2748	226	2777	3968	174	4166	1817	1249	651	5834	1041	622	3687	4464	1959	4641	751	594	3322	2847	3305	2775	1613	5103	716	3862	2506	538	1117	1159	1913	5990	4813	4103	5554	5141	1776	2225	175	2524	773	4972	3340	5410	741	1033	2527	3164	1489	1797	2402	3174	2647	2242	3977	3306	590	372	1749	2002	6106	1293	2179	1445	1803	3479	4461	5236	352	5735	4552	3661	912	136	3400	1452	1621	4015	1843	4003	733	616	2151	5069	2122	2960	5736
5944	4040	4491	1804	3869	4543	3827	126	3006	5219	5292	1850	2071	3262	5650	3525	4824	4316	854	1406	5624	5383	1111	5982	1970	2762	387	1518	4540	5020	6001	4481	562	798	2310	2104	1479	5804	3196	2324	456	3222	3719	5603	3683	5361	2900	4536	3963	3419	696	1223	3568	996	4380	1125	4753	493	3720	2887	3745	536	2919	402	1618	110	300	1264	1434	5803	424	2705	4803	5448	2334	5395	3288	1198	5367	2434	3917	619	5876	5861	1293	6106	4057	2346	5510	1358	4532	5459	513	338	2610	5969	3489	1314	2892	2951	400	1861	5951	885	2539	5272	5646	660	950	4304	604
1692	1902	5392	3950	5322	2176	1243	6089	5898	6031	4145	420	4520	4913	4696	5712	2237	3016	650	4424	1036	1552	1785	4843	939	3646	5680	1220	563	3143	6056	6081	1939	4336	3701	3012	1582	2721	113	1619	418	4292	1905	3358	1379	643	2173	543	3000	668	1602	2798	1901	3441	1656	4848	2727	2302	4555	4498	251	1810	3593	276	1883	3896	3733	156	4798	4007	1551	421	1430	3501	2288	1752	1495	4370	2716	4582	5818	5468	5847	1011	2179	4057	6106	5995	5183	5407	2131	2093	3384	868	5532	4757	3635	2391	907	3213	4690	4181	457	4391	4977	3201	241	1362	110	4685	3216
482	817	468	341	5313	476	3267	4947	5534	887	5394	4920	2395	6066	215	5472	1667	5750	750	1899	1993	5385	1808	110	2812	6101	754	3616	1789	1356	4490	5246	5716	3188	3116	110	1594	3043	778	2606	4331	110	5605	5357	1598	4455	5009	117	2844	1918	5290	984	4715	3852	4818	1937	540	711	623	3163	1654	5862	1727	3382	1952	6016	5516	4368	529	2872	1742	2821	3246	2397	5135	5730	3080	2573	5185	1025	3784	2731	2670	1812	1445	2346	5995	6106	3994	5713	5857	1780	4119	1457	1874	2629	1875	1119	3114	298	110	3774	3961	5330	846	5954	4886	1112	3488	4051	1646
5572	5905	1110	465	1344	435	5197	3177	1764	5325	146	5143	5968	346	2912	1854	2024	1906	1857	522	4880	3766	2241	4759	4732	5062	4012	3136	2680	4390	4364	2644	5896	2879	3986	4869	5333	2735	672	347	3404	4773	2624	3374	1614	2138	5850	2021	2757	1757	1209	628	5812	2650	110	4355	110	3506	890	4190	3279	1318	6088	4817	790	3815	2880	3711	1806	4412	698	442	5662	5079	1191	3173	4766	110	5692	2381	4691	3273	2267	2929	1803	5510	5183	3994	6106	879	2038	5684	1508	3377	944	657	5164	5340	4567	5098	1395	5760	1144	2107	4327	3573	2571	3598	3520	5598	5758
2962	3176	1388	1190	2532	2787	225	497	3373	1377	5319	4743	5403	2659	2444	5838	3717	2804	2453	3878	1924	4228	982	351	2878	972	1454	430	5158	6020	2849	2180	2229	1361	272	5551	3295	1574	461	3807	2116	3893	5084	2219	2533	5428	2901	5258	293	1054	3001	5621	6104	905	4324	6035	131	3451	3867	5749	2284	2720	2827	1590	1686	2153	217	3841	3364	4224	813	3415	1880	5893	305	4168	2318	5409	4126	5212	5450	771	5192	5195	3479	1358	5407	5713	879	6106	1170	3933	901	6010	3991	110	219	1826	6005	326	2619	1774	6007	2494	4415	127	2630	4472	110	1643	1632
1957	3443	1499	5707	3742	2077	4832	4004	1917	1984	5010	3292	4649	2550	5030	2557	3336	5575	3187	2493	3424	1106	1080	1480	4983	5105	2261	4344	4291	5115	144	1197	2763	5265	4423	2758	4489	2529	4873	2089	1523	1982	3931	3113	708	1115	1715	1034	898	3700	5171	2307	3064	3231	2668	364	6044	3442	110	3354	5912	4009	3268	1226	2796	2192	2722	4725	4642	4362	4246	4029	4163	4975	4808	2767	3203	3901	5521	4607	3786	4859	3260	5427	4461	4532	2131	5857	2038	1170	6106	4087	5907	363	2043	2473	4605	186	855	2823	2870	2776	2590	2521	4454	881	5642	1916	631	3101	2714
159	1560	3154	5241	3914	2273	3342	595	4726	3421	4804	3165	4922	2957	5170	1577	1593	110	3835	3029	1884	4657	2449	5872	746	792	2437	110	3820	2353	3810	3155	5435	4999	653	6003	3655	2490	3875	5709	5342	1342	325	1972	1167	4085	5654	3638	4073	3339	3839	592	550	1486	5746	3731	4238	3491	4404	3913	2384	436	1494	1376	674	4945	2200	4796	1793	5697	3736	5955	3496	4810	1401	4871	6012	1107	313	110	545	3888	649	838	5236	5459	2093	1780	5684	3933	4087	6106	1206	5302	4834	1121	5018	661	1721	3945	4782	5604	1550	2607	5787	4863	4022	1081	5615	5465	1625
3245	1359	1021	3383	4838	5360	1726	1051	2419	2450	3790	697	1038	5432	4855	2328	4333	1990	967	5232	2100	2316	721	2664	5751	5535	2425	1718	5785	1941	2648	2012	2861	4778	869	1802	5789	4477	1108	891	1834	3115	2761	2375	2824	864	451	5853	5210	3233	805	1162	2990	5061	1947	1641	502	3138	110	618	1998	2411	4755	2075	2517	4861	407	5547	3521	2938	3440	2221	4767	2455	1846	4648	1743	2407	4207	3500	3590	1320	5795	1073	352	513	3384	4119	1508	901	5907	1206	6106	5690	1768	3561	1146	756	5123	935	4061	5757	4501	915	2566	1611	2365	320	2930	5753	5549
3579	4680	1792	110	3454	3422	4816	238	1194	2420	3656	2807	4041	3039	4082	5815	1418	2263	4849	6074	3865	1048	6051	4357	3145	1280	1347	2372	2095	1693	4109	4959	2987	659	3859	1991	2431	1259	1728	3200	2778	1517	2994	4297	490	995	4504	3551	1364	2390	4946	1141	4231	3803	446	2097	4524	2123	2552	1127	3461	2479	5591	927	2348	2617	2608	5429	4243	3293	4827	1490	6004	3120	5147	4870	5064	2594	2603	2015	1912	521	3172	2155	5735	338	868	1457	3377	6010	363	5302	5690	6106	3765	4278	110	4158	4433	5997	4046	2755	913	6072	1966	3474	2457	3602	1695	4908	1820
4589	4217	2665	5775	1784	4745	1800	2685	512	5651	4835	2581	799	728	3948	1441	5136	3338	5676	5119	5299	5980	4329	5017	5819	2210	5909	4695	6082	3483	5593	4088	3287	5023	4272	1569	863	2652	1724	1079	3024	2412	753	1729	2126	5837	3282	5800	1624	417	5738	1478	110	4966	933	3601	5816	2964	641	2860	959	705	1701	900	3335	496	5962	4141	2931	720	2884	1974	3434	1751	2211	397	2707	2920	3463	243	827	4932	4066	2765	4552	2610	5532	1874	944	3991	2043	4834	1768	3765	6106	1694	1753	749	5229	2589	247	1514	865	4216	3147	3909	2199	5351	2143	303	5359
5003	2805	816	5259	2196	3071	2105	1948	2041	335	5657	382	4375	1410	110	3565	5643	5526	3530	5865	1205	610	818	527	4976	2274	1521	2645	1763	1620	344	2543	4704	4756	5334	3995	727	1118	2669	4597	2184	4089	4080	3334	4961	6091	2454	110	3624	3300	2933	4227	1559	5029	4856	503	2373	2430	257	2890	4789	4992	4035	5855	1456	3727	888	3779	3427	3629	3570	5490	5349	3302	5918	1421	1856	943	3806	3768	4296	110	507	214	3661	5969	4757	2629	657	110	2473	1121	3561	4278	1694	6106	429	4681	1921	1794	321	2698	475	2361	4549	1078	4378	2508	5998	4112	1788
4416	2625	2596	1783	3462	5871	2800	5851	4019	857	2897	810	2495	2471	764	4556	1368	4698	2045	3351	809	4505	1555	2458	1255	3015	2182	2169	1233	5545	910	2679	695	601	1733	3921	267	439	5693	3793	4970	752	3014	1142	1132	2940	1562	3301	2996	5492	3007	5573	2999	1647	4151	3045	557	5286	4812	3915	883	1492	6017	2555	530	1105	4005	4509	758	1488	5331	5745	3008	3524	1053	971	5813	1303	3856	3988	5308	2563	1103	5910	912	3489	3635	1875	5164	219	4605	5018	1146	110	1753	429	6106	2317	2001	2230	1707	4366	3849	3899	4713	1563	2446	2927	2255	1469	1679
4197	2792	2463	3718	929	5636	2215	3509	2231	253	4403	265	1719	5531	5063	1074	4890	3019	3209	110	280	154	3714	4407	5988	3236	3162	501	5242	4881	2178	4894	4351	6071	133	5309	663	2432	5660	1168	2899	5179	4372	5731	4710	4694	4289	4052	3574	6070	1842	4386	2810	359	5940	5303	1407	2820	110	1288	5965	4429	4601	793	4467	5809	4212	5833	3361	2441	4091	1864	4495	5038	441	110	551	4660	3435	4435	5846	3355	3870	2972	136	1314	2391	1119	5340	1826	186	661	756	4158	749	4681	2317	6106	3934	2013	3548	110	5978	4981	4108	5474	2621	4733	620	147	2586
4150	5773	5610	1971	3684	1429	411	233	1216	5441	4059	3409	5397	5626	110	4235	1493	4659	1042	2337	5035	4142	4295	242	1371	5780	3319	1027	401	808	669	2764	634	2526	2654	4929	3821	3680	680	4872	1013	525	5180	1272	110	4134	4550	4655	1769	2911	4990	3326	3652	4361	2677	4577	3668	318	1535	5445	5976	4559	5607	4742	2694	4566	5008	1044	3108	5274	4898	3868	5649	2133	4028	1531	5404	6022	6096	4486	3402	3093	2033	3556	3400	2892	907	3114	4567	6005	855	1721	5123	4433	5229	1921	2001	3934	6106	4443	4471	2117	5538	2835	2222	1001	4097	5131	2011	6058	1019
684	5056	3695	3426	5318	1688	1032	4169	3148	3471	3456	1294	1424	2769	5350	2423	315	2110	5438	2368	2335	2845	5943	534	1352	4213	5264	3191	3056	3042	1072	2456	1114	5463	5028	5276	2973	3131	4647	4974	361	4030	3528	4701	3523	110	3037	1687	6052	1897	1460	2213	5041	1145	4024	1470	1786	3658	1463	4833	5419	1915	2070	4116	2396	2193	1180	825	6057	3712	2587	1182	259	129	5376	6043	4771	110	5689	1398	3545	2279	1699	3728	1452	2951	3213	298	5098	326	2823	3945	935	5997	2589	1794	2230	2013	4443	6106	4146	949	6027	5588	1268	4371	730	3190	1844	4038	3928
704	433	1853	2156	4431	1739	2968	5408	3291	946	2633	1536	2367	4854	839	2708	2010	4383	110	1809	3151	789	422	2147	2687	4600	5577	3168	5034	2728	947	2684	5293	999	3185	570	1772	1530	3809	5208	2209	3241	597	1325	135	367	1161	5595	4062	3919	3077	2067	1331	4064	5923	4241	2977	5779	565	1487	3455	2478	5941	5844	171	2287	472	4483	886	473	3985	4666	4640	4853	2220	4846	395	6024	5695	5678	2874	1163	4363	488	1621	400	4690	110	1395	2619	2870	4782	4061	4046	247	321	1707	3548	4471	4146	6106	3594	3828	123	4921	1292	2321	5178	3838	617	5343
5608	4521	739	6032	1949	671	5457	5117	5004	2781	118	2528	121	5999	1601	3182	139	5541	5843	1636	4058	5675	2369	3546	4836	5609	938	4793	2944	5473	4462	1237	343	4806	506	1148	969	4237	1003	6055	5082	2496	1059	110	5076	4822	5108	5032	2634	1513	2986	3132	3678	1155	1270	4948	3153	2689	893	5040	1689	6021	2564	6008	5629	5381	1323	4215	6039	5471	3667	1242	3405	1267	5839	3694	2150	447	383	1516	593	406	5576	1855	4015	1861	4181	3774	5760	1774	2776	5604	5757	2755	1514	2698	4366	110	2117	949	3594	6106	4606	2497	5002	124	4617	4072	5355	4101	1481
4153	5849	2129	3908	1070	4469	3648	1365	1737	713	292	2331	763	1838	414	4100	1629	4682	5483	2128	5301	161	2036	1859	3473	3691	2275	3797	1661	1873	3902	961	2189	409	3681	1433	1672	5644	655	3498	2658	880	3062	2017	4558	2186	3139	4548	941	2826	583	5583	606	5091	2480	4250	5224	1116	3360	722	1968	3578	5828	1617	4303	2615	1210	1848	1348	2577	3930	4984	3464	110	5908	3075	110	1100	3942	5640	1652	2813	5586	1175	1843	5951	457	3961	1144	6007	2590	1550	4501	913	865	475	3849	5978	5538	6027	3828	4606	6106	3795	5734	4825	4499	1164	1039	2946	110
4201	3198	110	2202	3095	2941	4915	2875	1597	5924	2600	5106	686	786	3584	4086	5220	5947	3152	5186	3371	4591	2750	4421	5778	1101	599	2913	5092	6049	5555	553	4703	3477	508	5529	1706	6064	2066	2839	5283	4568	6099	1627	1238	1476	1888	5981	3967	5315	1997	3249	4927	4957	486	4385	626	3697	3894	1098	4196	4242	1451	2226	4192	2277	5585	1329	4389	1556	3420	3495	3980	5938	2137	4702	1372	4255	1900	1837	110	916	3089	5140	4003	885	4391	5330	2107	2494	2521	2607	915	6072	4216	2361	3899	4981	2835	5588	123	2497	3795	6106	4815	3595	5199	5262	4774	3563	3144
615	3505	4394	4127	1885	4027	1911	1417	4829	5194	4506	6063	122	1938	3665	577	2558	567	3098	5266	376	3937	687	3623	4581	4943	2343	148	3983	4425	1287	1102	1425	3253	3038	2414	3920	416	412	5698	4094	415	3228	5156	110	598	974	1282	3226	2809	197	853	6100	670	3630	4658	791	2305	2597	2546	3362	428	5972	4307	537	178	3337	2355	373	5993	4032	4340	5631	4874	4772	4334	4195	3834	1225	2918	4656	3851	4553	1790	733	2539	4977	846	4327	4415	4454	5787	2566	1966	3147	4549	4713	4108	2222	1268	4921	5002	5734	4815	6106	3414	2602	3958	5911	3955	6092
1431	899	2290	3912	5423	2949	4770	110	5592	5046	269	4561	2467	4994	1684	3160	6093	3046	3205	2855	201	2655	2376	5339	4102	5058	997	6047	3083	4484	5963	1986	5217	5614	3855	2063	1446	2345	1260	4989	5567	1374	3643	4911	2099	3898	4010	4273	5958	110	2172	1544	783	3526	2047	5234	5882	2882	4563	1040	3780	5391	2026	5863	5517	645	5681	2088	2975	2515	5121	4956	4458	275	1588	4711	2465	4663	1822	772	744	3970	5679	110	616	5272	3201	5954	3573	127	881	4863	1611	3474	3909	1078	1563	5474	1001	4371	1292	124	4825	3595	3414	6106	3880	5928	2342	432	1471
3800	3239	2640	3884	4738	4376	2101	1408	2416	427	500	1324	4459	2491	3564	2641	1696	2380	4205	1568	3840	5580	1599	2388	4858	5249	5090	2073	2106	861	1746	5705	2943	5398	658	5139	5216	5647	4814	1714	5788	5820	1297	1274	866	2501	2118	3517	5021	3026	5207	3192	394	4465	3224	1775	3879	1925	4864	4768	5842	4557	994	2205	3041	3705	2871	924	4712	2069	3299	4949	2622	5752	4578	4537	2632	1453	5925	4081	1442	2023	5622	3484	2151	5646	241	4886	2571	2630	5642	4022	2365	2457	2199	4378	2446	2621	4097	730	2321	4617	4499	5199	2602	3880	6106	5686	110	3386	1061
2132	4451	3385	110	5148	3332	2299	2599	3186	4452	4882	1828	5488	3632	2806	2518	1798	4643	2498	4971	3413	667	582	3972	627	393	951	132	2074	1978	4322	450	340	934	110	796	5255	4039	1338	301	1212	177	1520	5895	877	989	1606	348	3964	5726	942	3264	1477	5772	4893	2217	4991	1946	4619	5188	2873	4630	3936	1095	4748	3125	906	1004	1464	3220	4050	975	800	4675	206	564	2695	4266	4727	1357	2094	4162	1257	1203	5069	660	1362	1112	3598	4472	1916	1081	320	3602	5351	2508	2927	4733	5131	3190	5178	4072	1164	5262	3958	5928	5686	6106	829	729	2378
2401	5704	4013	3381	438	3966	4067	204	4164	5762	1178	2460	1008	1171	2822	5065	3061	426	5827	203	5546	675	636	3195	1833	4055	499	110	5311	841	544	5765	4090	3088	1557	4918	1829	4862	788	5365	3367	580	4413	1821	3515	4514	378	1186	2325	4905	110	973	3157	5052	1096	2570	4671	110	4065	3178	282	607	2009	2158	1610	5950	4534	4188	3907	5132	6062	1500	5992	3487	2175	3541	3626	5189	4678	1755	4760	4104	2510	3679	2122	950	110	3488	3520	110	631	5615	2930	1695	2143	5998	2255	620	2011	1844	3838	5355	1039	4774	5911	2342	110	829	6106	5868	110
3428	2992	1402	110	4306	1860	4752	5852	4507	873	852	5015	3979	5931	3671	4730	2256	625	3303	5742	3330	4225	1537	5495	2079	3076	2505	4518	306	1931	2692	4840	1201	1195	1811	4099	3850	3445	4222	357	5523	5794	3982	5425	3465	862	3689	4801	3760	5878	3194	137	3957	691	6067	520	3956	1295	3277	2197	6084	4128	4571	2185	5566	2187	2736	3761	3690	4588	3813	481	1741	172	2699	5936	3047	3990	5825	4646	5268	4716	6018	5375	2960	4304	4685	4051	5598	1643	3101	5465	5753	4908	303	4112	1469	147	6058	4038	617	4101	2946	3563	3955	432	3386	729	5868	6106	1113
689	237	184	5952	3181	5413	5172	4677	2130	2350	1158	328	1403	4144	4110	2065	5961	2474	2853	240	4167	1944	390	256	629	2190	314	3647	2440	1353	5285	1818	4661	2803	2364	5648	2958	762	1919	1666	2815	2162	6073	5810	4963	858	5384	6054	189	1738	3537	162	2883	365	2031	648	3416	1224	5042	5420	1940	1999	3582	2639	4765	558	5543	5043	142	1017	1910	3244	5177	342	5612	1668	2682	2889	4270	870	5127	5388	1459	4352	5736	604	3216	1646	5758	1632	2714	1625	5549	1820	5359	1788	1679	2586	1019	3928	5343	1481	110	3144	6092	1471	1061	2378	110	1113	6106
