7261	6597	4022	5507	1518	4501	2829	2322	2996	3476	218	3775	4125	358	2116	4988	412	3505	6144	5197	6289	2663	2933	4853	491	281	2658	897	2656	3694	5603	484	4984	5679	2071	2846	4720	2432	5349	6363	1435	881	3431	4006	1770	2947	933	5426	3341	3948	4090	132	1282	5468	120	6080	2196	5313	1026	3317	4709	7103	7203	6805	4904	2479	2055	1994	4540	3595	1014	496	2293	5238	3663	4518	3711	463	5125	3842	5927	1480	3688	4059	5045	6004	6960	3168	4835	1412	5945	5977	3979	120	234	2410	930	4325	6906	5150	6686	5621	3894	438	1441	1096	5407	5979	6032	6577	947	2650	209	6579	995	2641	5936	1344	2243	3311	4698
6597	7261	4545	6275	812	6267	2372	2437	1754	6846	4342	2907	4562	2443	4652	3453	623	551	2108	3655	6999	4176	709	4154	3861	5915	5514	6904	5453	3613	2294	3022	3863	4460	6037	1817	5217	1830	3486	3328	6908	3952	3871	4202	2770	3083	3221	1617	2006	1800	4732	4357	6100	4144	6218	2855	3167	1557	4037	3922	1484	7183	6647	6009	1203	5194	3391	5298	7251	1323	4406	3893	120	6419	4599	2274	4328	6918	4492	7056	4862	4854	1463	6833	5161	3580	6235	1543	1110	6550	6106	5331	1630	5711	4344	5617	4471	1664	4205	5037	2472	6694	5212	6093	6019	4033	6476	5568	1137	6808	5615	751	1556	6603	6613	2620	654	3318	4309	3730	1528
4022	4545	7261	1651	6890	1341	5880	2278	1111	977	6980	565	7197	4469	6062	3122	5247	2209	3064	5203	2975	7127	723	2992	6307	4849	4922	6238	6431	2578	3621	3507	407	2635	4092	7001	2054	634	4693	1325	7174	1636	1398	289	3782	3430	1276	6587	1502	1330	322	998	4123	6206	287	5414	6107	7139	5559	3215	698	3361	5755	1577	784	1130	831	641	5798	7066	5429	6071	2365	2007	1700	4223	2066	7067	316	4735	3635	1485	3068	4958	5690	602	6598	5297	2587	6174	3117	3683	5508	992	1663	2987	120	3370	3116	7102	752	3172	2049	2978	2959	1901	4187	3219	6499	979	816	7106	3059	3559	4402	6829	4665	4472	1787	1046	3680
5507	6275	1651	7261	5021	4770	270	331	2062	6516	2384	3297	5751	3888	3515	1152	6924	5878	2716	2792	1558	5454	1499	5607	3257	4387	965	1242	3740	4244	6185	5163	4478	4218	1771	2920	5259	6072	3131	3031	6996	1523	6485	6146	7247	1914	1845	5529	4012	5673	1454	2971	2681	7084	5478	3080	3947	2901	3097	6667	5087	1143	6677	4638	678	5147	800	6306	1129	7006	3751	4787	453	4911	5480	1080	6202	7013	2045	2710	4839	1327	1907	5976	3858	713	1961	6114	2210	1012	7054	3986	701	826	981	2473	3927	5721	120	3231	6022	920	4766	714	3288	4834	4486	5166	4028	4553	5327	4333	1973	4416	2305	6628	5143	5208	4103	1220	4807
1518	812	6890	5021	7261	3342	7012	6753	251	2295	4020	2234	4208	1600	3599	6540	835	6986	4270	5145	764	6651	120	5663	3255	4754	6625	2657	3416	1842	1693	5420	2524	5146	4490	593	3639	6797	5376	2570	5521	6567	2238	2447	5584	5971	6099	4065	121	2684	7130	3895	1797	5720	5005	3084	6164	1984	4485	1983	7118	3389	4840	4452	6940	1639	4796	2357	4890	3076	307	120	5062	1947	3709	6359	7204	343	3631	1632	123	6357	1095	173	5380	6158	4691	120	2624	6523	7202	6788	2446	3034	1898	7025	6125	2104	3397	282	5186	3605	6761	120	5870	4943	7151	6327	5944	3865	2076	1064	2514	5279	5016	3265	6585	5903	6958	6529	3608
4501	6267	1341	4770	3342	7261	2502	3091	2102	7088	1211	2399	2436	2679	2838	3191	900	1136	2302	5046	5424	179	4070	4274	3466	666	1504	3411	4816	5368	315	3151	5948	6760	2386	1687	4697	1252	5177	120	2098	7224	727	724	5108	2265	1741	7258	2600	6528	120	4058	7210	6420	246	1629	120	4886	3628	2376	3544	4356	4629	460	1179	1335	5749	2562	3009	4681	5381	5038	6783	3062	531	4905	4279	3953	3358	6714	4802	1178	4521	1899	1105	5852	3315	4172	400	5311	4364	4268	2481	2494	973	6048	6514	2766	6440	3648	1149	4603	4989	5002	612	5821	2394	3788	1758	1120	4248	4574	2470	129	321	680	799	1980	3113	886	4636
2829	2372	5880	270	7012	2502	7261	801	2249	2928	5288	3033	4359	6252	5253	4184	2536	2764	3355	1584	3014	7070	3114	1877	4919	3640	1966	4473	6283	5517	4523	6791	5325	5554	120	3917	4181	3790	6939	4612	2718	5665	3387	1905	2187	5949	1061	4193	1775	1582	4201	6556	5848	609	5633	6443	2263	5631	1902	1643	1667	4217	2166	6177	5080	459	1795	1033	4393	1876	6798	1583	7190	839	5178	6531	1278	5901	6856	5069	5374	6658	5250	3794	2047	3942	2106	6453	5487	158	4935	3195	2075	5479	5515	6573	3210	6180	3593	1340	4532	2313	4570	6236	6790	1489	6645	5051	570	2033	268	265	4869	5333	5367	1860	233	2415	1062	5823	1225
2322	2437	2278	331	6753	3091	801	7261	4578	2373	1151	915	4609	6150	5174	2617	6159	3223	2359	4649	2824	5863	1029	4306	7060	5532	6436	7040	120	2327	1761	4631	1472	7114	7101	3710	5960	2338	476	4068	829	6053	4682	3785	1141	6887	6374	6946	7105	3714	1169	4940	7074	3883	5132	1945	4319	5709	2021	2402	2059	1396	5917	5421	6294	1956	2861	4708	3795	5513	4716	1227	1309	5011	3549	4310	6937	2082	6278	5874	5428	3973	2495	4409	2507	6441	1992	4385	7049	6102	5610	4302	3926	6717	6859	475	4506	5210	3165	1195	3243	3065	5124	1701	3196	120	4525	3136	6977	6196	5324	391	6612	4670	4678	1796	2225	2100	3176	559	3339
2996	1754	1111	2062	251	2102	2249	4578	7261	659	120	4915	1301	5455	3451	7041	1862	5736	2465	2779	2352	5317	6572	5581	6434	120	6143	7058	7119	1293	1570	4035	2212	6824	932	5241	864	5614	3111	183	3239	2107	3454	4944	2961	2730	5130	4326	4314	6605	6290	2203	1964	2677	5392	5897	1672	6870	4571	4122	6617	582	120	4422	3840	3656	2126	3463	628	2191	6244	7169	5302	120	4700	182	2519	4401	1868	6615	2991	3130	1244	7109	6411	3885	6231	3484	2301	2223	777	6041	1349	6124	4846	3924	2493	5598	5705	263	5278	2566	715	5950	7117	1991	3814	1909	3936	3060	3316	1031	3344	3133	1059	5343	277	6526	4271	515	6975
3476	6846	977	6516	2295	7088	2928	2373	659	7261	3542	4894	1015	5869	168	550	494	2270	1603	2940	6187	5714	3039	3543	584	5740	4985	3539	3188	3550	462	3633	7108	697	6713	3672	120	509	285	2448	2823	6767	4194	6695	7236	5165	2184	1641	5695	3382	649	6192	6433	3482	6532	3440	6758	1329	3784	4785	149	350	1250	1626	6260	3393	480	4671	721	5256	120	4431	4552	6631	4294	4822	1739	620	5446	6576	5001	434	1768	2001	4624	3978	6301	1066	7256	6335	4067	4801	127	3442	6619	3845	2162	6785	6648	3974	2441	1190	2795	6832	3589	4019	1688	5816	879	6884	6309	4132	3140	4331	1317	1897	7007	882	5474	2821	6734
218	4342	6980	2384	4020	1211	5288	1151	120	3542	7261	174	4021	6084	1319	261	1547	1308	2207	5527	3910	1535	2633	5258	3990	7145	5640	4207	6759	3021	2873	309	668	6400	4498	4107	4877	4739	730	3120	1100	5104	1493	235	1969	4793	3983	4419	4683	2459	904	885	517	2905	6364	5859	4577	2746	5265	6781	298	2756	5296	6742	5843	6394	1286	2403	4646	7018	5329	212	767	1949	2529	5913	6834	7023	6746	4975	5199	5089	2043	5063	6313	3030	4812	3987	2817	2392	2358	2309	3887	1392	7111	1767	224	1832	3520	4569	4321	6902	1089	2708	6086	1979	5405	6322	3104	1635	2621	5756	873	1074	6013	4499	6214	1709	7253	5820	2619
3775	2907	565	3297	2234	2399	3033	915	4915	4894	174	7261	2747	4510	3867	5882	2040	7244	7186	120	5802	6375	4949	7080	3630	2088	4339	6487	5572	771	5345	2390	4809	5389	4832	5276	3184	6723	2737	985	2039	3233	1833	6154	743	447	849	1725	6607	1500	4913	3576	1818	5681	2872	3563	2575	1461	6383	1943	5645	5668	3241	1177	1735	2174	4666	2609	4299	6554	1542	191	2771	6627	227	4556	954	1194	2854	6116	3575	6067	1971	957	2213	6778	1005	5991	2583	2414	6473	4888	1496	311	3588	4186	3699	1707	4993	2509	2068	3856	5667	1807	759	3912	3556	4366	4531	184	576	2781	486	4290	4494	1932	2843	2147	2860	6266	5606
4125	4562	7197	5751	4208	2436	4359	4609	1301	1015	4021	2747	7261	7042	305	5041	6507	1397	6802	2455	5211	4749	501	5597	362	6108	1587	6606	320	3866	247	2273	3956	3043	1058	2069	4099	238	2715	4662	3844	5754	6478	5856	4661	1926	5564	332	1794	1772	4060	3011	1751	1187	925	966	2893	1402	3252	6199	4105	3093	2579	6458	4863	2775	5528	4281	6011	938	1642	1861	120	3377	425	6110	1539	1953	3524	6621	2749	1919	3291	3820	4705	6950	1779	5799	1661	4692	2912	5476	3890	1866	1957	3298	5187	722	5626	4102	3731	6210	5894	5676	336	354	3218	6775	6865	3055	478	1352	3804	891	6951	3659	429	4164	6806	5281	196
358	2443	4469	3888	1600	2679	6252	6150	5455	5869	6084	4510	7042	7261	6082	7083	6402	538	5014	6167	4246	7086	5954	6018	748	1619	6448	4868	5200	1162	120	6042	7158	2111	2324	5481	6361	3615	3161	3326	3733	6922	4084	1941	5469	3732	4952	5404	4424	4789	1144	1806	1239	4722	5997	4604	3423	6194	3067	5462	5095	5043	2876	1314	5855	3696	4641	4917	3500	3704	4159	611	3465	6044	410	2061	4963	3634	6366	2132	6242	2036	1599	1849	3098	7172	2118	5294	2963	7173	647	5872	4254	572	3357	1167	3571	3850	5970	2875	948	4296	139	3734	2487	4745	6582	4141	1091	4924	3154	5438	1529	3669	120	1411	5371	5793	2499	5255	5539
2116	4652	6062	3515	3599	2838	5253	5174	3451	168	1319	3867	305	6082	7261	5057	1355	5059	5811	2375	1008	2902	4892	4585	6360	5691	546	1993	2523	5491	2694	7144	1869	4777	761	1677	6681	2680	4210	1180	1875	2370	1522	587	3765	2878	120	248	6414	1456	943	2435	2275	4645	2735	4420	5555	6961	6002	295	5075	120	5214	3379	5170	1561	3889	428	6358	5551	4096	1027	2264	2257	2628	2632	4921	4546	439	6840	632	3720	4687	3959	5009	5618	3128	2914	987	6813	2864	6450	4791	6355	6425	6784	6147	4533	4464	1757	4572	4146	4287	1471	6200	4959	4976	2283	1475	2828	6472	465	1070	5902	5097	6967	694	4934	4066	1910	934
4988	3453	3122	1152	6540	3191	4184	2617	7041	550	261	5882	5041	7083	5057	7261	510	5595	6287	650	2018	273	6055	4903	2923	5809	3911	6739	5035	766	2939	1215	840	1934	1258	6721	3353	6212	2090	2260	1712	4627	7085	413	5232	3330	4896	5504	4517	1133	1426	7221	2592	5651	1057	5153	7142	1067	4255	683	3587	4434	5022	3424	606	7044	3489	2154	4752	4554	2048	1182	7034	4845	3770	3897	2221	6460	4349	969	4992	1900	1717	6705	5788	4536	5956	1690	120	6728	1852	2458	120	6725	1808	739	663	2461	5451	3872	2791	5703	172	1166	4755	2512	221	1052	3582	782	3682	6703	2998	4642	4063	4462	4138	3187	3438	5394	1127
412	623	5247	6924	835	900	2536	6159	1862	494	1547	2040	6507	6402	1355	510	7261	366	5494	758	2129	677	795	5760	204	2156	4826	2268	2577	4111	717	2806	6179	803	6962	470	2429	4114	5864	6344	2660	1170	2613	3170	120	2281	5287	852	5832	6183	440	6942	3374	5512	1671	5034	5865	6688	2215	1654	1158	2740	5813	3982	1497	1483	6575	1995	1364	2559	5627	5328	2237	7167	6126	892	5310	5055	2440	1466	4561	7095	5536	5274	1719	4529	1923	399	7200	2862	6521	1952	5941	1044	4093	6315	2934	1791	1459	2450	4857	7187	734	6844	6163	3516	2363	1183	6031	6538	1469	5849	4195	2884	4071	3675	5904	7179	3069	3396	5461
3505	551	2209	5878	6986	1136	2764	3223	5736	2270	1308	7244	1397	538	5059	5595	366	7261	6482	1608	5105	6131	1379	5666	5218	2201	6545	3209	4598	4986	6660	4245	192	1358	7194	1302	2646	5337	819	2844	854	6878	3491	5320	4005	1908	6614	1650	2112	3310	4613	6718	5861	1122	1613	226	5707	4002	975	3705	4763	2678	4713	1181	6483	967	355	1605	6092	3493	5655	5739	3852	7226	578	1894	5099	5109	599	5499	2591	1981	1393	2645	1452	6649	3899	2834	5415	7089	7032	379	1403	5065	1399	6932	202	5012	6709	3160	3307	120	7160	3577	5181	4001	385	4215	7131	2516	4417	3386	4414	561	1906	6853	6772	3481	4233	148	1350
6144	2108	3064	2716	4270	2302	3355	2359	2465	1603	2207	7186	6802	5014	5811	6287	5494	6482	7261	543	4226	5442	3846	2169	5176	6481	5049	7051	1395	566	4516	2722	2941	4282	5096	190	5524	5318	4405	6740	671	455	5647	779	4782	2478	5685	2869	5990	1322	3192	1192	639	402	5248	940	1414	4286	3268	2401	1121	5173	334	793	6246	2490	6330	7125	2910	2477	2597	1068	2121	1123	3013	120	1867	2745	2482	2236	1468	7065	4990	844	6666	180	4396	325	4413	2483	1025	6094	3819	5958	6836	2831	3118	5638	577	3935	776	3388	4724	5677	4605	656	970	1478	5579	120	6747	7168	5987	2387	4166	5164	5086	6860	1427	5957	1740
5197	3655	5203	2792	5145	5046	1584	4649	2779	2940	5527	120	2455	6167	2375	650	758	1608	543	7261	3681	1685	3579	2200	330	1490	5387	2596	1199	1312	5692	4289	120	2880	4616	153	695	877	7192	6156	4443	1694	1134	4412	2671	4117	4805	3106	4368	4837	1571	7062	1996	159	1118	6510	4025	2788	3602	523	120	3085	870	968	5215	712	2839	4637	2101	2362	4743	6506	4543	2417	1930	7152	1464	6118	4437	2953	5959	914	2053	1160	522	2331	377	5372	6261	222	4395	3823	4411	1047	5834	6898	4097	5940	832	2474	6160	4263	6085	1109	4198	6769	2599	5934	4581	206	7207	6851	2676	1826	6511	2672	1281	3042	3459	5464	2247
6289	6999	2975	1558	764	5424	3014	2824	2352	6187	3910	5802	5211	4246	1008	2018	2129	5105	4226	3681	7261	5557	3045	4000	3286	392	1255	1373	3443	2825	3636	6430	3815	2411	6025	5588	1731	511	2381	6034	4635	1710	6215	2089	6691	339	4351	7075	4707	6755	4799	2133	6259	6782	2430	3677	2531	858	1568	2666	6821	4762	6343	1649	3244	5953	1374	4118	5235	4820	4389	5543	140	5467	6408	1755	6974	5525	2742	931	4209	1003	6399	4539	4923	3967	4360	5237	5776	7071	7170	5889	916	6862	4300	2692	4013	1205	3718	6921	3189	5635	4276	120	3024	6181	1745	5812	6659	974	3970	5853	2300	6586	5391	6449	1321	3998	1418	370	7039
2663	4176	7127	5454	6651	179	7070	5863	5317	5714	1535	6375	4749	7086	2902	273	677	6131	5442	1685	5557	7261	5489	6622	2932	1939	3716	4318	557	3650	4502	3108	2051	927	3574	6866	750	4231	7011	6241	4933	1470	6933	3546	1217	4550	5115	5365	4601	1998	4069	1216	5643	1222	899	2849	4440	6498	4077	1004	3661	1071	1354	6197	120	7148	2400	6153	6726	6056	6926	5921	2674	3421	1159	1491	5763	4906	2204	4526	4496	691	1287	1924	1780	1207	5366	4622	827	143	2256	6502	3684	1457	2037	1084	741	2328	2842	5291	6963	1574	676	1699	1782	3717	5379	1407	1680	4346	2997	921	5556	6835	3653	6243	4056	7212	7027	7046	1020
2933	709	723	1499	120	4070	3114	1029	6572	3039	2633	4949	501	5954	4892	6055	795	1379	3846	3579	3045	5489	7261	3048	220	314	675	6320	6198	5386	4872	4844	2903	166	5064	1112	1752	6912	3086	6565	1481	7126	5425	5360	1527	6915	2091	4882	1865	2444	2195	972	4736	3367	1854	937	5319	5728	5712	4727	1168	2606	120	5947	5388	4301	935	2534	1007	188	3567	3137	6227	3882	775	2161	2285	3373	6629	3920	2266	6501	2652	5361	1291	2379	3590	3214	3764	4630	177	4447	692	3552	2197	3534	3072	1546	3496	2655	2809	5119	5905	6863	3329	5268	3306	1273	1778	5452	3380	5723	5450	5030	6021	481	446	6033	5252	5026	2469
4853	4154	2992	5607	5663	4274	1877	4306	5581	3543	5258	7080	5597	6018	4585	4903	5760	5666	2169	2200	4000	6622	3048	7261	3836	3816	2972	6770	4860	5982	120	3728	2306	7072	120	6413	1572	3583	5741	5013	7250	7159	3127	3723	5133	7055	5780	4513	3598	6825	889	4285	5590	3721	5402	7156	5018	3719	3777	1224	5207	5619	3145	120	5184	6325	6564	5334	4831	3708	1388	3999	2492	2782	1268	4435	3240	4551	4712	1088	6380	3928	1245	3527	1606	1060	6745	6624	4457	563	5746	6201	5570	6669	6727	2887	6665	4237	1126	278	5355	1434	3162	5675	5032	201	1946	4140	3923	7260	5149	3847	3305	640	1915	5792	6938	1548	6345	3780	4377
491	3861	6307	3257	3255	3466	4919	7060	6434	584	3990	3630	362	748	6360	2923	204	5218	5176	330	3286	2932	220	3836	7261	5285	1955	6113	3849	3173	4142	4768	4095	4684	395	4374	1864	1670	2786	6454	686	5891	1430	120	6763	3299	664	4643	3025	637	219	1492	3536	5930	617	3562	4644	513	3647	4824	2165	6535	1142	5157	5315	5549	3592	893	5056	186	6140	6571	6941	3706	1450	2185	945	5509	5301	5892	4810	7181	4404	7175	1076	1146	5654	6601	7199	2439	3886	4249	555	5158	1423	3417	5382	1296	726	7038	1566	5233	949	5047	6815	1279	6401	5339	6282	5969	313	4407	2946	5989	4253	4942	1541	1911	6987	7022	1530
281	5915	4849	4387	4754	666	3640	5532	120	5740	7145	2088	6108	1619	5691	5809	2156	2201	6481	1490	392	1939	314	3816	5285	7261	3690	3791	225	1824	5168	6012	5295	2778	848	6965	997	1128	5925	1231	498	7225	2573	120	1438	822	6470	1777	7205	4514	4121	1248	4126	5050	4704	2540	3150	2530	6137	1931	181	2545	3275	3914	1290	2697	2690	5118	2759	5506	3991	5351	1161	1214	2969	6457	2356	4116	3702	5542	3747	1053	6822	818	6319	6787	5432	6435	746	790	5684	4535	2074	1339	1565	2475	3089	1602	3603	4576	326	1674	4964	6352	2527	794	187	573	1381	5179	3007	3949	2758	5609	901	5608	2582	6626	583	3792	6139
2658	5514	4922	965	6625	1504	1966	6436	6143	4985	5640	4339	1587	6448	546	3911	4826	6545	5049	5387	1255	3716	675	2972	1955	3690	7261	4936	5332	616	3352	6699	5593	627	5774	4133	3713	3432	6379	4009	1236	6900	4143	3366	3502	303	405	4983	4804	2289	4160	3232	4850	6090	1776	5444	1887	6432	3494	1507	2382	120	5604	5419	2601	669	4316	7206	7005	5271	1360	4487	4660	6600	2548	3825	4262	6684	3930	5893	3642	1451	133	7163	1683	3673	4794	4885	2194	1851	7213	729	5860	2908	3735	120	4673	1921	3525	346	2954	7136	2856	2616	3099	6314	6757	5033	6751	6412	6712	6376	1154	1138	5522	6087	1839	1798	4823	5495	7033
897	6904	6238	1242	2657	3411	4473	7040	7058	3539	4207	6487	6606	4868	1993	6739	2268	3209	7051	2596	1373	4318	6320	6770	6113	3791	4936	7261	1513	1819	6385	2321	5773	3455	3163	1073	2347	7140	341	1618	3612	2605	2542	1184	5264	2097	5519	6731	6054	7165	4489	2258	170	6475	4149	3381	1103	7090	3012	4927	256	3036	768	5040	5810	4980	540	1940	4329	3053	5307	5937	3441	3766	4330	856	6542	3818	2272	1449	3274	6395	5886	1987	618	4685	2962	1356	4451	1186	5884	7248	2654	450	3622	2188	3662	3808	6115	120	2255	2218	7238	2899	2515	6026	6245	3427	5833	2799	6237	1890	4658	1254	5680	3664	1348	6119	4507	4258	4876
2656	5453	6431	3740	3416	4816	6283	120	7119	3188	6759	5572	320	5200	2523	5035	2577	4598	1395	1199	3443	557	6198	4860	3849	225	5332	1513	7261	4087	735	2416	6903	2533	586	6151	2731	2282	2931	4675	5470	367	4567	6112	6563	4909	5484	3035	4633	6522	624	378	2317	3345	2748	4493	2017	3057	5008	644	1591	2339	416	7201	5933	3748	3903	3855	2874	308	6295	3789	847	5743	7191	458	1274	2754	4706	4474	6609	4449	2510	5128	4398	4710	120	1267	4367	6169	5686	2798	817	1805	7229	3169	2704	2087	6121	6905	5230	2926	1935	2593	5280	258	1656	2013	1307	5662	4634	6176	898	605	6544	7166	3779	2720	1533	2396	2574
3694	3613	2578	4244	1842	5368	5517	2327	1293	3550	3021	771	3866	1162	5491	766	4111	4986	566	1312	2825	3650	5386	5982	3173	1824	616	1819	4087	7261	4586	6557	4667	1612	6804	5998	2231	765	120	2128	6203	4380	2290	3744	2323	6426	658	1213	389	1165	772	5694	120	185	4819	986	3276	3969	2966	4250	120	5004	4836	5620	4165	3390	2044	1272	6536	1560	3874	6225	2988	6331	5612	4690	1424	120	120	6868	3461	4307	1883	408	2137	443	6318	1592	7123	6882	3691	6590	2550	3375	6028	4448	6152	6819	2525	5393	6956	1841	591	3135	1439	1336	5637	786	5121	1726	151	1232	661	5191	2753	2986	5245	670	5995	6990	2070
5603	2294	3621	6185	1693	315	4523	1761	1570	462	2873	5345	247	120	2694	2939	717	6660	4516	5692	3636	4502	4872	120	4142	5168	3352	6385	735	4586	7261	4747	2506	3019	1575	7154	2948	5020	6558	6692	2176	7147	3724	3487	719	232	6610	1659	1476	5518	6618	240	1009	1148	333	495	2522	6874	6064	3860	3208	1185	642	6063	2226	2211	648	1078	4023	615	5447	1988	262	2232	6490	2377	134	6258	2546	1246	1371	6323	4998	7245	4912	4583	6547	3478	6222	5396	1929	5135	6517	2651	1010	2719	6480	4597	706	6861	3179	2520	6562	5992	2467	6823	4177	4946	4519	958	152	4072	4500	1610	5401	2670	197	1666	137	6007	6324
484	3022	3507	5163	5420	3151	6791	4631	4035	3633	309	2390	2273	6042	7144	1215	2806	4245	2722	4289	6430	3108	4844	3728	4768	6012	6699	2321	2416	6557	4747	7261	2004	3501	454	519	1724	838	6729	2032	7098	1544	5373	1982	348	6845	1720	120	5962	3671	6505	5129	5363	489	6193	2235	6040	3537	1938	4537	1405	3156	1098	347	5550	5984	2052	7002	1950	1265	5262	3864	430	4397	2130	4291	6340	5169	3933	1445	5299	5942	4238	1429	1828	1678	5596	4386	7008	4383	5787	1147	1145	3018	2603	3190	6186	6525	3261	3806	3262	6947	2892	1261	6537	6842	1552	6964	6416	6387	1488	3875	4264	4954	6749	6689	4322	5887	5436	503	3540
4984	3863	407	4478	2524	5948	5325	1472	2212	7108	668	4809	3956	7158	1869	840	6179	192	2941	120	3815	2051	2903	2306	4095	5295	5593	5773	6903	4667	2506	2004	7261	4042	2909	871	3003	3485	4128	744	2476	5794	2349	7014	2889	3859	3535	5742	6879	4267	2280	4538	4363	1871	5706	3512	6254	5866	1140	6191	6847	351	5273	6097	5850	1447	231	4594	6954	7254	2139	6733	342	1313	3616	5082	5965	3943	4039	534	144	2564	6250	3521	4818	2014	7232	4891	5077	3260	4362	6698	3511	574	4737	919	6636	753	6789	3547	5270	131	368	5516	488	4596	7073	7138	4711	6351	5193	5408	821	1730	6010	1948	3248	6810	6089	789	445
5679	4460	2635	4218	5146	6760	5554	7114	6824	697	6400	5389	3043	2111	4777	1934	803	1358	4282	2880	2411	927	166	7072	4684	2778	627	3455	2533	1612	3019	3501	4042	7261	3020	5885	944	6349	5932	169	569	4391	6817	1951	5847	5171	4086	2807	1455	1716	6843	4798	360	5044	1840	5384	5895	6300	5968	1001	404	4505	6916	6101	621	120	1646	5771	7092	5784	2567	2714	4225	3331	3783	1406	3087	386	5826	4221	3561	836	3203	6795	2763	2423	595	1965	4345	4311	4783	4941	4522	5127	2355	7252	5632	1718	6362	241	610	1219	1695	120	5935	1766	7134	208	4955	568	6632	2422	7035	7059	1209	5458	6310	3759	1564	120	6332
2071	6037	4092	1771	4490	2386	120	7101	932	6713	4498	4832	1058	2324	761	1258	6962	7194	5096	4616	6025	3574	5064	120	395	848	5774	3163	586	6804	1575	454	2909	3020	7261	461	6205	2634	3658	4769	6495	3984	1487	5814	2871	740	3752	3497	567	426	2618	6812	372	7176	6299	5795	4950	4032	3152	2698	5783	3617	716	4124	1753	6970	337	3796	6672	2773	4139	6875	4438	3457	3295	4336	5079	7026	1986	810	1990	2647	4476	120	1065	2765	120	120	1918	3762	4878	6559	4430	3119	869	652	6539	3652	4740	4790	5335	4079	2661	1437	2866	953	5326	2093	3077	994	4029	4355	5066	5347	4776	1453	178	4962	4153	2886	3183
2846	1817	7001	2920	593	1687	3917	3710	5241	3672	4107	5276	2069	5481	1677	6721	470	1302	190	153	5588	6866	1112	6413	4374	6965	4133	1073	6151	5998	7154	519	871	5885	461	7261	6854	5434	1253	1789	6892	6368	5308	5759	3834	213	6224	6298	5042	6927	5399	120	1607	2141	4625	720	3346	3768	2041	2153	7211	3425	1208	3761	1922	6342	5239	2727	2989	2198	5719	4767	4352	6341	4608	619	5978	4669	806	7076	280	1743	3304	1119	5227	6616	4456	5138	5070	738	4618	2113	2768	2643	2418	1370	830	3437	5986	4981	4504	2109	5585	4014	5983	1357	4273	3225	1477	3469	2094	3771	1401	2964	4190	4907	120	6848	6599	2723	5757
4720	5217	2054	5259	3639	4697	4181	5960	864	120	4877	3184	4099	6361	6681	3353	2429	2646	5524	695	1731	750	1752	1572	1864	997	3713	2347	2731	2231	2948	1724	3003	944	6205	6854	7261	6382	4997	4327	1383	2222	6533	4945	2186	6541	5154	1387	5092	5223	5762	4265	5837	6043	6877	5688	5907	2518	5530	3929	6269	3841	5981	1221	2804	2367	6801	3250	2335	5482	5729	5605	1814	2103	6029	3878	1823	5266	4293	1362	6779	394	2942	5687	477	6117	2897	4305	1446	1913	2152	2150	3941	5561	674	6168	2568	266	6491	5924	125	3813	681	7100	4672	5664	6070	3810	542	651	1697	3400	6724	4566	6944	3620	5385	4439	6807	3558	4048
2432	1830	634	6072	6797	1252	3790	2338	5614	509	4739	6723	238	3615	2680	6212	4114	5337	5318	877	511	4231	6912	3583	1670	1128	3432	7140	2282	765	5020	838	3485	6349	2634	5434	6382	7261	2999	1369	3746	504	505	3480	2686	3182	1102	4751	3349	3371	4175	4373	6228	5220	2772	6748	6321	4372	5222	2729	228	6129	2883	2449	1347	2797	6354	5806	855	1021	2160	2463	6955	2631	7133	3148	3898	4269	3548	1315	2816	3555	2119	1825	2970	2214	2511	5206	284	6503	4046	1104	3638	6446	2757	6592	6477	6871	1705	3736	2504	3096	4130	3070	2488	2543	4897	4425	120	5078	2083	286	4842	3901	487	5172	3506	507	4343	419	1297
5349	3486	4693	3131	5376	5177	6939	476	3111	285	730	2737	2715	3161	4210	2090	5864	819	4405	7192	2381	7011	3086	5741	2786	5925	6379	341	2931	120	6558	6729	4128	5932	3658	1253	4997	2999	7261	3199	6644	1050	4814	2762	3995	1139	3957	4843	1376	3985	3178	2683	6268	5726	6378	1747	6391	6027	690	363	211	6841	3384	3129	1085	3445	7217	4303	3302	6479	825	1944	1536	2182	361	5523	120	824	5825	5761	437	3660	7124	3263	4199	7053	3410	1978	3798	294	6793	7030	2077	5817	4800	2145	2486	5636	3623	516	3200	3198	352	2142	4174	3204	3604	1590	4701	5862	6984	2721	4297	7122	1503	3426	1351	4778	4101	5765	1581
6363	3328	1325	3031	2570	120	4612	4068	183	2448	3120	985	4662	3326	1180	2260	6344	2844	6740	6156	6034	6241	6565	5013	6454	1231	4009	1618	4675	2128	6692	2032	744	169	4769	1789	4327	1369	3199	7261	2484	6496	5574	6251	5910	5007	2246	7024	3202	1813	5764	3799	4937	1375	5966	4859	5577	823	1086	5805	2554	4591	1135	2291	6392	528	120	2086	3971	3348	725	6762	5735	837	215	6803	2796	6305	732	7143	5304	2354	1620	859	373	1586	6893	5928	2668	3446	2175	3237	2614	4757	398	4632	700	964	1310	2734	175	3753	291	3977	2326	2158	4870	2466	842	274	4593	4916	6220	6155	3193	2576	257	1175	3383	194	3827
1435	6908	7174	6996	5521	2098	2718	829	3239	2823	1100	2039	3844	3733	1875	1712	2660	854	671	4443	4635	4933	1481	7250	686	498	1236	3612	5470	6203	2176	7098	2476	569	6495	6892	1383	3746	6644	2484	7261	1647	417	5622	5731	6852	5350	1093	3092	2584	2172	502	3418	4216	3492	2277	2468	6826	2885	6796	1977	2002	5777	1708	7184	5344	1234	7120	2216	120	3976	988	1873	6334	2607	4558	3230	2741	2732	1479	3756	2982	4230	2612	2173	120	3327	1238	2351	290	4052	4695	5251	3277	2388	5029	535	872	3359	4582	2046	5090	2653	1589	6442	415	980	5254	4995	4803	2848	5683	913	4241	508	704	2217	6708	1645	5873	3570
881	3952	1636	1523	6567	7224	5665	6053	2107	6767	5104	3233	5754	6922	2370	4627	1170	6878	455	1694	1710	1470	7126	7159	5891	7225	6900	2605	367	4380	7147	1544	5794	4391	3984	6368	2222	504	1050	6496	1647	7261	1847	6336	1361	5503	335	3918	5240	1303	3531	1056	3050	467	3981	3185	6690	5819	6005	6184	6704	4074	464	7198	5625	6671	1237	7209	3258	6257	3807	1389	3175	688	3591	1638	312	3088	4651	466	996	3395	5923	2140	5500	5100	7037	4813	1595	5769	7240	120	3166	1578	6356	4007	1494	1384	156	3259	6381	2640	210	6296	6388	912	4189	2084	2810	4679	728	5890	4901	4120	2851	2337	6596	1359	2412	646	384
3431	3871	1398	6485	2238	727	3387	4682	3454	4194	1493	1833	6478	4084	1522	7085	2613	3491	5647	1134	6215	6933	5425	3127	1430	2573	4143	2542	4567	2290	3724	5373	2349	6817	1487	5308	6533	505	4814	5574	417	1847	7261	6488	2407	2789	4178	7237	4158	3211	4332	4815	4640	2250	1985	6277	5275	120	5003	1404	2755	4719	1937	442	4229	1251	6066	2244	926	7081	955	544	4428	7150	4855	6370	1732	3372	1967	3056	302	4427	6985	809	6637	2623	3300	6407	6888	908	5888	2005	5159	6015	4347	6466	7068	3296	3596	1803	4744	5068	6602	5195	585	4180	4338	2709	1006	6429	297	1226	1968	1576	5448	120	1156	2557	6867	4375	3102
4006	4202	289	6146	2447	724	1905	3785	4944	6695	235	6154	5856	1941	587	413	3170	5320	779	4412	2089	3546	5360	3723	120	120	3366	1184	6112	3744	3487	1982	7014	1951	5814	5759	4945	3480	2762	6251	5622	6336	6488	7261	396	1623	6743	4203	5369	4639	2826	1363	1415	6204	318	5600	135	541	3625	2551	4045	2329	6642	5961	813	4592	4145	2067	3075	4257	6952	1729	1621	1733	5039	3566	7017	2541	1049	1686	1200	2615	2193	993	3870	548	1936	7091	4508	6050	1999	5156	4972	2585	5198	2345	6263	2801	4920	1495	427	4016	6886	598	1886	5148	2693	2334	4579	5586	3422	5824	4100	7228	518	4994	5076	1885	3687	2366	4036
1770	2770	3782	7247	5584	5108	2187	1141	2961	7236	1969	743	4661	5469	3765	5232	120	4005	4782	2671	6691	1217	1527	5133	6763	1438	3502	5264	6563	2323	719	348	2889	5847	2871	3834	2186	2686	3995	5910	5731	1361	2407	396	7261	923	1706	7052	4680	6682	4542	5348	5488	6317	6979	2035	6730	3884	5738	6079	6271	6039	7188	7112	2725	4185	283	6285	6983	1614	4880	2148	1256	3107	6170	3545	6188	6620	3319	349	6685	329	2890	604	2092	4171	403	2340	1260	6966	2442	3283	594	3729	773	1040	6213	421	6444	6646	120	3449	380	1016	3110	3767	6083	5906	5985	4432	418	1916	3323	770	2918	5192	4088	2891	5490	5094	120
2947	3083	3430	1914	5971	2265	5949	6887	2730	5165	4793	447	1926	3732	2878	3330	2281	1908	2478	4117	339	4550	6915	7055	3299	822	303	2097	4909	6426	232	6845	3859	5171	740	213	6541	3182	1139	5007	6852	5503	2789	1623	923	7261	4465	5443	6136	2453	1954	6265	6650	5767	564	6049	6931	4774	4864	2383	6467	2261	6864	1420	2594	120	3332	1413	1597	3504	2163	353	6710	4786	4925	5939	6936	6722	7003	2537	5456	553	524	2095	5423	4220	3435	5841	6534	1616	6811	6588	5839	6253	3141	499	3027	296	1285	4211	2847	5582	1662	2227	760	3495	2229	2724	3686	4085	3207	217	2325	3368	3594	1846	3533	3101	7231	3408	1792
933	3221	1276	1845	6099	1741	1061	6374	5130	2184	3983	849	5564	4952	120	4896	5287	6614	5685	4805	4351	5115	2091	5780	664	6470	405	5519	5484	658	6610	1720	3535	4086	3752	6224	5154	1102	3957	2246	5350	335	4178	6743	1706	4465	7261	7235	3945	452	4308	5919	6512	2099	2060	3776	5732	3954	4742	5630	6919	1294	2881	862	4530	783	4323	3993	1538	5188	2539	6800	3822	4242	2611	1631	5562	843	7149	7215	787	4157	1540	203	5406	5244	6122	2580	2994	5753	2350	6403	5236	7218	7219	7069	4696	2957	2877	7129	2929	441	2342	2183	6911	1878	3828	6818	6913	216	3992	236	6337	5641	167	6249	2695	2767	4082	5698	4948
5426	1617	6587	5529	4065	7258	4193	6946	4326	1641	4419	1725	332	5404	248	5504	852	1650	2869	3106	7075	5365	4882	4513	4643	1777	4983	6731	3035	1213	1659	120	5742	2807	3497	6298	1387	4751	4843	7024	1093	3918	7237	4203	7052	5443	7235	7261	2521	3369	4429	2761	4589	3228	6452	7141	1759	1266	4317	4479	1024	1715	774	4340	3905	3100	4030	5277	1611	6914	2343	7249	1835	5201	860	3247	1593	1673	5141	2952	539	6969	3670	5639	2398	3308	3415	1594	6234	3038	711	1331	3047	1714	2977	3802	1676	6957	406	4234	120	3581	1132	5322	1962	3082	245	718	4214	1191	756	5553	3028	3401	5110	3629	451	4726	1888	364	5980
3341	2006	1502	4012	121	2600	1775	7105	4314	5695	4683	6607	1794	4424	6414	4517	5832	2112	5990	4368	4707	4601	1865	3598	3025	7205	4804	6054	4633	389	1476	5962	6879	1455	567	5042	5092	3349	1376	3202	3092	5240	4158	5369	4680	6136	3945	2521	7261	7063	558	3830	4866	6438	4914	512	3158	4689	3467	431	4620	207	5440	6664	3403	5840	1107	3362	6417	2409	999	1035	120	1117	2254	2146	2769	6398	6208	5263	120	5081	1034	6304	3333	5362	193	590	1760	3934	293	3980	4236	4213	961	3701	526	3343	2456	3966	1784	3641	6638	269	962	5613	5242	4527	1511	3112	1812	2958	5996	2408	1524	6707	2378	6211	401	903	2333
3948	1800	1330	5673	2684	6528	1582	3714	6605	3382	2459	1500	1772	4789	1456	1133	6183	3310	1322	4837	6755	1998	2444	6825	637	4514	2289	7165	6522	1165	5518	3671	4267	1716	426	6927	5223	3371	3985	1813	2584	1303	3211	4639	6682	2453	452	3369	7063	7261	5312	3143	6549	4590	6566	2636	2888	4222	120	6088	5000	7028	1498	5573	6081	2003	6497	5505	5422	1289	1637	4337	3206	254	6217	2642	6166	5710	3094	6023	4463	2374	1482	5646	3646	6279	120	5395	5879	3809	2815	4764	4883	4734	2271	3090	5430	2127	6329	3697	3138	5535	2159	5868	1038	5358	3958	6386	4784	798	5660	2790	2008	802	3618	2078	3940	6141	5137	833	708
4090	4732	322	1454	7130	120	4201	1169	6290	649	904	4913	4060	1144	943	1426	440	4613	3192	1571	4799	4069	2195	889	219	4121	4160	4489	624	772	6618	6505	2280	6843	2618	5399	5762	4175	3178	5764	2172	3531	4332	2826	4542	1954	4308	4429	558	5312	7261	3292	4600	1431	4094	4806	3217	2332	1521	1711	3499	5701	5594	6989	5616	1045	866	5789	5023	5652	3029	6773	4759	3287	1563	643	310	6422	4371	6949	6030	1087	2937	4206	267	136	4261	3772	5017	6662	3938	5498	6377	161	5354	2144	6668	120	1889	2498	6060	4062	3052	6504	6750	3960	4080	2072	1917	1734	3071	3256	5846	5708	5538	4061	4252	4228	6312	4192	252
132	4357	998	2971	3895	4058	6556	4940	2203	6192	885	3576	3011	1806	2435	7221	6942	6718	1192	7062	2133	1216	972	4285	1492	1248	3232	2258	378	5694	240	5129	4538	4798	6812	120	4265	4373	2683	3799	502	1056	4815	1363	5348	6265	5919	2761	3830	3143	3292	7261	6584	229	6096	6674	2513	4015	2951	3303	4568	781	4482	1836	1790	6456	6232	4718	5854	6297	4454	4929	6589	749	3000	1549	5659	1155	1822	5340	120	3769	6608	2397	5955	5027	271	1858	6765	1353	7227	5717	122	4728	5098	2015	6693	3586	2360	6593	2259	1653	2517	4607	5411	5383	4547	1844	2985	6418	1773	5672	5272	3824	3139	4129	4038	6643	3073	4277	1884
1282	6100	4123	2681	1797	7210	5848	7074	1964	6433	517	1818	1751	1239	2275	2592	3374	5861	639	1996	6259	5643	4736	5590	3536	4126	4850	170	2317	120	1009	5363	4363	360	372	1607	5837	6228	6268	4937	3418	3050	4640	1415	5488	6650	6512	4589	4866	6549	4600	6584	7261	4771	1974	4179	2833	5284	514	4335	4168	493	3743	6679	2496	5072	272	3177	6570	6515	3301	3676	6687	3008	797	7193	1744	6288	382	7157	4563	3320	5546	6917	4292	5918	5113	769	4043	1223	2827	4957	2979	4848	6104	479	4483	4127	665	6353	5353	369	4548	2993	1728	699	5963	2571	4491	3695	1532	3293	3452	4792	3868	3273	2800	1975	6656	6524	1259
5468	4144	6206	7084	5720	6420	609	3883	2677	3482	2905	5681	1187	4722	4645	5651	5512	1122	402	159	6782	1222	3367	3721	5930	5050	6090	6475	3345	185	1148	489	1871	5044	7176	2141	6043	5220	5726	1375	4216	467	2250	6204	6317	5767	2099	3228	6438	4590	1431	229	4771	7261	4260	5922	1188	3254	3488	971	1904	120	4047	3282	195	601	3793	5213	804	3644	3216	2894	3004	3405	2858	4458	2299	3245	2022	2424	3462	2395	4773	2149	5398	1288	6427	4275	4841	383	3220	2025	5413	6162	457	1163	5330	3528	3611	3760	4654	2500	1037	6447	7121	6132	4442	120	4559	1115	3001	2604	2179	5702	6830	1011	2224	7077	4847	3851	1959
120	6218	287	5478	5005	246	5633	5132	5392	6532	6364	2872	925	5997	2735	1057	1671	1613	5248	1118	2430	899	1854	5402	617	4704	1776	4149	2748	4819	333	6193	5706	1840	6299	4625	6877	2772	6378	5966	3492	3981	1985	318	6979	564	2060	6452	4914	6566	4094	6096	1974	4260	7261	5768	3267	5835	6896	2245	6839	4748	4403	6045	4982	4191	1197	1737	5031	5117	3831	1501	4830	4475	5048	6959	4788	4197	952	1821	4664	3037	6513	6161	6901	469	6207	596	3227	2096	5260	6799	2814	6976	3607	5988	3538	5881	2739	1863	1343	7045	7208	7155	3471	2445	3144	3707	3649	4730	3081	5548	5782	672	154	4295	4647	3513	6574	3464	3409
6080	2855	5414	3080	3084	1629	6443	1945	5897	3440	5859	3563	966	4604	4420	5153	5034	226	940	6510	3677	2849	937	7156	3562	2540	5444	3381	4493	986	495	2235	3512	5384	5795	720	5688	6748	1747	4859	2277	3185	6277	5600	2035	6049	3776	7141	512	2636	4806	6674	4179	5922	5768	7261	5377	6455	1467	7164	2457	1421	6640	3519	4353	5160	205	1017	6406	1417	2114	4926	390	2916	693	785	3996	635	7082	6711	4152	5857	4902	911	6284	5028	5338	5999	1039	1809	3961	4714	3944	6171	276	5775	1410	3360	120	5185	2787	4075	1334	2312	4970	5674	4541	3121	7097	845	6661	2701	1150	5682	545	5486	1377	244	1408	7243	4648
2196	3167	6107	3947	6164	120	2263	4319	1672	6758	4577	2575	2893	3423	5555	7142	5865	5707	1414	4025	2531	4440	5319	5018	4644	3150	1887	1103	2017	3276	2522	6040	6254	5895	4950	3346	5907	6321	6391	5577	2468	6690	5275	135	6730	6931	5732	1759	3158	2888	3217	2513	2833	1188	3267	5377	7261	2242	3023	6017	2598	5457	5437	4978	5737	4956	3632	5190	2689	5537	449	5911	6149	2794	788	2558	5433	4953	918	5123	1531	3271	6827	1879	742	4418	4108	5952	435	2950	3334	371	5716	3404	120	1284	6925	5114	2917	259	755	1075	288	2120	1625	3479	2608	2627	6786	6894	3458	5473	4858	1515	6111	3434	306	3741	393	5231	6741
5313	1557	7139	2901	1984	4886	5631	5709	6870	1329	2746	1461	1402	6194	6961	1067	6688	4002	4286	2788	858	6498	5728	3719	513	2530	6432	7090	3057	3969	6874	3537	5866	6300	4032	3768	2518	4372	6027	823	6826	5819	120	541	3884	4774	3954	1266	4689	4222	2332	4015	5284	3254	5835	6455	2242	7261	1853	1704	1394	7246	4106	626	4054	828	4073	4010	703	1090	6920	2840	6792	4433	1859	5964	3015	4044	6889	7178	6348	4544	5067	792	2700	6105	4758	1164	6338	2346	2508	1872	2157	6047	1101	1598	4423	4676	6103	5580	1378	5477	2682	6135	3522	3692	2000	4468	1786	5972	7195	5036	1028	1615	4779	5459	1054	1233	976	4081	3568
1026	4037	5559	3097	4485	3628	1902	2021	4571	3784	5265	6383	3252	3067	6002	4255	2215	975	3268	3602	1568	4077	5712	3777	3647	6137	3494	3012	5008	2966	6064	1938	1140	5968	3152	2041	5530	5222	690	1086	2885	6005	5003	3625	5738	4864	4742	4317	3467	120	1521	2951	514	3488	6896	1467	3023	1853	7261	2706	4821	5140	4227	1092	275	3324	1000	3309	3526	1023	2434	1432	846	1193	1942	5074	3755	1960	5025	1473	1857	747	7230	3517	5229	5796	3468	4050	444	2935	279	6630	3951	6583	6462	3016	5314	4026	2181	906	603	5375	1555	1433	6555	2122	597	4115	6872	2205	365	4381	3226	2547	6173	1514	6820	5305	6389	5540	796
3317	3922	3215	6667	1983	2376	1643	2402	4122	4785	6781	1943	6199	5462	295	683	1654	3705	2401	523	2666	1004	4727	1224	4824	1931	1507	4927	644	4250	3860	4537	6191	1001	2698	2153	3929	2729	363	5805	6796	6184	1404	2551	6079	2383	5630	4479	431	6088	1711	3303	4335	971	2245	7164	6017	1704	2706	7261	6038	5836	2644	5624	5576	1850	492	6190	5246	2029	1316	1534	6595	3551	6280	2361	6046	4969	4324	5678	853	2837	4467	5460	2298	1604	4808	2143	1815	150	5202	3413	6182	4974	5024	1097	5221	1802	2581	820	2736	876	2042	3456	2353	3078	4104	6372	6553	120	5920	6393	533	6652	4219	6527	3738	2944	2219	4484	3313
4709	1484	698	5087	7118	3544	1667	2059	6617	149	298	5645	4105	5095	5075	3587	1158	4763	1121	120	6821	3661	1168	5207	2165	181	2382	256	1591	120	3208	1405	6847	404	5783	7211	6269	228	211	2554	1977	6704	2755	4045	6271	6467	6919	1024	4620	5000	3499	4568	4168	1904	6839	2457	2598	1394	4821	6038	7261	902	1972	6766	1385	4497	4939	120	4280	6880	4686	5671	978	6991	3026	6216	2241	2220	3063	963	1337	5151	6771	255	3284	3666	3645	4089	6929	1855	2924	4131	549	2691	1262	5844	7036	4008	5336	120	3619	3279	2314	1831	2030	6248	3880	3242	1920	2297	6076	6591	3509	2774	6633	6701	6857	2192	6885	5898	6850
7103	7183	3361	1143	3389	4356	4217	1396	582	350	2756	5668	3093	5043	120	4434	2740	2678	5173	3085	4762	1071	2606	5619	6535	2545	120	3036	2339	5004	1185	3156	351	4505	3617	3425	3841	6129	6841	4591	2002	4074	4719	2329	6039	2261	1294	1715	207	7028	5701	781	493	120	4748	1421	5457	7246	5140	5836	902	7261	4480	2930	2945	5485	5359	4196	1925	3460	5778	1702	4083	4266	4098	4509	4715	5569	1748	4703	6000	4588	237	6678	5896	3146	5010	1299	5501	1055	2626	3429	1520	5071	4024	6858	120	6424	6546	5483	3750	1300	4560	4761	1722	4461	6423	3994	5471	3419	4968	2555	2085	1655	6127	6347	4147	120	3475	1271	6754
7203	6647	5755	6677	4840	4629	2166	5917	120	1250	5296	3241	2579	2876	5214	5022	5813	4713	334	870	6343	1354	120	3145	1142	3275	5604	768	416	4836	642	1098	5273	6916	716	1208	5981	2883	3384	1135	5777	464	1937	6642	7188	6864	2881	774	5440	1498	5594	4482	3743	4047	4403	6640	5437	4106	4227	2644	1972	4480	7261	5058	359	6451	1928	4156	2177	319	2019	6635	2702	1458	1746	3857	4555	2269	2955	2123	7047	4725	3115	3757	2733	2369	6463	328	5583	1834	2738	4076	6816	3278	6316	7104	3876	6489	1880	2938	7010	6469	1874	6998	3715	6109	3725	613	3095	956	3838	2063	1622	7128	124	420	3800	6209	4298	1460	432
6805	6009	1577	4638	4452	460	6177	5421	4422	1626	6742	1177	6458	1314	3379	3424	3982	1181	793	968	1649	6197	5947	120	5157	3914	5419	5040	7201	5620	6063	347	6097	6101	4124	3761	1221	2449	3129	2291	1708	7198	442	5961	7112	1420	862	4340	6664	5573	6989	1836	6679	3282	6045	3519	4978	626	1092	5624	6766	2930	5058	7261	6291	6410	5653	580	3585	6552	3289	2572	1892	1713	2743	4183	1324	3147	2151	588	4971	3412	5015	3336	120	2124	960	387	662	1627	4999	120	2180	2012	1345	7153	1628	7182	5718	4384	1765	4163	1781	2780	3637	5073	5914	6219	433	905	4827	5867	2967	2073	1022	5781	4750	2960	6876	4614	6035
4904	1203	784	678	6940	1179	5080	6294	3840	6260	5843	1735	4863	5855	5170	606	1497	6483	6246	5215	3244	120	5388	5184	5315	1290	2601	5810	5933	4165	2226	5550	5850	621	1753	1922	2804	1347	1085	6392	7184	5625	4229	813	2725	2594	4530	3905	3403	6081	5616	1790	2496	195	4982	4353	5737	4054	275	5576	1385	2945	359	6291	7261	896	5293	5303	2286	2248	5899	878	5648	867	1176	7048	4811	4110	5807	1675	5416	120	4162	6508	5316	4004	4488	1113	984	2279	4893	2610	3892	1079	907	6828	6794	3058	2995	5167	3266	6068	2980	5829	5623	2870	2348	7220	4348	537	2117	4450	5282	7115	5745	3105	4182	6972	176	2276	1856
2479	5194	1130	5147	1639	1335	459	1956	3656	3393	6394	2174	2775	3696	1561	7044	1483	967	2490	712	5953	7148	4301	6325	5549	2697	669	4980	3748	3390	2211	5984	1447	120	6970	6342	2367	2797	3445	528	5344	6671	1251	4592	4185	120	783	3100	5840	2003	1045	6456	5072	601	4191	5160	4956	828	3324	1850	4497	5485	6451	6410	896	7261	2538	5155	4315	6809	3392	3689	2038	1131	436	3032	2404	468	2976	6145	3873	4161	1648	1318	4240	3727	5929	3745	5510	6945	2588	6992	5175	3428	3529	3610	3017	1721	4365	5269	1173	3103	5533	6569	1896	2853	959	4426	679	5463	6928	3280	5226	5644	3356	4615	1391	4677	5122	6988	3601
2055	3391	831	800	4796	5749	1795	2861	2126	480	1286	4666	5528	4641	3889	3489	6575	355	6330	2839	1374	2400	935	6564	3592	2690	4316	540	3903	2044	648	2052	231	1646	337	5239	6801	6354	7217	120	1234	1237	6066	4145	283	3332	4323	4030	1107	6497	866	6232	272	3793	1197	205	3632	4073	1000	492	4939	5359	1928	5653	5293	2538	7261	7223	6995	6509	4078	5916	2808	4003	3909	4341	5993	1601	6654	1609	6276	2685	5531	6719	6367	6098	4908	3249	6445	2319	120	356	120	2818	2832	2659	4602	2841	3448	2983	327	875	6428	3758	2034	2776	4865	6311	7234	6142	2451	2863	5602	5403	4247	6405	1848	1228	4961	6578	3364
1994	5298	641	6306	2357	2562	1033	4708	3463	4671	2403	2609	4281	4917	428	2154	1995	1605	7125	4637	4118	6153	2534	5334	893	5118	7206	1940	3855	1272	1078	7002	4594	5771	3796	2727	3250	5806	4303	2086	7120	7209	2244	2067	6285	1413	3993	5277	3362	5505	5789	4718	3177	5213	1737	1017	5190	4010	3309	6190	120	4196	4156	580	5303	5155	7223	7261	6074	3066	5908	5563	5465	633	2711	521	5785	5657	397	3997	3584	6934	780	5591	2307	6676	264	1295	3002	1624	1206	3848	6123	5791	530	2371	4278	5445	1692	1723	589	6486	1365	2805	381	556	1933	1785	5472	2752	3474	1442	2016	4973	2835	7161	2638	2136	5526	214	3201
4540	7251	5798	1129	4890	3009	4393	3795	628	721	4646	4299	6011	3500	6358	4752	1364	6092	2910	2101	5235	6726	1007	4831	5056	2759	7005	4329	2874	6536	4023	1950	6954	7092	6672	2989	2335	855	3302	3971	2216	3258	926	3075	6983	1597	1538	1611	6417	5422	5023	5854	6570	804	5031	6406	2689	703	3526	5246	4280	1925	2177	3585	2286	4315	6995	6074	7261	1240	3839	4565	6680	2673	2138	1684	5134	223	6519	2675	5733	4511	2058	5818	5724	6221	2744	1277	4503	5019	1783	2637	909	6001	3508	5951	3523	5938	6735	4313	6468	6700	4057	1727	4444	3450	6272	5189	3142	7162	3829	1804	6732	5475	3124	2936	6580	887	5492	120	324
3595	1323	7066	7006	3076	4681	1876	5513	2191	5256	7018	6554	938	3704	5551	4554	2559	3493	2477	2362	4820	6056	188	3708	186	5506	5271	3053	308	1560	615	1265	7254	5784	2773	2198	5482	1021	6479	3348	120	6257	7081	4257	1614	3504	5188	6914	2409	1289	5652	6297	6515	3644	5117	1417	5537	1090	1023	2029	6880	3460	319	6552	2248	6809	6509	3066	1240	7261	4910	3737	5180	1063	317	2921	165	2563	2900	2406	3186	6978	3205	2421	344	6148	1077	2287	1072	754	6058	2308	6120	6036	1346	5054	6095	2867	6409	6909	6437	7137	1218	6061	2454	2625	630	936	5734	1810	5431	4851	5587	5106	5084	3238	3801	707	1041	6461	4235
1014	4406	5429	3751	307	5381	6798	4716	6244	120	5329	1542	1642	4159	4096	2048	5627	5655	2597	4743	4389	6926	3567	1388	6140	3991	1360	5307	6295	3874	5447	5262	2139	2567	4139	5719	5729	2160	825	725	3976	3807	955	6952	4880	2163	2539	2343	999	1637	3029	4454	3301	3216	3831	2114	449	6920	2434	1316	4686	5778	2019	3289	5899	3392	4078	5908	3839	4910	7261	5441	3565	1444	2865	547	942	1247	5877	5822	6492	120	3164	2830	3351	757	7132	1306	4829	2777	1559	2630	5800	473	4889	120	4520	7113	5815	5204	3712	6971	3337	4055	581	2427	6720	941	6365	4756	791	2667	2303	7064	1640	506	2927	3763	120	2080	6020
496	3893	6071	4787	120	5038	1583	1227	7169	4431	212	191	1861	611	1027	1182	5328	5739	1068	6506	5543	5921	3137	3999	6571	5351	4487	5937	3789	6225	1988	3864	6733	2714	6875	4767	5605	2463	1944	6762	988	1389	544	1729	2148	353	6800	7249	1035	4337	6773	4929	3676	2894	1501	4926	5911	2840	1432	1534	5671	1702	6635	2572	878	3689	5916	5563	4565	3737	5441	7261	3385	814	3698	560	6233	3932	4204	2460	1320	6653	5967	2984	4723	2803	4595	1820	6814	5290	3812	5323	1882	6273	532	2820	1305	1562	2919	4017	4334	6464	3902	239	6706	155	2895	5831	4928	4657	120	5292	5779	2057	841	5352	5704	4967	762	171	1509
2293	120	2365	453	5062	6783	7190	1309	5302	4552	767	2771	120	3465	2264	7034	2237	3852	2121	4543	140	2674	6227	2492	6941	1161	4660	3441	847	2988	262	430	342	4225	4438	4352	1814	6955	1536	5735	1873	3175	4428	1621	1256	6710	3822	1835	120	3206	4759	6589	6687	3004	4830	390	6149	6792	846	6595	978	4083	2702	1892	5648	2038	2808	5465	6680	5180	3565	3385	7261	4873	6611	3234	2784	3787	982	6195	1083	3010	6696	1332	2669	120	6776	983	7259	2713	1764	3572	5162	3270	863	164	5750	4188	5249	5144	3963	2413	2569	7110	4534	3609	120	2859	2544	6551	6339	1229	4408	7020	6178	2497	5649	2556	4370	6716	6274
5238	6419	2007	4911	1947	3062	839	5011	120	6631	1949	6627	3377	6044	2257	4845	7167	7226	1123	2417	5467	3421	3882	2782	3706	1214	6600	3766	5743	6331	2232	4397	1313	3331	3457	6341	2103	2631	2182	837	6334	688	7150	1733	3107	4786	4242	5201	1117	254	3287	749	3008	3405	4475	2916	2794	4433	1193	3551	6991	4266	1458	1713	867	1131	4003	633	2673	1063	1444	814	4873	7261	2024	2532	689	5786	4650	5511	6373	2485	7180	3742	5418	147	1895	1585	6459	2320	5552	5234	6655	2703	2501	4930	5975	5876	120	3685	299	4557	2251	1516	2915	3654	2304	5321	4358	1644	249	5565	1338	3483	3674	4445	2813	1837	301	3665	2922
3663	4599	1700	5480	3709	531	5178	3549	4700	4294	2529	227	425	410	2628	3770	6126	578	3013	1930	6408	1159	775	1268	1450	2969	2548	4330	7191	5612	6490	2130	3616	3783	3295	4608	6029	7133	361	215	2607	3591	4855	5039	6170	4925	2611	860	2254	6217	1563	3000	797	2858	5048	693	788	1859	1942	6280	3026	4098	1746	2743	1176	436	3909	2711	2138	317	2865	3698	6611	2024	7261	2561	4119	3510	3294	4453	1573	357	198	1372	4699	3627	120	3061	917	1517	157	1198	1230	2125	890	4051	1082	1124	5534	6594	6059	6777	6474	3624	3651	808	5341	6157	4466	6953	554	3597	1106	5216	4610	4838	3781	2662	2316	1189	6051
4518	2274	4223	1080	6359	4905	6531	4310	182	4822	5913	4556	6110	2061	2632	3897	892	1894	120	7152	1755	1491	2161	4435	2185	6457	3825	856	458	4690	2377	4291	5082	1406	4336	619	3878	3148	5523	6803	4558	1638	6370	3566	3545	5939	1631	3247	2146	2642	643	1549	7193	4458	6959	785	2558	5964	5074	2361	6216	4509	3857	4183	7048	3032	4341	521	1684	2921	547	560	3234	2532	2561	7261	1436	2240	3906	6069	6883	5974	6138	120	5300	4148	7216	7099	2230	5102	5289	2364	4167	3444	4361	2664	1171	376	7021	1380	7061	4765	5642	2811	497	3896	1032	5661	1811	471	1689	7196	5650	5219	4441	2010	2896	5766	2898	6346	1366
3711	4328	2066	6202	7204	4279	1278	6937	2519	1739	6834	954	1539	4963	4921	2221	5310	5099	1867	1464	6974	5763	2285	3240	945	2356	4262	6542	1274	1424	134	6340	5965	3087	5079	5978	1823	3898	120	2796	3230	312	1732	7017	6188	6936	5562	1593	2769	6166	310	5659	1744	2299	4788	3996	5433	3015	3755	6046	2241	4715	4555	1324	4811	2404	5993	5785	5134	165	942	6233	2784	689	4119	1436	7261	737	5502	1196	3132	3335	4584	6831	2318	3049	1554	3657	2480	2288	4674	4628	552	4224	4702	4173	5370	3626	3541	3155	3354	120	2064	4049	2649	4251	6384	4399	3530	130	1280	2178	5342	7185	2284	2110	6639	4867	2028	6165	2020
463	6918	7067	7013	343	3953	5901	2082	4401	620	7023	1194	1953	3634	4546	6460	5055	5109	2745	6118	5525	4906	3373	4551	5509	4116	6684	3818	2754	120	6258	5169	3943	386	7026	4669	5266	4269	824	6305	2741	3088	3372	2541	6620	6722	843	1673	6398	5710	6422	1155	6288	3245	4197	635	4953	4044	1960	4969	2220	5569	2269	3147	4110	468	1601	5657	223	2563	1247	3932	3787	5786	3510	2240	737	7261	4932	1263	3285	6057	4136	4415	6943	527	3821	4320	4312	5091	5126	3553	1201	3181	924	3532	448	3054	5725	4918	2464	4512	7004	4659	6973	2433	5842	3414	4378	2687	6838	6292	2189	2462	6881	5589	2164	1963	6396	4856	1019
5125	4492	316	2045	3631	3358	6856	6278	1868	5446	6746	2854	3524	6366	439	4349	2440	599	2482	4437	2742	2204	6629	4712	5301	3702	3930	2272	4706	120	2546	3933	4039	5826	1986	806	4293	3548	5825	732	2732	4651	1967	1049	3319	7003	7149	5141	6208	3094	4371	1822	382	2022	952	7082	918	6889	5025	4324	3063	1748	2955	2151	5807	2976	6654	397	6519	2900	5877	4204	982	4650	3294	3906	5502	4932	7261	5390	5224	5306	424	4795	3667	1204	3109	4382	4564	4733	2852	6024	3407	6855	5439	6675	5364	6948	1326	1569	5409	243	5973	3325	1333	142	1652	525	4470	3281	3881	3749	2535	5060	4053	1030	4477	3803	6548	6286	1270
3842	7056	4735	2710	1632	6714	5069	5874	6615	6576	4975	6116	6621	2132	6840	969	1466	5499	2236	2953	931	4526	3920	1088	5892	5542	5893	1449	4474	6868	1246	1445	534	4221	810	7076	1362	1315	5761	7143	1479	466	3056	1686	349	2537	7215	2952	5263	6023	6949	5340	7157	2424	1821	6711	5123	7178	1473	5678	963	4703	2123	588	1675	6145	1609	3997	2675	2406	5822	2460	6195	5511	4453	6069	1196	1263	5390	7261	260	2206	2879	6604	4421	2228	5243	3477	6968	128	1292	3321	2629	3832	5803	2056	5400	3229	636	3402	120	7241	485	1545	1257	6873	4606	2528	600	1051	2202	6130	3314	2981	3853	5875	7096	5883	6134	3989	163
5927	4862	3635	4839	123	4802	5374	5428	2991	5001	5199	3575	2749	6242	632	4992	4561	2591	1468	5959	4209	4496	2266	6380	4810	3747	3642	3274	6609	3461	1371	5299	144	3561	1990	280	6779	2816	437	5304	3756	996	302	1200	6685	5456	787	539	120	4463	6030	120	4563	3462	4664	4152	1531	6348	1857	853	1337	6000	7047	4971	5416	3873	6276	3584	5733	3186	6492	1320	1083	6373	1573	6883	3132	3285	5224	260	7261	120	6471	1002	6581	2471	1553	3171	5909	2785	575	2489	2262	608	7016	6663	2208	3236	414	5112	1298	5758	6439	141	6133	1580	7087	702	5417	4938	1342	4775	5900	4887	1703	6518	2552	3835	7050	1243	2426
1480	4854	1485	1327	6357	1178	6658	3973	3130	434	5089	6067	1919	2036	3720	1900	7095	1981	7065	914	1003	691	6501	3928	7181	1053	1451	6395	4449	4307	6323	5942	2564	836	2647	1743	394	3555	3660	2354	2982	3395	4427	2615	329	553	4157	6969	5081	2374	1087	3769	3320	2395	3037	5857	3271	4544	747	2837	5151	4588	4725	3412	120	4161	2685	6934	4511	6978	120	6653	3010	2485	357	5974	3335	6057	5306	2206	120	7261	5599	2253	2750	3518	2420	1756	4369	3614	5088	7239	3044	4781	3916	5182	5139	884	7029	1368	1416	4960	4966	1665	4825	3891	745	1893	2391	1069	874	2190	4621	1116	1409	5493	4041	5449	5946	5205	3433
3688	1463	3068	1907	1095	4521	5250	2495	1244	1768	2043	1971	3291	1599	4687	1717	5536	1393	4990	2053	6399	1287	2652	1245	4404	6822	133	5886	2510	1883	4998	4238	6250	3203	4476	3304	2942	2119	7124	1620	4230	5923	6985	2193	2890	524	1540	3670	1034	1482	2937	6608	5546	4773	6513	4902	6827	5067	7230	4467	6771	237	3115	5015	4162	1648	5531	780	2058	3205	3164	5967	6696	7180	198	6138	4584	4136	424	2879	6471	5599	7261	4861	3573	3159	456	120	423	778	2906	2168	3931	120	2380	4232	5830	5545	851	1304	6226	3470	189	5085	4668	5309	7019	6006	3773	4833	6078	2696	7255	5052	7214	4951	1114	7116	1588	3398	3503
4059	6833	4958	5976	173	1899	3794	4409	7109	2001	5063	957	3820	1849	3959	6705	5274	2645	844	1160	4539	1924	5361	3527	7175	818	7163	1987	5128	408	7245	1429	3521	6795	120	1119	5687	1825	3263	859	2612	2140	809	993	604	2095	203	5639	6304	5646	4206	2397	6917	2149	6161	911	1879	792	3517	5460	255	6678	3757	3336	6508	1318	6719	5591	5818	2421	2830	2984	1332	3742	1372	120	6831	4415	4795	6604	1002	2253	4861	7261	5689	6869	6907	4694	253	6683	1750	6493	6715	4895	4524	4881	5871	2311	5466	162	6239	3194	1311	6326	4549	2707	4495	2590	815	3965	6982	1763	3340	4721	1567	3006	710	5696	2549	2943	4772
5045	5161	5690	3858	5380	1105	2047	2507	6411	4624	6313	2213	4705	3098	5009	5788	1719	1452	6666	522	4923	1780	1291	1606	1076	6319	1683	618	4398	2137	4912	1828	4818	2763	1065	5227	477	2970	4199	373	2173	5500	6637	3870	2092	5423	5406	2398	3333	3646	267	5955	4292	5398	6901	6284	742	2700	5229	2298	3284	5896	2733	120	5316	4240	6367	2307	5724	344	3351	4723	2669	5418	4699	5300	2318	6943	3667	4421	6581	2750	3573	5689	7261	1328	5103	5541	1799	4239	4871	736	2155	1425	1174	2882	7107	4611	3079	375	4817	5747	6737	4170	684	1486	1081	1422	1283	2105	2503	6993	2639	4874	3051	2949	5397	1927	4034	571	1013
6004	3580	602	713	6158	5852	3942	6441	3885	3978	3030	6778	6950	7172	5618	4536	4529	6649	180	2331	3967	1207	2379	1060	1146	6787	3673	4685	4710	443	4583	1678	2014	2423	2765	6616	6117	2214	7053	1586	120	5100	2623	548	4171	4220	5244	3308	5362	6279	136	5027	5918	1288	469	5028	4418	6105	5796	1604	3666	3146	2369	2124	4004	3727	6098	6676	6221	6148	757	2803	120	147	3627	4148	3049	527	1204	2228	2471	3518	3159	6869	1328	7261	1658	1241	2712	6172	2267	3363	1202	4879	3786	5286	4354	1801	474	682	7009	4446	6484	4580	3962	5152	5083	500	1958	5912	2717	4091	5797	3040	2026	4288	2431	3833	6774	3213	230
6960	6235	6598	1961	4691	3315	2106	1992	6231	6301	4812	1005	1779	2118	3128	5956	1923	3899	4396	377	4360	5366	3590	6745	5654	5432	4794	2962	120	6318	6547	5596	7232	595	120	4456	2897	2511	3410	6893	3327	7037	3300	1936	403	3435	6122	3415	193	120	4261	271	5113	6427	6207	5338	4108	4758	3468	4808	3645	5010	6463	960	4488	5929	4908	264	2744	1077	7132	4595	6776	1895	120	7216	1554	3821	3109	5243	1553	2420	456	6907	5103	1658	7261	687	5131	3394	1774	4283	5558	6849	3869	7189	2171	4027	1769	6262	3854	5006	4150	946	3322	6404	6328	2389	5827	3153	1367	1212	3774	865	811	5101	3722	1696	5225	622	2023
3168	1543	5297	6114	120	4172	6453	4385	3484	1066	3987	5991	5799	5294	2914	1690	399	2834	325	5372	5237	4622	3214	6624	6601	6435	4885	1356	1267	1592	3478	4386	4891	1965	120	5138	4305	5206	1978	5928	1238	4813	6407	7091	2340	5841	2580	1594	590	5395	3772	1858	769	4275	596	5999	5952	1164	4050	2143	4089	1299	328	387	1113	3745	3249	1295	1277	2287	1306	1820	983	1585	3061	7099	3657	4320	4382	3477	3171	1756	120	4694	5541	1241	687	7261	6752	2393	2760	1018	2438	6369	1043	4852	562	1829	5410	4151	7094	5592	120	4656	411	340	5700	250	4455	5567	2622	2565	4400	120	338	4875	1125	2310	3350	4931	6077
4835	1110	2587	2210	2624	400	5487	7049	2301	7256	2817	2583	1661	2963	987	120	7200	5415	4413	6261	5776	827	3764	4457	7199	746	2194	4451	4367	7123	6222	7008	5077	4345	1918	5070	1446	284	3798	2668	2351	1595	6888	4508	1260	6534	2994	6234	1760	5879	5017	6765	4043	4841	3227	1039	435	6338	444	1815	6929	5501	5583	662	984	5510	6445	3002	4503	1072	4829	6814	7259	6459	917	2230	2480	4312	4564	6968	5909	4369	423	253	1799	2712	5131	6752	7261	3817	2868	2553	3005	3955	667	2705	5435	6923	6744	3180	5994	2925	5715	3046	4780	5722	3578	6175	6008	3843	3134	951	6697	6189	4617	2252	4884	3041	2167	3447	1440
1412	6550	6174	1012	6523	5311	158	6102	2223	6335	2392	2414	4692	7173	6813	6728	2862	7089	2483	222	7071	143	4630	563	2439	790	1851	1186	6169	6882	5396	4383	3260	4311	3762	738	1913	6503	294	3446	290	5769	908	6050	6966	1616	5753	3038	3934	3809	6662	1353	1223	383	2096	1809	2950	2346	2935	150	1855	1055	1834	1627	2279	6945	2319	1624	5019	754	2777	5290	2713	2320	1517	5102	2288	5091	4733	128	2785	3614	778	6683	4239	6172	3394	2393	3817	7261	1997	7233	2956	645	807	4243	5804	6623	2491	6543	653	3988	2850	120	4760	1669	2170	145	4741	3253	2135	1793	3668	883	3473	1465	6670	3264	3919	3149	4575
5945	6106	3117	7054	7202	4364	4935	5610	777	4067	2358	6473	2912	647	2864	1852	6521	7032	1025	4395	7170	2256	177	5746	3886	5684	7213	5884	5686	3691	1929	5787	4362	4783	4878	4618	2152	4046	6793	2175	4052	7240	5888	1999	2442	6811	2350	711	293	2815	3938	7227	2827	3220	5260	3961	3334	2508	279	5202	2924	2626	2738	4999	4893	2588	120	1206	1783	6058	1559	3812	1764	5552	157	5289	4674	5126	2852	1292	575	5088	2906	1750	4871	2267	1774	2760	2868	1997	7261	2134	1462	6270	3862	2688	1036	1526	300	5634	1903	6302	3347	3376	2665	2341	1596	6073	5808	5378	3837	3126	4688	5578	5748	5713	4212	5926	2344	3197	4304
5977	5331	3683	3986	6788	4268	3195	4302	6041	4801	2309	4888	5476	5872	6450	2458	1952	379	6094	3823	5889	6502	4447	6201	4249	4535	729	7248	2798	6590	5135	1147	6698	4941	6559	2113	2150	1104	7030	3237	4695	120	2005	5156	3283	6588	6403	1331	3980	4764	5498	5717	4957	2025	6799	4714	371	1872	6630	3413	4131	3429	4076	120	2610	6992	356	3848	2637	2308	2630	5323	3572	5234	1198	2364	4628	3553	6024	3321	2489	7239	2168	6493	736	3363	4283	1018	2553	7233	2134	7261	5412	2050	673	3913	3606	910	3157	1788	3679	4376	2913	6052	6568	1474	1881	5669	4797	5727	1660	6421	6897	529	2419	5116	5730	6997	4137	3269	2904
3979	1630	5508	701	2446	2481	2075	3926	1349	127	3887	1496	3890	4254	4791	120	5941	1403	3819	4411	916	3684	692	5570	555	2074	5860	2654	817	2550	6517	1145	3511	4522	4430	2768	3941	3638	2077	2614	5251	3166	5159	4972	594	5839	5236	3047	4236	4883	6377	122	2979	5413	2814	3944	5716	2157	3951	6182	549	1520	6816	2180	3892	5175	120	6123	909	6120	5800	1882	5162	6655	1230	4167	552	1201	3407	2629	2262	3044	3931	6715	2155	1202	5558	2438	3005	2956	1462	5412	7261	4394	3557	120	4388	4623	3600	6397	4746	4828	6128	1537	4528	1634	6764	2081	2812	4410	625	5520	6014	7135	5111	5261	6240	5496	3123	6016	5427
120	5711	992	826	3034	2494	5479	6717	6124	3442	1392	311	1866	572	6355	6725	1044	5065	5958	1047	6862	1457	3552	6669	5158	1339	2908	450	1805	3375	2651	3018	574	5127	3119	2643	5561	6446	5817	4757	3277	1578	6015	2585	3729	6253	7218	1714	4213	4734	161	4728	4848	6162	6976	6171	3404	6047	6583	4974	2691	5071	3278	2012	1079	3428	2818	5791	6001	6036	473	6273	3270	2703	2125	3444	4224	3181	6855	3832	608	4781	120	4895	1425	4879	6849	6369	3955	645	6270	2050	4394	7261	894	4436	939	1382	5943	5611	2726	4011	482	3125	2802	4134	5560	3964	6281	1269	4155	2425	990	4392	4965	199	696	6768	3703	2793	5566
234	4344	1663	981	1898	973	5515	6859	4846	6619	7111	3588	1957	3357	6425	1808	4093	1399	6836	5834	4300	2037	2197	6727	1423	1565	3735	3622	7229	6028	1010	2603	4737	2355	869	2418	674	2757	4800	398	2388	6356	4347	5198	773	3141	7219	2977	961	2271	5354	5098	6104	457	3607	276	120	1101	6462	5024	1262	4024	6316	1345	907	3529	2832	530	3508	1346	4889	532	863	2501	890	4361	4702	924	5439	5803	7016	3916	2380	4524	1174	3786	3869	1043	667	807	3862	673	3557	894	7261	6895	868	3726	3365	3312	5183	3826	3490	2595	3968	4587	7177	4731	120	1989	6247	1400	2505	3406	4350	1843	1682	5228	4284	6756	1048
2410	5617	2987	2473	7025	6048	6573	475	3924	3845	1767	4186	3298	1167	6784	739	6315	6932	2831	6898	2692	1084	3534	2887	3417	2475	120	2188	3169	4448	2719	3190	919	7252	652	1370	6168	6592	2145	4632	5029	4007	6466	2345	1040	499	7069	3802	3701	3090	2144	2015	479	1163	5988	5775	1284	1598	3016	1097	5844	6858	7104	7153	6828	3610	2659	2371	5951	5054	120	2820	164	4930	4051	2664	4173	3532	6675	2056	6663	5182	4232	4881	2882	5286	7189	4852	2705	4243	2688	3913	120	4436	6895	7261	6293	5257	2783	6891	120	1738	4200	4947	6930	374	4977	857	6899	1976	731	2589	1157	138	4018	120	5752	1550	991	1742	922
930	4471	120	3927	6125	6514	3210	4506	2493	2162	224	3699	5187	3571	6147	663	2934	202	3118	4097	4013	741	3072	6665	5382	3089	4673	3662	2704	6152	6480	6186	6636	5632	6539	830	2568	6477	2486	700	535	1494	7068	6263	6213	3027	4696	1676	526	5430	6668	6693	4483	5330	3538	1410	6925	4423	5314	5221	7036	120	3876	1628	6794	3017	4602	4278	3523	6095	4520	1305	5750	5975	1082	1171	5370	448	5364	5400	2208	5139	5830	5871	7107	4354	2171	562	5435	5804	1036	3606	4388	939	868	6293	7261	6561	6091	6003	4655	1386	6837	1172	2199	2965	3235	126	4390	3900	1508	4987	200	7015	3754	5544	579	1681	5142	2836	3915
4325	1664	3370	5721	2104	2766	6180	5210	5598	6785	1832	1707	722	3850	4533	2461	1791	5012	5638	5940	1205	2328	1546	4237	1296	1602	1921	3808	2087	6819	4597	6525	753	1718	3652	3437	266	6871	5636	964	872	1384	3296	2801	421	296	2957	6957	3343	2127	120	3586	4127	3528	5881	3360	5114	4676	4026	1802	4008	6424	6489	7182	3058	1721	2841	5445	5938	2867	7113	1562	4188	5876	1124	376	3626	3054	6948	3229	3236	884	5545	2311	4611	1801	4027	1829	6923	6623	1526	910	4623	1382	3726	5257	6561	7261	5790	3378	1579	5801	6702	5658	2728	3222	5053	5838	1691	4272	4169	2990	1428	2296	2239	3436	7031	6465	6910	850	2027
6906	4205	3116	120	3397	6440	3593	3165	5705	6648	3520	4993	5626	5970	4464	5451	1459	6709	577	832	3718	2842	3496	1126	726	3603	3525	6115	6121	2525	706	3261	6789	6362	4740	5986	6491	1705	3623	1310	3359	156	3596	4920	6444	1285	2877	406	2456	6329	1889	2360	665	3611	2739	120	2917	6103	2181	2581	5336	6546	1880	5718	2995	4365	3448	1692	6735	6409	5815	2919	5249	120	5534	7021	3541	5725	1326	636	414	7029	851	5466	3079	474	1769	5410	6744	2491	300	3157	3600	5943	3365	2783	6091	5790	7261	2115	5828	2233	4259	1816	4738	3678	3925	3554	631	4573	4653	2968	2385	7171	6981	5693	6308	5356	1235	5061	3224
5150	5037	7102	3231	282	3648	1340	1195	263	3974	4569	2509	4102	2875	1757	3872	2450	3160	3935	2474	6921	5291	2655	278	7038	4576	346	120	6905	5393	6861	3806	3547	241	4790	4981	5924	3736	516	2734	4582	3259	1803	1495	6646	4211	7129	4234	3966	3697	2498	6593	6353	3760	1863	5185	259	5580	906	820	120	5483	2938	4384	5167	5269	2983	1723	4313	6909	5204	4017	5144	3685	6594	1380	3155	4918	1569	3402	5112	1368	1304	162	375	682	6262	4151	3180	6543	5634	1788	6397	5611	3312	6891	6003	3378	2115	7261	3877	3472	6075	2452	2819	4753	3975	4900	3972	6256	1762	1970	2368	120	1419	2079	4729	2031	490	3420	7242
6686	2472	752	6022	5186	1149	4532	3243	5278	2441	4321	2068	3731	948	4572	2791	4857	3307	776	6160	3189	6963	2809	5355	1566	326	2954	2255	5230	6956	3179	3262	5270	610	5335	4504	125	2504	3200	175	2046	6381	4744	427	120	2847	2929	120	1784	3138	6060	2259	5353	4654	1343	2787	755	1378	603	2736	3619	3750	7010	1765	3266	1173	327	589	6468	6437	3712	4334	3963	299	6059	7061	3354	2464	5409	120	1298	1416	6226	6239	4817	7009	3854	7094	5994	653	1903	3679	4746	2726	5183	120	4655	1579	5828	3877	7261	655	7057	2973	3439	928	3939	4626	4991	1698	409	1275	6229	2586	1153	2822	950	3498	242	3560	861
5621	6694	3172	920	3605	4603	2313	3065	2566	1190	6902	3856	6210	4296	4146	5703	7187	120	3388	4263	5635	1574	5119	1434	5233	1674	7136	2218	2926	1841	2520	6947	131	1219	4079	2109	3813	3096	3198	3753	5090	2640	5068	4016	3449	5582	441	3581	3641	5535	4062	1653	369	2500	7045	4075	1075	5477	5375	876	3279	1300	6469	4163	6068	3103	875	6486	6700	7137	6971	6464	2413	4557	6777	4765	120	4512	243	7241	5758	4960	3470	3194	5747	4446	5006	5592	2925	3988	6302	4376	4828	4011	3826	1738	1386	5801	2233	3472	655	7261	3811	1838	6303	5283	6994	4898	3174	4481	880	120	6634	5697	3778	4112	1870	1512	4996	483	5267
3894	5212	2049	4766	6761	4989	4570	5124	715	2795	1089	5667	5894	139	4287	172	734	7160	4724	6085	4276	676	5905	3162	949	4964	2856	7238	1935	591	6562	2892	368	1695	2661	5585	681	4130	352	291	2653	210	6602	6886	380	1662	2342	1132	6638	2159	3052	2517	4548	1037	7208	1334	288	2682	1555	2042	2314	4560	1874	1781	2980	5533	6428	1365	4057	1218	3337	3902	2569	2251	6474	5642	2064	7004	5973	485	6439	4966	189	1311	6737	6484	4150	120	5715	2850	3347	2913	6128	482	3490	4200	6837	6702	4259	6075	7057	3811	7261	3074	6520	4031	2648	3904	4515	5670	614	705	3700	607	7078	3643	1749	3805	763	1633	3514
438	6093	2978	714	120	5002	6236	1701	5950	6832	2708	1807	5676	3734	1471	1166	6844	3577	5677	1109	120	1699	6863	5675	5047	6352	2616	2899	2593	3135	5992	1261	5516	120	1437	4014	7100	3070	2142	3977	1589	6296	5195	598	1016	2227	2183	5322	269	5868	6504	4607	2993	6447	7155	2312	2120	6135	1433	3456	1831	4761	6998	2780	5829	6569	3758	2805	1727	6061	4055	239	7110	1516	3624	2811	4049	4659	3325	1545	141	1665	5085	6326	4170	4580	946	4656	3046	120	3376	6052	1537	3125	2595	4947	1172	5658	1816	2452	2973	1838	3074	7261	7000	5547	834	2292	1094	4135	7079	7043	120	895	7222	2857	2526	592	120	4379	5851
1441	6019	2959	3288	5870	612	6790	3196	7117	3589	6086	759	336	2487	6200	4755	6163	5181	4605	4198	3024	1782	3329	5032	6815	2527	3099	2515	5280	1439	2467	6537	488	5935	2866	5983	4672	2488	4174	2326	6442	6388	585	1886	3110	760	6911	1962	962	1038	6750	5411	1728	7121	3471	4970	1625	3522	6555	2353	2030	1722	3715	3637	5623	1896	2034	381	4444	2454	581	6706	4534	2915	3651	497	2649	6973	1333	1257	6133	4825	4668	4549	684	3962	3322	411	4780	4760	2665	6568	4528	2802	3968	6930	2199	2728	4738	2819	3439	6303	6520	7000	7261	2560	5699	536	5107	3946	5093	5346	2845	6560	1210	3921	5497	6530	6780	5656	120
1096	4033	1901	4834	4943	5821	1489	120	1991	4019	1979	3912	354	4745	4959	2512	3516	4001	656	6769	6181	3717	5268	201	1279	794	6314	6026	258	1336	6823	6842	4596	1766	953	1357	5664	2543	3204	2158	415	912	4180	5148	3767	3495	1878	3082	5613	5358	3960	5383	699	6132	2445	5674	3479	3692	2122	3078	6248	4461	6109	5073	2870	2853	2776	556	3450	2625	2427	155	3609	3654	808	3896	4251	2433	142	6873	1580	3891	5309	2707	1486	5152	6404	340	5722	1669	2341	1474	1634	4134	4587	374	2965	3222	3678	4753	928	5283	4031	5547	2560	7261	3212	4979	6230	2009	2974	1891	4064	657	4113	5571	2405	345	7257	4040	6657
5407	6476	4187	4486	7151	2394	6645	4525	3814	1688	5405	3556	3218	6582	4976	221	2363	385	970	2599	1745	5379	3306	1946	6401	187	6757	6245	1656	5637	4177	1552	7073	7134	5326	4273	6070	4897	3604	4870	980	4189	4338	2693	6083	2229	3828	245	5242	3958	4080	4547	5963	4442	3144	4541	2608	2000	597	4104	3880	6423	3725	5914	2348	959	4865	1933	6272	630	6720	2895	120	2304	5341	1032	6384	5842	1652	4606	7087	745	7019	4495	1081	5083	6328	5700	3578	2170	1596	1881	6764	5560	7177	4977	3235	5053	3925	3975	3939	6994	2648	834	5699	3212	7261	638	989	1519	4619	1668	472	6390	3251	805	4899	5629	5628	5858	6264
5979	5568	3219	5166	6327	3788	5051	3136	1909	5816	6322	4366	6775	4141	2283	1052	1183	4215	1478	5934	5812	1407	1273	4140	5339	573	5033	3427	2013	786	4946	6964	7138	208	2093	3225	3810	4425	1590	2466	5254	2084	2709	2334	5906	2724	6818	718	4527	6386	2072	1844	2571	120	3707	3121	2627	4468	4115	6372	3242	3994	613	6219	7220	4426	6311	1785	5189	936	941	5831	2859	5321	6157	5661	4399	3414	525	2528	702	1893	6006	2590	1422	500	2389	250	6175	145	6073	5669	2081	3964	4731	857	126	5838	3554	4900	4626	4898	3904	2292	536	4979	638	7261	1506	323	5120	4256	146	6350	2911	3879	2699	3797	1099	2428	388
6032	1137	6499	4028	5944	1758	570	6977	3936	879	3104	4531	6865	1091	1475	3582	6031	7131	5579	4581	6659	1680	1778	3923	6282	1381	6751	5833	1307	5121	4519	6416	4711	4955	3077	1477	542	120	4701	842	4995	2810	1006	4579	5985	3686	6913	4214	1511	4784	1917	2985	4491	4559	3649	7097	6786	1786	6872	6553	1920	5471	3095	433	4348	679	7234	5472	3142	5734	6365	4928	2544	4358	4466	1811	3530	4378	4470	600	5417	2391	3773	815	1283	1958	5827	4455	6008	4741	5808	4797	2812	6281	120	6899	4390	1691	631	3972	4991	3174	4515	1094	5107	6230	989	1506	7261	3564	3338	929	6500	2330	6641	1448	7093	3950	3246	3399	5357
6577	6808	979	4553	3865	1120	2033	6196	3060	6884	1635	184	3055	4924	2828	782	6538	2516	120	206	974	4346	5452	7260	5969	5179	6412	2799	5662	1726	958	6387	6351	568	994	3469	651	5078	5862	274	4803	4679	6429	5586	4432	4085	216	1191	3112	798	1734	6418	3695	1115	4730	845	6894	5972	2205	120	2297	3419	956	905	537	5463	6142	2752	7162	1810	4756	4657	6551	1644	6953	471	130	2687	3281	1051	4938	1069	4833	3965	2105	5912	3153	5567	3843	3253	5378	5727	4410	1269	1989	1976	3900	4272	4573	6256	1698	4481	5670	4135	3946	2009	1519	323	3564	7261	1510	1679	5601	292	3739	888	1249	6415	520	160	629
947	5615	816	5327	2076	4248	268	5324	3316	6309	2621	576	478	3154	6472	3682	1469	4417	6747	7207	3970	2997	3380	5149	313	3007	6712	6237	4634	151	152	1488	5193	6632	4029	2094	1697	2083	6984	4593	2848	728	297	3422	418	3207	3992	756	1812	5660	3071	1773	1532	3001	3081	6661	3458	7195	365	5920	6076	4968	3838	4827	2117	6928	2451	3474	3829	5431	791	120	6339	249	554	1689	1280	6838	3881	2202	1342	874	6078	6982	2503	2717	1367	2622	3134	2135	3837	1660	625	4155	6247	731	1508	4169	4653	1762	409	880	614	7079	5093	2974	4619	5120	3338	1510	7261	6673	1827	4663	2131	5575	422	2315	5744	1551	1390
2650	751	7106	4333	1064	4574	265	391	1031	4132	5756	2781	1352	5438	465	6703	5849	3386	7168	6851	5853	921	5723	3847	4407	3949	6376	1890	6176	1232	4072	3875	5408	2422	4355	3771	3400	286	2721	4916	5683	5890	1226	5824	1916	217	236	5553	2958	2790	3256	5672	3293	2604	5548	2701	5473	5036	4381	6393	6591	2555	2063	5867	4450	3280	2863	1442	1804	4851	2667	5292	1229	5565	3597	7196	2178	6292	3749	6130	4775	2190	2696	1763	6993	4091	1212	2565	951	1793	3126	6421	5520	2425	1400	2589	4987	2990	2968	1970	1275	120	705	7043	5346	1891	1668	4256	929	1679	6673	7261	1264	1525	733	3908	3693	6223	4109	660	6333
209	1556	3059	1973	2514	2470	4869	6612	3344	3140	873	486	3804	1529	1070	2998	4195	4414	5987	2676	2300	5556	5450	3305	2946	2758	1154	4658	898	661	4500	4264	821	7035	5066	1401	6724	4842	4297	6220	913	4901	1968	4100	3323	2325	6337	3028	5996	2008	5846	5272	3452	2179	5782	1150	4858	1028	3226	533	3509	2085	1622	2967	5282	5226	5602	2016	6732	5587	2303	5779	4408	1338	1106	5650	5342	2189	2535	3314	5900	4621	7255	3340	2639	5797	3774	4400	6697	3668	4688	6897	6014	990	2505	1157	200	1428	2385	2368	6229	6634	3700	120	2845	4064	472	146	6500	5601	1827	1264	7261	1443	1042	1912	5209	6065	3290	3272	7146
6579	6603	3559	4416	5279	129	5333	4670	3133	4331	1074	4290	891	3669	5902	4642	2884	561	2387	1826	6586	6835	5030	640	5989	5609	1138	1254	605	5191	1610	4954	1730	7059	5347	2964	4566	3901	7122	6155	4241	4120	1576	7228	770	3368	5641	3401	2408	802	5708	3824	4792	5702	672	5682	1515	1615	2547	6652	2774	1655	7128	2073	7115	5644	5403	4973	5475	5106	7064	2057	7020	3483	5216	5219	7185	2462	5060	2981	4887	1116	5052	4721	4874	3040	865	120	6189	883	5578	529	7135	4392	3406	138	7015	2296	7171	120	2586	5697	607	895	6560	657	6390	6350	2330	292	4663	1525	1443	7261	3907	2011	2602	3937	304	5196	2336
995	6613	4402	2305	5016	321	5367	4678	1059	1317	6013	4494	6951	120	5097	4063	4071	1906	4166	6511	5391	3653	6021	1915	4253	901	5522	5680	6544	2753	5401	6749	6010	1209	4776	4190	6944	487	1503	3193	508	2851	5448	518	2918	3594	167	5110	1524	3618	5538	3139	3868	6830	154	545	6111	4779	6173	4219	6633	6127	124	1022	5745	3356	4247	2835	3124	5084	1640	841	6178	3674	4610	4441	2284	6881	4053	3853	1703	1409	7214	1567	3051	2026	811	338	4617	3473	5748	2419	5111	4965	4350	4018	3754	2239	6981	1419	1153	3778	7078	7222	1210	4113	3251	2911	6641	3739	2131	733	1042	3907	7261	6935	5931	1657	1108	1736	1505
2641	2620	6829	6628	3265	680	1860	1796	5343	1897	4499	1932	3659	1411	6967	4462	3675	6853	5164	2672	6449	6243	481	5792	4942	5608	6087	3664	7166	2986	2670	6689	1948	5458	1453	4907	3620	5172	3426	2576	704	2337	120	4994	5192	1846	6249	3629	6707	2078	4061	4129	3273	1011	4295	5486	3434	5459	1514	6527	6701	6347	420	5781	3105	4615	6405	7161	2936	3238	506	5352	2497	4445	4838	2010	2110	5589	1030	5875	6518	5493	4951	3006	2949	4288	5101	4875	2252	1465	5713	5116	5261	199	1843	120	5544	3436	5693	2079	2822	4112	3643	2857	3921	5571	805	3879	1448	888	5575	3908	1912	2011	6935	7261	5845	2065	5136	685	6494
5936	654	4665	5143	6585	799	233	2225	277	7007	6214	2843	429	5371	694	4138	5904	6772	5086	1281	1321	4056	446	6938	1541	2582	1839	1348	3779	5245	197	4322	3248	6310	178	120	5385	3506	1351	257	2217	6596	1156	5076	4088	3533	2695	451	2378	3940	4252	4038	2800	2224	4647	1377	306	1054	6820	3738	6857	4147	3800	4750	4182	1391	1848	2638	6580	3801	2927	5704	5649	2813	3781	2896	6639	2164	4477	7096	2552	4041	1114	710	5397	2431	3722	1125	4884	6670	4212	5730	6240	696	1682	5752	579	7031	6308	4729	950	1870	1749	2526	5497	2405	4899	2699	7093	1249	422	3693	5209	2602	5931	5845	7261	5770	6371	5772	2751
1344	3318	4472	5208	5903	1980	2415	2100	6526	882	1709	2147	4164	5793	4934	3187	7179	3481	6860	3042	3998	7212	6033	1548	1911	6626	1798	6119	2720	670	1666	5887	6810	3759	4962	6848	4439	507	4778	1175	6708	1359	2557	1885	2891	3101	2767	4726	6211	6141	4228	6643	1975	7077	3513	244	3741	1233	5305	2944	2192	120	6209	2960	6972	4677	1228	2136	887	707	3763	4967	2556	1837	2662	5766	4867	1963	3803	5883	3835	5449	7116	5696	1927	3833	1696	2310	3041	3264	5926	6997	5496	6768	5228	1550	1681	6465	5356	2031	3498	1512	3805	592	6530	345	5629	3797	3950	6415	2315	6223	6065	3937	1657	2065	5770	7261	4717	6255	4459
2243	4309	1787	4103	6958	3113	1062	3176	4271	5474	7253	2860	6806	2499	4066	3438	3069	4233	1427	3459	1418	7027	5252	6345	6987	583	4823	4507	1533	5995	137	5436	6089	1564	4153	6599	6807	4343	4101	3383	1645	2412	6867	3687	5490	7231	4082	1888	401	5137	6312	3073	6656	4847	6574	1408	393	976	6389	2219	6885	3475	4298	6876	176	5122	4961	5526	5492	1041	120	762	4370	301	2316	2898	2028	6396	6548	6134	7050	5946	1588	2549	4034	6774	5225	3350	2167	3919	2344	4137	3123	3703	4284	991	5142	6910	1235	490	242	4996	763	120	6780	7257	5628	1099	3246	520	5744	4109	3290	304	1108	5136	6371	4717	7261	3569	6736
3311	3730	1046	1220	6529	886	5823	559	515	2821	5820	6266	5281	5255	1910	5394	3396	148	5957	5464	370	7046	5026	3780	7022	3792	5495	4258	2396	6990	6007	503	789	120	2886	2723	3558	419	5765	194	5873	646	4375	2366	5094	3408	5698	364	903	833	4192	4277	6524	3851	3464	7243	5231	4081	5540	4484	5898	1271	1460	4614	2276	6988	6578	214	120	6461	2080	171	6716	3665	1189	6346	6165	4856	6286	3989	1243	5205	3398	2943	571	3213	622	4931	3447	3149	3197	3269	6016	2793	6756	1742	2836	850	5061	3420	3560	483	1633	4379	5656	4040	5858	2428	3399	160	1551	660	3272	5196	1736	685	5772	6255	3569	7261	6738
4698	1528	3680	4807	3608	4636	1225	3339	6975	6734	2619	5606	196	5539	934	1127	5461	1350	1740	2247	7039	1020	2469	4377	1530	6139	7033	4876	2574	2070	6324	3540	445	6332	3183	5757	4048	1297	1581	3827	3570	384	3102	4036	120	1792	4948	5980	2333	708	252	1884	1259	1959	3409	4648	6741	3568	796	3313	6850	6754	432	6035	1856	3601	3364	3201	324	4235	6020	1509	6274	2922	6051	1366	2020	1019	1270	163	2426	3433	3503	4772	1013	230	2023	6077	1440	4575	4304	2904	5427	5566	1048	922	3915	2027	3224	7242	861	5267	3514	5851	120	6657	6264	388	5357	629	1390	6333	7146	2336	1505	6494	2751	4459	6736	6738	7261
