7261	7103	4256	5759	2366	1885	1606	6495	1257	1098	1696	7031	5246	6023	4475	1946	5518	6820	4434	2794	6321	6706	3049	2171	2317	819	620	2122	4827	1832	6110	6167	5946	3720	3380	5671	5148	6180	3237	4969	2077	4037	4195	4810	6055	1906	5338	6079	4568	3524	4738	5745	4126	4655	2667	3517	3711	6233	1617	4091	6159	4612	120	2598	1905	5027	927	5335	7137	2221	1297	2525	2437	2988	2650	7221	3600	5893	5048	7019	4853	6879	2753	7049	4864	2429	4838	3567	6239	4311	4540	1609	4456	5309	3442	5187	571	6436	5790	1652	4385	6251	7190	1677	4272	4275	1434	3805	5031	3689	1627	4234	1780	904	5366	1415	6025	812	6311	5583	4527
7103	7261	3923	2466	5896	6077	6411	3434	120	4163	6265	2151	370	4018	2314	2933	4925	5357	7136	6277	762	539	3155	1891	4162	2202	7122	1369	6569	2767	1451	3628	2631	2139	6961	1152	3557	5282	120	1996	1025	915	1479	4782	1678	5045	4993	3200	3896	2785	2066	504	6779	3131	120	3746	5064	1219	3840	901	857	6860	3550	1978	679	3281	2813	3753	4940	121	6028	7075	3146	1799	920	1126	5024	429	1278	5436	1181	2664	2487	696	218	4604	4521	2203	6823	220	4616	1973	5948	7053	4487	1366	4280	1689	4104	3944	1201	6416	6098	692	4789	4818	2290	6161	4093	5925	4959	2172	4441	3904	6858	3994	7113	4273	368	1000	3813
4256	3923	7261	6967	5626	3407	2876	6579	6181	4158	2274	1203	5288	6897	4990	1781	2865	2952	3509	5280	4919	250	4077	5848	4965	1076	3832	3580	4116	7147	1610	2282	1245	6155	3791	1260	6100	969	5200	5786	5293	3590	4533	5022	1656	4331	6671	4567	2250	1581	2109	6918	4801	5133	4080	1595	7186	1690	2783	2943	5984	838	862	6798	4377	1474	3154	2877	3729	6443	4888	6452	6801	3354	1970	4656	6285	226	3501	3138	2447	1697	3993	3503	3627	7196	5210	5057	2947	5672	3391	7032	6039	6359	1300	6102	120	6509	4329	5175	4143	6518	1561	5679	1343	1044	5300	3272	6315	3718	120	6208	3006	1719	4753	7089	1516	4757	2120	5711	4587
5759	2466	6967	7261	5049	5772	5789	751	5855	6903	5661	5879	1655	6331	569	7026	4951	1476	1151	266	6139	3520	780	6892	6614	208	5563	6140	628	3693	6529	405	6031	6670	5273	1255	1024	3788	6880	2008	1939	2737	120	6976	259	4663	2773	3302	4796	3029	174	6542	4376	5306	511	6121	6598	2455	5402	4178	546	3717	6652	3605	6486	135	817	6689	6853	5905	1317	2186	4366	2402	4881	5553	2242	3164	6010	2050	264	4833	1345	1928	3824	4092	5656	7034	4897	2307	3644	757	4503	3299	4474	1664	6878	538	5978	4124	5882	181	5068	5365	6588	2665	683	353	5224	1124	2562	5281	3649	1078	1746	1384	4226	4592	5199	3463	3859
2366	5896	5626	5049	7261	1007	3594	1979	534	3026	340	346	2163	6457	2694	1747	3248	1773	273	5931	2976	3853	3255	6019	3983	954	5791	6268	5230	2768	233	5400	6899	3917	3222	663	2222	1010	633	6787	1518	5796	4589	7051	3206	4927	4107	5693	2741	5361	5512	1136	5817	6979	4205	2595	7079	5849	7175	2458	3203	4960	1940	1435	2970	763	6484	761	7154	7192	4364	4501	6097	3324	327	1987	816	6924	169	5554	1540	6479	6158	4786	6150	4886	1206	4413	2842	2140	5010	120	524	2791	5058	4859	1955	6923	2129	3597	467	6699	2159	2003	1881	5182	7149	3452	4198	4285	239	2896	7024	3675	7153	3650	1969	2620	5997	6514	2060
1885	6077	3407	5772	1007	7261	4930	7164	411	3808	517	5220	6184	5333	2532	2108	1680	5354	5636	147	1551	999	6780	150	6763	5930	6626	6232	4710	3515	1950	2395	2251	5399	3756	1482	918	1262	6913	1110	222	5564	484	1456	2730	806	5943	6742	2176	2670	393	1232	2959	3998	1291	120	3039	3775	5490	2916	120	1308	6703	6466	2962	5741	4538	5401	3820	3462	1282	3418	1107	1368	5545	2802	5924	2196	3445	7218	3153	6107	5173	5995	1015	3235	856	6375	7124	5422	2555	2781	2848	3322	4128	1639	4902	898	614	5675	2482	6837	6748	4119	4574	3779	3595	1182	2266	4177	491	144	4187	4264	3484	1807	3532	6062	4610	6103	7140
1606	6411	2876	5789	3594	4930	7261	836	5432	4344	5011	2594	7176	6417	4783	360	2396	1046	7028	7156	1372	120	6145	251	5712	3864	5095	5839	3233	4498	1878	5873	1364	879	2831	6594	2062	5449	7201	1914	142	3784	1004	3466	2364	5420	515	6469	2370	6758	246	2372	2013	3334	6108	3315	6194	2579	4614	5329	6480	5536	5007	5228	7097	548	3102	4624	1322	1357	6824	3792	3588	930	6690	2994	2990	6945	6288	1657	3789	1218	167	1722	6326	2853	1695	3612	1235	5750	1864	545	2306	6686	5726	1959	5783	6807	3241	3055	4952	4905	6736	3967	1216	1023	2704	3091	6618	4215	5795	4893	6067	5495	6470	5782	6029	247	5977	4869	5556
6495	3434	6579	751	1979	7164	836	7261	3518	2473	843	6434	5869	2883	2261	3032	5393	2574	6001	4706	4698	474	2283	3827	1755	3773	3617	4009	4802	383	5951	5934	2161	2653	1469	886	1910	6218	2857	2755	2423	3734	1226	3448	3914	5067	1103	7132	120	5513	2995	1350	4024	7182	6224	2856	5192	5062	2002	5736	1187	4855	5181	2024	1786	4208	4777	3450	1407	5654	6621	1244	1758	4898	1339	4545	1830	5987	123	5866	1385	1147	3843	1036	1792	5586	3592	1108	298	5267	3817	5858	5680	3435	4296	4129	4281	4133	3633	120	3819	6261	6685	2733	4390	6768	6423	4670	3454	1611	3878	5018	4570	2682	2681	4985	3733	7202	6347	2743	640
1257	120	6181	5855	534	411	5432	3518	7261	2015	3166	882	6370	2735	3409	5509	4394	5289	5188	6582	3701	7135	5559	4044	4469	3752	3480	120	6856	895	2294	2522	4507	3183	6129	2750	1318	7059	7130	1391	5163	7022	2531	3257	3662	4628	6784	6999	2468	5070	4689	3161	4494	6228	2524	1977	3053	5481	6364	5161	5941	7111	5649	5237	2199	6137	5083	3424	1312	2030	3584	5457	5599	1915	7163	5878	1217	2939	2194	3692	3472	3093	4338	963	7155	807	1604	303	4067	5529	3402	3202	1376	2240	1796	6629	5788	1902	2659	605	827	3740	3351	760	3996	5468	1131	3556	671	5442	6391	1666	1452	3575	1692	1450	3045	489	4916	6045	618
1098	4163	4158	6903	3026	3808	4344	2473	2015	7261	4388	499	7070	2559	120	5117	4629	1567	2551	6173	2034	6004	5204	6304	5189	4431	1408	2630	4199	6276	172	4078	1310	7018	5217	5244	4063	120	4814	459	6815	2907	6244	4299	5060	6603	1272	230	3117	7060	4113	4221	558	6012	6931	5356	6568	1499	6490	800	4101	2105	3796	4646	1105	1958	1509	7240	307	3013	120	2803	4834	6510	3214	2604	5526	5646	3783	4713	6866	1420	2974	256	4160	5286	6526	1439	4720	2435	622	7253	5414	1571	1724	1066	5607	1139	4935	5043	840	7189	2884	4630	2930	5868	120	3682	1286	4800	789	6440	6263	120	6223	1448	4304	3152	4565	2374	3507
1696	6265	2274	5661	340	517	5011	843	3166	4388	7261	2697	949	4248	6905	4560	4499	4808	5388	7054	1783	4411	3054	5311	6624	1138	133	5397	4301	5546	2692	2600	5608	3360	5377	1029	6335	2399	397	2019	4467	1063	4179	5854	727	1974	1801	3158	1866	4991	6350	7167	6515	1742	1646	3047	1759	6054	2751	5317	4036	130	4084	1764	6650	7180	4190	3579	5378	5391	4911	1249	3724	6040	5652	2361	1853	5245	610	5227	6960	767	3059	1333	1530	2792	1347	2584	1693	1962	6042	4479	1615	672	2609	6868	2702	958	644	2308	6871	2732	5476	1867	120	5203	2617	7165	5808	6906	5655	3253	2717	3969	3925	1079	3668	3298	1823	4876	306
7031	2151	1203	5879	346	5220	2594	6434	882	499	2697	7261	2302	1850	4349	2646	4157	1748	1081	6551	3307	3676	6329	7014	4599	723	120	3044	4201	2879	416	2770	5059	3449	5209	5865	1570	2270	2118	6086	5451	2115	4906	7177	3652	1455	4956	4335	1754	6269	1092	738	1580	4105	3367	2124	3747	5643	4953	4939	3978	3289	5705	7185	4439	252	1381	120	281	4194	5524	1585	6723	3846	3195	3949	2058	6942	485	5055	2942	2375	1992	4829	4224	5093	2084	6627	1100	2908	3275	6415	3048	1875	5016	3723	3895	122	4148	5637	598	4484	5597	4041	5876	6711	4672	3528	1429	2806	1667	1246	6203	3174	1631	6794	641	6881	6962	5974	5991
5246	370	5288	1655	2163	6184	7176	5869	6370	7070	949	2302	7261	1035	4955	5689	1565	7046	1109	5297	2225	6219	3498	1865	7106	3572	2935	928	3339	2453	892	6883	6859	1794	6576	180	200	2358	2322	124	3716	6430	271	2388	5290	1787	6950	3941	6778	4697	5939	5072	5363	5419	3171	3256	2658	4548	3766	3811	439	120	5603	6727	3906	229	3431	3125	2441	3679	5696	3829	2465	5833	3246	5074	1738	5141	1178	3630	6517	7092	312	591	1293	6065	3394	5278	2826	2936	152	5775	2864	6138	2626	677	6559	1846	2104	3399	6298	2344	3785	4028	3907	5815	3974	2624	2461	1711	1941	6125	2747	1314	5823	933	3908	254	1951	4685	7236
6023	4018	6897	6331	6457	5333	6417	2883	2735	2559	4248	1850	1035	7261	3991	4192	1990	2945	2232	1101	6818	796	1082	2267	5477	476	5880	3546	5829	3060	3639	3459	171	2998	3014	3666	6632	2207	6483	2714	3123	2228	126	1636	1943	3762	5046	4776	5156	661	3951	630	1534	1306	6939	7244	2993	6231	6983	6953	2780	7117	5446	6508	427	120	2815	5009	2090	1897	779	659	6791	1858	6830	2915	5142	2663	1740	2903	5590	5828	5802	2268	1214	903	2497	7260	6473	5797	2035	4553	2335	2710	5403	6299	5507	5850	1582	6875	5722	1443	5958	2353	6454	6502	4012	159	120	1651	4532	4575	565	5233	379	5441	1058	4232	5264	4768	3199
4475	2314	4990	569	2694	2532	4783	2261	3409	120	6905	4349	4955	3991	7261	6489	3810	364	6115	4174	2403	6041	3922	2387	2573	5744	834	7213	4765	3208	5611	6475	6113	3582	3725	2789	4558	6954	2132	4415	3697	6007	3444	4760	1954	3205	3374	1700	185	7183	6185	120	1264	7255	554	4402	6252	6522	578	5270	4155	2863	2259	3544	3105	2746	1815	3018	1629	6612	4306	5570	5601	6428	3103	6240	6087	1654	3505	5573	120	4184	3219	238	4363	3538	1430	3690	284	128	3903	5561	6922	867	667	6214	2009	1140	968	6802	2727	4486	1057	5986	4022	5739	3995	3297	3291	5557	3004	4784	3890	2128	521	7127	4115	6668	6088	3479	1710
1946	2933	1781	7026	1747	2108	360	3032	5509	5117	4560	2646	5689	4192	6489	7261	6147	2214	2148	1277	5167	1676	5890	3952	3980	5102	702	3953	3958	4146	1315	7036	1427	2087	3135	7146	1933	4196	1552	6792	1919	1475	561	4774	187	3077	164	3656	1148	120	4989	1673	3426	4966	3825	1842	6680	1485	4355	912	4103	2782	6841	737	5904	6421	5619	853	6855	1059	6949	6625	4854	6872	1983	313	4438	463	4403	5256	6118	5985	2957	3170	5944	7256	1428	4977	4493	5708	6946	2774	2320	5870	6292	2554	3190	810	902	747	2736	3674	7085	2464	3972	3331	2885	6926	4324	6294	6900	5066	4799	1086	5914	1027	587	5670	5595	1904	5464
5518	4925	2865	4951	3248	1680	2396	5393	4394	4629	4499	4157	1565	1990	3810	6147	7261	7143	1843	1410	1397	613	2010	120	6063	6196	1380	5257	3441	6737	3602	2723	2742	2349	6024	4669	4369	6940	3347	5195	910	4878	3381	592	5638	6226	6247	120	5096	5418	2146	1213	6462	3549	5657	6314	2725	2474	472	4079	2871	457	880	4664	225	988	392	3905	5180	3050	5560	1265	6586	120	4578	241	395	1949	537	4580	4995	2057	2253	4454	2688	6456	6948	5324	4947	6053	6789	1635	685	120	3453	6642	272	6977	5052	7090	707	873	3104	1732	1014	1704	766	6348	2012	4787	1743	4750	5629	551	4675	212	4191	5935	5212	5801	5566
6820	5357	2952	1476	1773	5354	1046	2574	5289	1567	4808	1748	7046	2945	364	2214	7143	7261	1370	759	4699	1273	4813	2432	7093	7080	1281	1241	4970	1018	120	4389	1373	3073	5091	3899	3526	3902	5837	5147	5785	1212	2872	2513	151	5875	732	4926	804	6235	5314	1242	3511	2841	4026	7057	120	4780	2442	3833	5104	1099	6259	6178	6325	3749	1612	216	7012	6379	608	6705	7181	3797	2867	3823	4144	4554	852	5520	1311	6343	4964	5929	4257	4083	3373	982	1383	1912	6772	1944	3329	6691	4716	2452	3961	942	1817	5380	3698	906	2256	4526	415	2001	5630	5620	3057	4895	2592	4600	3971	5667	7048	4046	7123	3337	6695	401	6513
4434	7136	3509	1151	273	5636	7028	6001	5188	2551	5388	1081	1109	2232	6115	2148	1843	1370	7261	6080	1683	4602	6941	6895	700	2485	4590	607	5216	4742	3129	4944	6729	5568	3741	4702	1033	994	1164	6387	4647	2655	1062	4342	5061	4929	4414	2080	3849	3745	120	1515	5250	5389	1438	6817	3070	6238	1687	2686	1573	2467	6018	5716	805	833	120	6175	4238	408	824	6825	6399	6123	1681	6248	2224	2226	651	4052	1454	6933	6901	6997	6000	4807	510	1729	5131	3088	5961	2616	2269	6337	2904	1876	1228	4606	2707	3345	7161	2449	3730	6441	4627	5014	4225	1984	6280	6264	1613	7108	3539	278	4099	3227	1708	3721	5349	6638	4506
2794	6277	5280	266	5931	147	7156	4706	6582	6173	7054	6551	5297	1101	4174	1277	1410	759	6080	7261	1922	6496	4114	1750	120	2618	1553	3585	4867	3566	6332	120	3910	5721	6541	2701	3393	839	3487	5026	2360	4942	3898	2530	3831	7252	5162	1258	581	3118	4880	2997	6179	3072	1572	4247	6553	4719	3034	5770	894	1022	4652	821	6206	296	3880	1072	997	5784	1169	3226	1488	4039	1985	3371	601	4045	4312	6225	1170	6562	4305	603	3040	2809	2384	2846	4671	5571	1771	4657	4410	4654	720	2431	2553	4223	2523	5748	4651	5806	650	5459	7087	1856	4726	1061	6255	1494	706	5248	7058	189	6622	3478	1596	3419	1647	4936	3531
6321	762	4919	6139	2976	1551	1372	4698	3701	2034	1783	3307	2225	6818	2403	5167	1397	4699	1683	1922	7261	3176	4660	5567	5889	4341	5894	5534	2583	7069	5576	6122	3301	5942	725	4851	2734	2965	120	1808	5916	5202	2941	1122	2238	3090	980	2106	745	3119	6539	3989	1481	7082	6227	1932	2043	861	170	357	1171	1632	1574	3086	2795	6580	5749	3041	6144	5158	6450	490	7207	4354	2637	5798	1760	4707	2533	589	2615	6710	4772	588	1903	1399	2501	5160	1892	5572	6790	3260	6398	5794	6793	6050	4298	6708	965	579	477	3497	7226	7158	1167	1862	1921	6674	3795	6558	4823	1324	5260	3359	5617	4059	6644	5387	2007	4140	3648
6706	539	250	3520	3853	999	120	474	7135	6004	4411	3676	6219	796	6041	1676	613	1273	4602	6496	3176	7261	4056	2233	971	1048	1117	7074	1569	5831	1592	2037	3375	1752	2278	4511	1121	6313	899	3366	1154	436	2843	2545	5731	1688	5651	7225	2808	4593	2101	1643	2772	1193	4683	2271	2729	6114	350	2470	1365	6577	1390	2928	5407	1896	3968	1437	2495	4666	635	2205	5856	2191	2311	5653	4705	1839	4400	5800	388	3207	3240	3857	265	7011	5548	5967	3016	120	4258	5466	4320	5439	865	6660	6700	2244	3611	6333	4121	4491	4731	1931	1859	5600	6806	2905	1239	2950	435	3500	4042	2053	6995	4914	655	5836	4856	5917	5541
3049	3155	4077	780	3255	6780	6145	2283	5559	5204	3054	6329	3498	1082	3922	5890	2010	4813	6941	4114	4660	4056	7261	7245	1096	1289	478	355	4138	5487	1810	210	5013	1163	5980	4877	3187	4865	4125	3002	6327	120	3839	4708	6781	3930	1927	3327	3294	791	1068	4946	3194	4300	2309	1789	2931	715	4761	3397	5344	1749	6385	4449	3139	2541	6433	7100	5294	3177	5094	3110	2183	302	688	6861	3684	3962	6722	981	4667	5302	6538	3754	847	6448	5362	2640	5664	6600	6928	5196	1398	4754	6142	3312	3798	4962	626	3145	765	5580	1975	4396	6566	7249	4222	1907	3955	6840	4345	2731	5412	5500	4085	5337	3834	4202	6119	557	3982
2171	1891	5848	6892	6019	150	251	3827	4044	6304	5311	7014	1865	2267	2387	3952	120	2432	6895	1750	5567	2233	7245	7261	6634	2457	7081	2924	3997	1564	5676	1648	3410	1433	3035	4866	600	6279	3288	4513	6170	4890	4744	6033	3659	3743	2279	4771	1371	4087	2239	3305	5820	4356	4539	508	2912	4535	5698	366	5640	3069	2891	4460	6403	6713	4122	381	2350	376	5648	3270	4512	1462	5593	4156	1001	304	5254	2312	6599	3574	1319	5884	5602	2483	3300	5370	6293	1825	2179	120	790	6633	6975	6911	814	5540	2570	2327	6505	3336	7198	3383	183	5499	6148	6631	5717	4365	2022	4378	4350	3822	4112	3935	1684	5271	2424	3966	3340
2317	4162	4965	6614	3983	6763	5712	1755	4469	5189	6624	4599	7106	5477	2573	3980	6063	7093	700	120	5889	971	1096	6634	7261	4397	5953	6022	1142	7062	4974	4186	5816	2326	1889	5298	4367	4440	5947	6485	6561	4832	3802	2103	2920	5502	120	979	1130	4097	3172	1829	4243	5078	396	1189	564	1597	4743	120	2576	431	5632	1129	4559	4274	1146	6829	1725	6717	2160	2383	1923	5120	5516	2713	6550	6716	1349	2845	686	1911	6565	3887	3082	1394	6437	3607	5851	4074	6998	1019	553	3920	6731	1083	3335	2048	3828	3576	2529	1930	5063	2011	4648	2512	2153	859	3066	5658	7030	5272	6109	2323	611	5206	3555	6220	2086	6647	4678
819	2202	1076	208	954	5930	3864	3773	3752	4431	1138	723	3572	476	5744	5102	6196	7080	2485	2618	4341	1048	1289	2457	4397	7261	4244	7232	285	916	2469	2825	658	2329	938	5895	6549	6557	1026	335	5108	1043	6061	1374	5341	5410	4721	6854	5764	4500	4992	4850	1497	6545	3845	1191	5644	4137	2299	5252	3076	1997	2381	4352	5047	2869	5319	5437	3992	3888	2828	6728	1321	936	157	2310	6740	3162	1918	6286	2706	2684	3089	3343	2051	5474	1989	3218	5033	161	1669	1052	5440	584	4250	1396	784	7129	154	120	1999	1422	7077	1414	6882	929	3141	5799	3875	4346	2170	5955	4547	5035	961	2343	4536	4510	2761	5645	6465
620	7122	3832	5563	5791	6626	5095	3617	3480	1408	133	120	2935	5880	834	702	1380	1281	4590	1553	5894	1117	478	7081	5953	4244	7261	2638	6488	1840	4436	275	4763	6027	3891	3957	2509	3686	6256	6296	6785	2073	4021	1054	1346	5321	7126	4631	3722	6278	3561	1674	372	523	5090	6068	1577	6120	4153	5660	5633	1961	3547	3010	7254	519	6537	1531	4302	6574	6250	542	5519	3841	2272	6726	2760	5771	3919	2560	4289	6571	5522	1803	3821	4130	4872	3851	2000	290	6166	6366	1852	1115	1706	7151	2999	3913	7086	924	4619	6581	4035	6008	1728	4165	5452	2805	6572	998	6451	4884	6406	6394	3873	236	6420	6209	648	2642	1929
2122	1369	3580	6140	6268	6232	5839	4009	120	2630	5397	3044	928	3546	7213	3953	5257	1241	607	3585	5534	7074	355	2924	6022	7232	2638	7261	6237	2380	2840	1834	3936	2044	3015	950	1263	7008	615	2680	1526	1727	2888	4704	5339	7033	5544	5683	482	4180	1073	4759	3568	4795	3929	5950	6477	4211	2625	1336	4393	6573	2752	3893	2209	6291	6507	2821	6183	2286	6531	173	120	305	3022	3209	3470	6702	1120	5110	3081	6956	5639	1377	6616	232	3850	3793	5606	2900	995	386	6030	5504	4508	3285	2330	2838	5847	6986	1017	6611	5383	125	5622	1618	6863	5472	5118	3074	1477	4638	2597	2439	1221	3321	7099	7045	6389	6414	4725
4827	6569	4116	628	5230	4710	3233	4802	6856	4199	4301	4201	3339	5829	4765	3958	3441	4970	5216	4867	2583	1569	4138	3997	1142	285	6488	6237	7261	5613	2712	4072	3084	5485	3097	5558	5073	7038	4758	1338	7035	6275	3622	3284	1016	682	798	3660	1470	3512	3099	3165	4429	4111	3614	1938	2292	204	6131	813	2711	1538	808	6043	6499	3168	1887	4611	120	2978	6904	2410	3372	2412	4321	2113	5761	5550	2337	1097	3252	1500	1279	3671	2017	513	1070	6402	407	4090	1870	3696	6608	2898	6764	4557	3474	166	2117	7233	3610	714	4062	410	5940	1699	2075	962	2476	6034	6575	7102	6665	3342	4069	1670	1144	552	5292	5804	818
1832	2767	7147	3693	2768	3515	4498	383	895	6276	5546	2879	2453	3060	3208	4146	6737	1018	4742	3566	7069	5831	5487	1564	7062	916	1840	2380	5613	7261	4873	1192	5340	1331	2098	717	1691	6136	2960	2391	4334	2830	6344	6595	2245	5510	2829	3732	646	5219	5982	6506	406	4769	5484	2602	5523	3844	4276	5372	1400	3408	6303	2759	7235	2164	3869	4283	6724	1270	2859	593	5113	4846	2422	6776	3247	1080	660	795	2874	6494	240	1818	4868	1901	120	3483	6284	4617	2668	5734	7238	2201	400	3482	3897	6372	5530	2776	3688	4687	5426	3862	3625	4894	2851	1658	6826	5624	5596	1106	1133	5433	1520	5758	1819	7142	4217	3007	5379
6110	1451	1610	6529	233	1950	1878	5951	2294	172	2692	416	892	3639	5611	1315	3602	120	3129	6332	5576	1592	1810	5676	4974	2469	4436	2840	2712	4873	7261	3169	4134	3464	4230	1957	194	421	1716	377	4505	4601	1156	5562	4308	1465	4383	1176	4336	7148	5814	5616	2404	4065	563	195	496	5718	549	1243	1356	1074	6249	1134	4550	5907	6132	1256	188	1416	6752	2505	6769	5503	985	3514	719	2152	4339	1200	2206	2277	7010	6852	2923	752	6069	3370	5841	4668	120	192	5355	2567	1230	7000	2634	4325	398	6985	3894	2691	5647	2345	6478	2921	4408	3106	919	4594	4288	7168	3583	3933	4723	5129	6005	3541	2227	3603	3964
6167	3628	2282	405	5400	2395	5873	5934	2522	4078	2600	2770	6883	3459	6475	7036	2723	4389	4944	120	6122	2037	210	1648	4186	2825	275	1834	4072	1192	3169	7261	7166	2660	1402	3440	5069	5450	5897	1125	1461	609	3316	6363	2948	3185	3422	4070	2580	6952	582	4826	4686	5755	6590	3615	5486	442	6171	1413	625	4424	1234	1713	5871	497	1981	4883	3807	1649	4928	5867	5179	356	6649	131	2581	3678	1362	6917	3631	1602	698	5973	5479	5425	6914	5164	120	1811	604	2078	5825	5845	7118	3468	4910	1947	5949	3369	1039	2814	4932	6607	3854	3705	3801	5906	1332	2288	2460	2719	4722	4576	1393	4607	3655	4168	6927	4446	6980
5946	2631	1245	6031	6899	2251	1364	2161	4507	1310	5608	5059	6859	171	6113	1427	2742	1373	6729	3910	3301	3375	5013	3410	5816	658	4763	3936	3084	5340	4134	7166	7261	336	6439	358	7222	3879	351	4634	3809	1135	6212	2338	1292	1650	1382	6971	286	4328	1030	4937	3140	6060	134	536	6755	2088	6533	3181	705	1419	4822	1215	2134	5122	4290	2389	5830	3529	4622	3641	2494	5079	4466	5733	2557	3987	6804	2257	6719	5533	6189	2304	1458	3744	4987	1765	3376	2231	6835	2645	325	242	976	1882	2446	5473	165	525	6555	3624	547	3230	733	3395	6501	4210	2295	6217	5268	5585	6202	6851	120	1751	3481	4684	4641	3028	2056
3720	2139	6155	6670	3917	5399	879	2653	3183	7018	3360	3449	1794	2998	3582	2087	2349	3073	5568	5721	5942	1752	1163	1433	2326	2329	6027	2044	5485	1331	3464	2660	336	7261	332	3092	5003	2219	3052	2287	2507	6052	4573	3458	3654	4586	3486	440	3685	1335	7242	5835	5594	7230	3764	3577	4480	612	3027	4253	1633	6049	2021	237	2155	3249	3755	1248	5312	120	2142	3708	138	4263	5998	1588	2362	5709	2661	6295	3848	4448	444	4764	3182	740	403	943	972	786	4481	6127	1734	2187	3525	6604	5834	1089	2145	4131	960	197	206	2475	2748	4282	6081	7101	3267	3037	3858	7199	2817	5405	146	4048	1554	3781	3943	5792	6149
3380	6961	3791	5273	3222	3756	2831	1469	6129	5217	5377	5209	6576	3014	3725	3135	6024	5091	3741	6541	725	2278	5980	3035	1889	938	3891	3015	3097	2098	4230	1402	6439	332	7261	1926	2393	627	279	3719	2016	1598	2996	7050	2929	5673	4118	694	741	7172	5128	5390	6111	6929	5738	6570	2504	5478	498	5976	3328	2862	2881	4542	2069	1444	6282	1172	5968	3578	3287	5699	1668	3156	6051	678	120	4049	2006	1847	4492	2204	501	3147	120	2234	5371	1640	883	3225	342	7006	4986	5084	5669	5327	5331	3325	748	2608	4368	3350	1309	6074	291	3126	783	5467	5960	2539	713	4770	2390	3003	4453	6162	4516	1900	3025	1555	341
5671	1152	1260	1255	663	1482	6594	886	2750	5244	1029	5865	180	3666	2789	7146	4669	3899	4702	2701	4851	4511	4877	4866	5298	5895	3957	950	5558	717	1957	3440	358	3092	1926	7261	1718	3405	1305	374	6422	4712	3651	6093	5138	1329	2014	877	6902	4913	2440	3519	4806	2352	1498	6932	4679	5136	4729	5993	1630	1153	1008	1496	2324	1705	6636	829	5899	6745	1425	2405	775	5368	5394	5222	2061	6057	3457	5482	576	5460	3101	5105	2428	5777	2133	4673	3031	7243	2722	5578	7131	983	3759	6305	1795	6322	6141	4295	3608	6743	1965	120	6596	2502	2968	4875	2321	4980	6234	6838	5384	6639	6530	4405	3112	5532	2913	5038	1123
5148	3557	6100	1024	2222	918	2062	1910	1318	4063	6335	1570	200	6632	4558	1933	4369	3526	1033	3393	2734	1121	3187	600	4367	6549	2509	1263	5073	1691	194	5069	7222	5003	2393	1718	7261	6459	3901	6073	4447	1069	2281	5706	3160	4988	1986	2318	6714	2868	4337	956	6587	4117	6070	6915	6610	2394	4709	6424	2585	2799	176	3900	4830	3954	4968	3521	6601	3768	4983	4852	602	2189	531	3276	2610	721	2549	5150	3024	2480	875	2969	2346	764	2026	6460	3413	120	1449	2986	5247	4552	5028	3030	7120	4635	261	5050	4142	2854	1168	4904	911	6319	1224	574	893	3816	5186	5004	481	1013	5539	120	505	469	831	2569	2740
6180	5282	969	3788	1010	1262	5449	6218	7059	120	2399	2270	2358	2207	6954	4196	6940	3902	994	839	2965	6313	4865	6279	4440	6557	3686	7008	7038	6136	421	5450	3879	2219	627	3405	6459	7261	120	5591	2491	6682	4701	669	1622	5475	5107	6925	4360	4152	3065	5149	417	5169	3476	221	518	5552	5411	5903	2964	3114	639	2861	3221	887	7021	361	3866	3761	6920	2347	2889	6345	1619	3364	326	2249	5221	5888	486	120	1183	6816	5754	3280	1558	4862	5166	1952	2280	6908	5375	3736	2739	3193	6290	2357	5453	5277	3180	2784	5813	6951	6317	676	4945	2085	6898	1868	3932	6770	5774	6796	1584	6066	2953	1166	5330	6177	5413
3237	120	5200	6880	633	6913	7201	2857	7130	4814	397	2118	2322	6483	2132	1552	3347	5837	1164	3487	120	899	4125	3288	5947	1026	6256	615	4758	2960	1716	5897	351	3052	279	1305	3901	120	7261	1229	3643	2055	3485	262	2852	754	4976	3009	801	6725	3830	7248	344	6021	7223	7007	5308	3559	6869	378	5746	5715	120	2823	4428	5860	1447	7251	7037	4844	3401	7088	3051	139	2285	6788	1132	399	5900	7042	6842	3078	7121	1174	6828	2745	4891	5747	4692	5322	460	2141	1935	3414	4008	2102	7162	787	2565	136	2462	2190	1064	5584	1894	6312	3977	475	6044	4476	1207	4549	7016	3565	2873	1440	7064	2363	1988	1160	5956
4969	1996	5786	2008	6787	1110	1914	2755	1391	459	2019	6086	124	2714	4415	6792	5195	5147	6387	5026	1808	3366	3002	4513	6485	335	6296	2680	1338	2391	377	1125	4634	2287	3719	374	6073	5591	1229	7261	4001	5547	2230	2506	6266	5266	349	4551	2365	3621	890	6653	957	5157	2991	7061	6532	6585	4732	6845	668	5465	5042	5151	5514	2558	1143	3189	3872	466	4025	5002	6617	529	6812	5283	5859	1924	2738	736	4717	3159	845	2526	2212	6271	3700	2614	6831	6467	4626	3017	2765	3412	4278	4340	7023	5933	3251	255	4370	1857	4227	4433	3534	3860	5326	4918	280	3695	6669	5454	5730	2328	367	3318	2025	4739	6157	2568	120
2077	1025	5293	1939	1518	222	142	2423	5163	6815	4467	5451	3716	3123	3697	1919	910	5785	4647	2360	5916	1154	6327	6170	6561	5108	6785	1526	7035	4334	4505	1461	3809	2507	2016	6422	4447	2491	3643	4001	7261	1375	4071	6091	243	6198	6771	1195	214	5587	2036	4835	1543	5488	224	492	7083	4907	3107	4828	7259	3223	2426	2325	6661	1513	4735	3794	4003	339	2983	3113	2064	647	1387	4392	1271	3537	4727	2926	907	897	4632	562	5034	781	5822	277	6662	3912	2685	2833	6058	5447	5994	1614	697	2195	3211	244	6197	5462	3770	231	4151	5768	7204	4556	5496	6393	5299	309	6201	4010	120	6648	4468	4943	1741	4409	1821
4037	915	3590	2737	5796	5564	3784	3734	7022	2907	1063	2115	6430	2228	6007	1475	4878	1212	2655	4942	5202	436	120	4890	4832	1043	2073	1727	6275	2830	4601	609	1135	6052	1598	4712	1069	6682	2055	5547	1375	7261	6075	2810	2606	1809	900	5957	1021	3942	4401	5937	2556	1514	2571	6712	4889	149	1548	380	530	4653	120	1409	1626	5029	3019	1268	1032	522	3691	3806	6349	3437	5430	4751	1546	2166	3504	1980	5483	1960	5086	120	5809	4711	1155	3664	5398	5589	3212	1401	4909	6969	1735	4422	1886	322	7001	6814	4949	1501	4569	3570	6320	7141	3239	543	2975	2669	1744	3116	2572	3254	4609	4879	5803	3939	4053	338	6819
4195	1479	4533	120	4589	484	1004	1226	2531	6244	4179	4906	271	126	3444	561	3381	2872	1062	3898	2941	2843	3839	4744	3802	6061	4021	2888	3622	6344	1156	3316	6212	4573	2996	3651	2281	4701	3485	2230	4071	6075	7261	5781	6546	5954	1412	1301	3861	937	2112	1186	3058	6390	4327	4435	5153	2951	6340	4326	3075	215	3388	4811	6673	1238	454	5159	6092	6760	120	6563	4213	6934	354	2096	6020	7095	6297	6377	4921	649	404	270	1883	5455	5588	6151	5666	4417	1545	5155	5323	3420	4677	6336	6096	2715	1252	4242	3455	3709	5435	2832	1421	7205	3815	3063	1149	3108	1210	1002	4639	1198	4136	583	4840	5154	1549	4819	120
4810	4782	5022	6976	7051	1456	3466	3448	3257	4299	5854	7177	2388	1636	4760	4774	592	2513	4342	2530	1122	2545	4708	6033	2103	1374	1054	4704	3284	6595	5562	6363	2338	3458	7050	6093	5706	669	262	2506	6091	2810	5781	7261	1848	3191	1307	4058	5205	3309	3456	2149	5682	1269	1006	120	5780	4741	6656	6987	7104	6002	3356	2839	1075	2408	4804	4011	2331	5979	6493	3417	4584	6921	450	6615	1090	7013	802	1003	5569	1020	3128	1463	3495	7015	1442	6323	3513	3062	211	1757	4445	1298	4620	1745	2421	3881	6847	6874	3198	7071	6957	3739	822	414	5912	6464	1145	3884	914	7009	1378	7195	3596	2878	6435	3663	456	6445	5012
6055	1678	1656	259	3206	2730	2364	3914	3662	5060	727	3652	5290	1943	1954	187	5638	151	5061	3831	2238	5731	6781	3659	2920	5341	1346	5339	1016	2245	4308	2948	1292	3654	2929	5138	3160	1622	2852	6266	243	2606	6546	1848	7261	1779	5127	301	3011	2099	5194	5071	6383	6857	744	636	297	3020	5126	5821	978	5525	3344	711	4086	3984	1190	384	5170	3179	4981	2672	6797	6095	6188	5044	6543	5663	5742	5494	975	670	120	2656	4135	1995	944	1791	6444	871	6521	653	1976	6404	3150	2807	1510	3377	1964	6301	7212	5369	3786	4912	2264	2297	3186	7184	3473	319	2613	3928	4127	1679	1179	878	3266	4473	3238	1065	3451
1906	5045	4331	4663	4927	806	5420	5067	4628	6603	1974	1455	1787	3762	3205	3077	6226	5875	4929	7252	3090	1688	3930	3743	5502	5410	5321	7033	682	5510	1465	3185	1650	4586	5673	1329	4988	5475	754	5266	6198	1809	5954	3191	1779	7261	5214	5898	884	566	1512	5531	4032	4317	5707	1340	3228	1628	6775	276	1088	120	1726	5498	5106	4791	4207	5099	4407	202	5121	5235	1227	4857	5395	967	6782	3236	5234	3494	2938	6358	269	1888	3217	4303	2882	345	4934	387	5146	1223	1231	4941	6104	6692	2188	5807	7039	693	6407	3262	6371	2666	2586	3127	1484	1247	3492	500	7139	3956	7178	7119	1511	3477	1177	527	642	4150	5005
5338	4993	6671	2773	4107	5943	515	1103	6784	1272	1801	4956	6950	5046	3374	164	6247	732	4414	5162	980	5651	1927	2279	120	4721	7126	5544	798	2829	4383	3422	1382	3486	4118	2014	1986	5107	4976	349	6771	900	1412	1307	5127	5214	7261	5838	793	5381	3038	4504	6267	6143	4887	2397	2895	596	825	1607	7208	3132	1045	1603	2971	1116	974	5857	3224	5374	769	4465	4752	2972	267	6165	3079	5674	5080	4863	2223	1934	803	3087	2687	3000	2332	951	1359	5239	4870	1822	728	3772	991	772	1642	1925	5805	3095	2082	7157	5700	6886	7191	1793	5963	1837	330	5296	1820	3774	2763	5990	6246	3751	3489	755	654	2180	6064
6079	3200	4567	3302	5693	6742	6469	7132	6999	230	3158	4335	3941	4776	1700	3656	120	4926	2080	1258	2106	7225	3327	4771	979	6854	4631	5683	3660	3732	1176	4070	6971	440	694	877	2318	6925	3009	4551	1195	5957	1301	4058	301	5898	5838	7261	143	5480	2769	4793	1490	6254	1150	207	4485	314	5145	2198	5983	6413	6037	3042	4871	2724	2764	6195	1173	5753	5505	1802	4175	209	3136	1593	935	3317	6099	2778	6388	2386	2301	7194	5965	4773	5130	6482	3800	931	5763	3540	3491	7105	3175	5001	2339	5249	3115	5082	5528	6688	3432	6130	5417	1583	2123	1586	120	7114	1675	643	5827	6891	1774	4286	5678	3699	3358	4132	2413
4568	3896	2250	4796	2741	2176	2370	120	2468	3117	1866	1754	6778	5156	185	1148	5096	804	3849	581	745	2808	3294	1371	1130	5764	3722	482	1470	646	4336	2580	286	3685	741	6902	6714	4360	801	2365	214	1021	3861	5205	3011	884	793	143	7261	3036	120	2378	5315	4815	1041	120	120	6334	3304	690	4000	5969	1367	2963	1800	2890	5111	4903	1827	6243	3554	6850	1600	4189	6153	5852	1805	3467	1703	3490	5213	4973	3573	4361	6274	6006	3346	959	4204	483	6619	3742	5886	6704	926	3188	1616	3738	4102	6056	2356	4495	4518	3681	941	3012	799	3646	6978	7107	4531	2156	6836	5303	1468	4404	2540	2544	1956	541	3296
3524	2785	1581	3029	5361	2670	6758	5513	5070	7060	4991	6269	4697	661	7183	120	5418	6235	3745	3118	3119	4593	791	4087	4097	4500	6278	4180	3512	5219	7148	6952	4328	1335	7172	4913	2868	4152	6725	3621	5587	3942	937	3309	2099	566	5381	5480	3036	7261	2369	4384	5832	7003	2601	953	5307	7128	2184	5714	182	1274	4958	177	5320	734	3341	288	4605	5076	4680	1523	140	2546	2777	468	6512	6520	2496	3852	6221	369	203	826	6461	317	1472	2944	2914	6492	120	3436	5313	3120	1028	2020	6589	3882	1395	7229	5114	5359	3310	746	1012	6947	2291	6834	2079	4613	5767	1157	2046	4251	3710	2376	6427	199	2918	3259	7066
4738	2066	2109	174	5512	393	246	2995	4689	4113	6350	1092	5939	3951	6185	4989	2146	5314	120	4880	6539	2101	1068	2239	3172	4992	3561	1073	3099	5982	5814	582	1030	7242	5128	2440	4337	3065	3830	890	2036	4401	2112	3456	5194	1512	3038	2769	120	2369	7261	3757	4917	7219	1204	6168	1806	295	777	5918	797	6720	4004	4268	5006	426	3804	5493	1547	1507	1266	2416	5367	2649	2519	844	2169	1993	5999	2178	987	5508	425	2603	735	3033	3333	3173	6707	6036	1056	2628	3438	4724	5328	7112	5304	580	5316	6994	3934	5198	4094	1575	4323	4700	1111	3303	4443	570	5119	4637	4996	4972	908	5872	455	851	6677	5218	6762
5745	504	6918	6542	1136	1232	2372	1350	3161	4221	7167	738	5072	630	120	1673	1213	1242	1515	2997	3989	1643	4946	3305	1829	4850	1674	4759	3165	6506	5616	4826	4937	5835	5390	3519	956	5149	7248	6653	4835	5937	1186	2149	5071	5531	4504	4793	2378	4384	3757	7261	4432	4206	4267	2534	4193	3836	7152	6777	5178	5025	6357	6800	2651	1756	4839	3282	4261	992	2076	423	1379	3320	1525	3216	1871	1094	6017	7133	619	4820	5098	3945	869	3530	6657	1085	709	7052	1505	1034	2081	2932	3446	3545	6446	3765	5184	2674	2083	5891	4882	2368	6106	4845	2550	4847	5134	3855	526	5101	632	480	3384	3637	1557	4236	3229	5923	3915
4126	6779	4801	4376	5817	2959	2013	4024	4494	558	6515	1580	5363	1534	1264	3426	6462	3511	5250	6179	1481	2772	3194	5820	4243	1497	372	3568	4429	406	2404	4686	3140	5594	6111	4806	6587	417	344	957	1543	2556	3058	5682	6383	4032	6267	1490	5315	5832	4917	4432	7261	4564	7160	2445	4797	823	7241	2982	5928	2593	5515	6525	120	6258	2138	318	724	4715	1776	2612	2293	6230	507	120	5703	3323	4343	1180	4047	2492	4931	5041	5846	5971	2897	776	2418	3835	2977	2775	3769	1662	535	4812	5470	4690	4528	6640	260	6163	2319	3536	120	4309	1533	1942	3510	5778	1736	1855	132	1714	3365	7005	5610	120	6907	4073	7217
4655	3131	5133	5306	6979	3998	3334	7182	6228	6012	1742	4105	5419	1306	7255	4966	3549	2841	5389	3072	7082	1193	4300	4356	5078	6545	523	4795	4111	4769	4065	5755	6060	7230	6929	2352	4117	5169	6021	5157	5488	1514	6390	1269	6857	4317	6143	6254	4815	7003	7219	4206	4564	7261	3242	2906	201	6833	283	7041	5605	4836	5927	7134	768	258	1831	4908	4691	1406	4645	6535	1702	5238	6753	3411	2611	120	866	4849	1446	5692	2377	3760	3837	2041	1721	1625	391	1254	141	458	5492	675	5887	120	2679	4154	4658	3163	1835	294	3404	2371	2582	5628	885	6369	1162	2167	4798	3234	6554	3543	2543	3423	5092	756	4464	6697	1556
2667	120	4080	511	4205	1291	6108	6224	2524	6931	1646	3367	3171	6939	554	3825	5657	4026	1438	1572	6227	4683	2309	4539	396	3845	5090	3929	3614	5484	563	6590	134	3764	5738	1498	6070	3476	7223	2991	224	2571	4327	1006	744	5707	4887	1150	1041	2601	1204	4267	7160	3242	7261	2599	6592	4330	631	1489	6930	120	7094	1360	2130	3148	5842	5577	120	4595	4379	4676	6693	4265	1411	2298	1351	5625	7125	4519	5864	6973	1495	2744	331	3355	3638	4954	837	3245	1165	624	6481	3308	1114	662	1879	6683	4386	6242	158	2756	3927	4682	3629	4534	3870	3469	437	6974	2303	5276	2218	1709	2273	6289	2623	4489	2636	1638	6187
3517	3746	1595	6121	2595	120	3315	2856	1977	5356	3047	2124	3256	7244	4402	1842	6314	7057	6817	4247	1932	2271	1789	508	1189	1191	6068	5950	1938	2602	195	3615	536	3577	6570	6932	6915	221	7007	7061	492	6712	4435	120	636	1340	2397	207	120	953	6168	2534	2445	2906	2599	7261	1861	773	6678	6832	3632	4522	4357	5351	595	4662	1118	1355	3533	5382	4034	1971	4562	4373	934	3613	2486	4260	5702	4461	4307	5981	6684	749	575	6803	2296	2956	6658	3390	5989	6135	753	333	2619	1113	5687	2193	4333	4582	809	4892	993	2566	5627	3581	2154	120	516	1590	418	2934	1945	3352	3433	2258	308	4387	2762	2367	1453
3711	5064	7186	6598	7079	3039	6194	5192	3053	6568	1759	3747	2658	2993	6252	6680	2725	120	3070	6553	2043	2729	2931	2912	564	5644	1577	6477	2292	5523	496	5486	6755	4480	2504	4679	6610	518	5308	6532	7083	4889	5153	5780	297	3228	2895	4485	120	5307	1806	4193	4797	201	6592	1861	7261	4825	1529	6300	3673	5517	2434	4181	666	1251	223	2333	6989	4451	487	4188	1471	6011	5881	2849	1060	6089	2827	5081	4718	6324	4588	4714	4171	6556	4899	6651	2771	205	186	5123	3144	2262	594	2850	2229	5737	120	3924	6174	1522	6397	4057	2158	4014	3618	1077	4066	7239	5285	703	4214	413	120	4259	4999	3947	120	5542	4597
6233	1219	1690	2455	5849	3775	2579	5062	5481	1499	6054	5643	4548	6231	6522	1485	2474	4780	6238	4719	861	6114	715	4535	1597	4137	6120	4211	204	3844	5718	442	2088	612	5478	5136	2394	5552	3559	6585	4907	149	2951	4741	3020	1628	596	314	6334	7128	295	3836	823	6833	4330	773	4825	7261	2094	1568	5684	3096	2255	120	2235	1663	2420	4381	4380	1275	6548	6822	3946	742	6799	2693	5428	5826	699	4623	3348	1211	3778	4212	1778	3231	419	6090	1838	5438	6272	5000	1386	4529	5275	495	1328	2248	533	4749	4314	3130	120	3777	5614	6698	6935	2300	2471	5408	4803	876	6396	2801	452	2065	4766	6498	5075	6591	3640
1617	3840	2783	5402	7175	5490	4614	2002	6364	6490	2751	4953	3766	6983	578	4355	472	2442	1687	3034	170	350	4761	5698	4743	2299	4153	2625	6131	4276	549	6171	6533	3027	498	4729	4709	5411	6869	4732	3107	1548	6340	6656	5126	6775	825	5145	3304	2184	777	7152	7241	283	631	6678	1529	2094	7261	3398	1478	5279	6378	4169	5445	4563	4874	5253	559	3046	2459	1873	665	1188	4756	6664	3378	4237	5171	5959	2662	4359	835	6540	2940	3877	4399	1913	2819	2448	3508	6773	120	3587	3970	4017	3645	6547	540	7025	449	1473	6750	4287	6846	2676	691	4293	1302	193	6909	6117	1621	586	4831	2463	689	5386	2456	3551	5926
4091	901	2943	4178	2458	2916	5329	5736	5161	800	5317	4939	3811	6953	5270	912	4079	3833	2686	5770	357	2470	3397	366	120	5252	5660	1336	813	5372	1243	1413	3181	4253	5976	5993	6424	5903	378	6845	4828	380	4326	6987	5821	276	1607	2198	690	5714	5918	6777	2982	7041	1489	6832	6300	1568	3398	7261	7237	6746	3965	6182	3008	7116	832	4730	5100	6620	5538	5575	1644	1937	257	5659	6696	1536	5751	1599	3523	701	6536	4016	120	329	2208	2070	3250	337	6810	2489	4640	2334	6821	5424	2899	2100	3687	1492	2811	2992	820	162	849	986	3604	3143	1353	4050	4696	4515	6085	178	462	6968	1504	2401	4075	4351	4310
6159	857	5984	546	3203	120	6480	1187	5941	4101	4036	3978	439	2780	4155	4103	2871	5104	1573	894	1171	1365	5344	5640	2576	3076	5633	4393	2711	1400	1356	625	705	1633	3328	1630	2585	2964	5746	668	7259	530	3075	7104	978	1088	7208	5983	4000	182	797	5178	5928	5605	6930	3632	3673	5684	1478	7237	7261	7076	4736	5137	320	6361	572	249	2147	6384	922	989	3400	4015	1994	7250	4643	443	479	2886	446	5332	1844	5892	6124	1917	3856	6739	2678	129	6504	6681	3571	6992	120	6152	4082	794	6352	6200	4006	4841	730	120	1782	2028	1785	4145	155	6458	7200	1491	4029	1948	7040	1560	6003	6709	3589	5183	5604
4612	6860	838	3717	4960	1308	5536	4855	7111	2105	130	3289	120	7117	2863	2782	457	1099	2467	1022	1632	6577	1749	3069	431	1997	1961	6573	1538	3408	1074	4424	1419	6049	2862	1153	2799	3114	5715	5465	3223	4653	215	6002	5525	120	3132	6413	5969	1274	6720	5025	2593	4836	120	4522	5517	3096	5279	6746	7076	7261	373	2981	3619	5469	6346	6958	2042	7246	1967	2246	3653	3726	2430	1874	687	3988	4998	1316	5824	4896	1712	3100	5132	1519	2444	4437	1288	7247	1880	4100	6659	1828	137	6491	4496	5635	1715	1009	4994	2135	5810	3269	6236	858	855	3502	5862	493	1816	7017	1327	1067	1432	4423	2427	5690	3593	3192	1361
120	3550	862	6652	1940	6703	5007	5181	5649	3796	4084	5705	5603	5446	2259	6841	880	6259	6018	4652	1574	1390	6385	2891	5632	2381	3547	2752	808	6303	6249	1234	4822	2021	2881	1008	176	639	120	5042	2426	120	3388	3356	3344	1726	1045	6037	1367	4958	4004	6357	5515	5927	7094	4357	2434	2255	6378	3965	4736	373	7261	4982	3909	3167	657	872	4038	6360	585	6666	6613	4088	4332	4901	4920	1562	6283	4391	1071	6839	4615	5115	573	1521	5225	955	1031	4120	6354	6827	2107	1127	5537	3889	6864	6260	544	2909	3658	5263	1601	6738	5704	4633	2758	3362	3124	726	5197	5258	365	5429	3847	1966	4842	3363	6306	3735	5970
2598	1978	6798	3605	1435	6466	5228	2024	5237	4646	1764	7185	6727	6508	3544	737	4664	6178	5716	821	3086	2928	4449	4460	1129	4352	3010	3893	6043	2759	1134	1713	1215	237	4542	1496	3900	2861	2823	5151	2325	1409	4811	2839	711	5498	1603	3042	2963	177	4268	6800	6525	7134	1360	5351	4181	120	4169	6182	5137	2981	4982	7261	5336	3728	217	2844	5017	4748	2406	488	888	3196	3911	2641	2409	4659	5701	292	1196	6287	6191	4490	253	6071	4693	2144	6795	4452	2587	3295	1233	5691	6146	5125	6353	1102	4933	841	4266	2515	2220	2052	4362	1720	6426	1535	973	1259	3975	324	3465	4984	512	3672	6192	2824	5719	1466	120
1905	679	4377	6486	2970	2962	7097	1786	2199	1105	6650	4439	3906	427	3105	5904	225	6325	805	6206	2795	5407	3139	6403	4559	5047	7254	2209	6499	7235	4550	5871	2134	2155	2069	2324	4830	3221	4428	5514	6661	1626	6673	1075	4086	5106	2971	4871	1800	5320	5006	2651	120	768	2130	595	666	2235	5445	3008	320	3619	3909	5336	7261	6351	947	905	2901	120	6046	1426	3558	990	453	4241	4860	6936	3142	5152	2893	6213	3591	6885	5972	300	2348	1963	514	1344	673	1968	3151	3387	4096	1694	2639	5458	4182	6730	6038	412	6419	148	3553	7063	6302	447	5265	6919	6164	4843	1908	2498	6078	3863	5226	4420	5352	5409	3818
5027	3281	1474	135	763	5741	548	4208	6137	1958	7180	252	229	120	2746	6421	988	3749	833	296	6580	1896	2541	6713	4274	2869	519	6291	3168	2164	5907	497	5122	3249	1444	1705	3954	887	5860	2558	1513	5029	1238	2408	3984	4791	1116	2724	2890	734	426	1756	6258	258	3148	4662	1251	1663	4563	7116	6361	5469	3167	3728	6351	7261	645	5765	471	6199	4033	2511	1605	6584	1682	6937	5318	389	3926	770	3064	863	2536	6963	1899	6014	3918	4249	3264	4316	6643	1528	4694	896	939	2451	5124	156	5032	5089	1423	1731	4755	3803	470	6401	5053	945	2548	6786	4081	2095	4203	2779	120	6072	889	1972	1261	6392	3990
927	2813	3154	817	6484	4538	3102	4777	5083	1509	4190	1381	3431	2815	1815	5619	392	1612	120	3880	5749	3968	6433	4122	1146	5319	6537	6507	1887	3869	6132	1981	4290	3755	6282	6636	4968	7021	1447	1143	4735	3019	454	4804	1190	4207	974	2764	5111	3341	3804	4839	2138	1831	5842	1118	223	2420	4874	832	572	6346	657	217	947	645	7261	5444	2192	2382	599	5023	4543	656	1541	623	3976	5992	634	1508	2260	3874	964	402	1084	3496	4458	2027	5406	4318	4525	2121	5681	6395	6544	3268	323	6965	1330	6560	1877	1587	3635	5535	2652	718	2836	758	316	5193	120	5056	3916	503	4598	3121	3564	1240	4924	4483	2804
5335	3753	2877	6689	761	5401	4624	3450	3424	7240	3579	120	3125	5009	3018	853	3905	216	6175	1072	3041	1437	7100	381	6829	5437	1531	2821	4611	4283	1256	4883	2389	1248	1172	829	3521	361	7251	3189	3794	1268	5159	4011	384	5099	5857	6195	4903	288	5493	3282	318	4908	5577	1355	2333	4381	5253	4730	249	6958	872	2844	905	5765	5444	7261	5165	6222	1404	6808	1358	4147	5936	3715	4347	5883	1237	854	5581	3213	6048	4728	5015	3522	1209	5686	6865	3361	1698	5231	4618	1038	5201	4621	4457	120	120	1199	1405	2860	2535	932	7257	7179	2181	2411	7220	2127	716	3353	771	4170	6809	3425	1342	3799	6380	6472	3642
7137	4940	3729	6853	7154	3820	1322	1407	1312	307	5378	281	2441	2090	1629	6855	5180	7012	4238	997	6144	2495	5294	2350	1725	3992	4302	6183	120	6724	188	3807	5830	5312	5968	5899	6601	3866	7037	3872	4003	1032	6092	2331	5170	4407	3224	1173	1827	4605	1547	4261	724	4691	120	3533	6989	4380	559	5100	2147	2042	4038	5017	2901	471	2192	5165	7261	6597	2276	2436	5720	2910	2047	347	2627	3098	6523	2068	2479	2110	5506	2289	6991	5766	4161	120	6190	362	3021	2237	348	4166	2538	3959	4591	3220	5642	289	1769	4762	2911	6160	1775	4978	4546	5392	2136	6870	2450	3415	6447	5223	7159	2072	3392	5243	1645	3867	3516
2221	121	6443	5905	7192	3462	1357	5654	2030	3013	5391	4194	3679	1897	6612	1059	3050	6379	408	5784	5158	4666	3177	376	6717	3888	6574	2286	2978	1270	1416	1649	3529	120	3578	6745	3768	3761	4844	466	339	522	6760	5979	3179	202	5374	5753	6243	5076	1507	992	4715	1406	4595	5382	4451	1275	3046	6620	6384	7246	6360	4748	120	6199	2382	6222	6597	7261	3244	1813	1826	6330	6084	1091	4319	4805	2757	2373	120	1804	6438	868	6318	4837	811	1620	5501	3273	2071	4544	2979	1320	4382	1854	7056	6468	3883	1294	4406	6381	3714	4139	2119	5877	6943	3368	4426	5269	2718	2247	4270	5489	1991	7188	4297	1833	4971	5461	4781
1297	6028	4888	1317	4364	1282	6824	6621	3584	120	4911	5524	5696	779	4306	6949	5560	608	824	1169	6450	635	5094	5648	2160	2828	6250	6531	6904	2859	6752	4928	4622	2142	3287	1425	4983	6920	3401	4025	2983	3691	120	6493	4981	5121	769	5505	3554	4680	1266	2076	1776	4645	4379	4034	487	6548	2459	5538	922	1967	585	2406	6046	4033	599	1404	2276	3244	7261	120	4502	394	5168	6487	3871	1326	2472	4220	1112	4703	3232	465	6519	3080	846	3657	1418	1909	2820	5491	2443	234	2165	5723	3157	6694	6912	1550	5087	2591	3493	1334	2721	1936	1303	2359	2182	5427	3338	5434	1388	1431	2720	2454	6453	4197	5555	3973	743
2525	7075	6452	2186	4501	3418	3792	1244	5457	2803	1249	1585	3829	659	5570	6625	1265	6705	6825	3226	490	2205	3110	3270	2383	6728	542	173	2410	593	2505	5867	3641	3708	5699	2405	4852	2347	7088	5002	3113	3806	6563	3417	2672	5235	4465	1802	6850	1523	2416	423	2612	6535	4676	1971	4188	6822	1873	5575	989	2246	6666	488	1426	2511	5023	6808	2436	1813	120	7261	6511	5140	4517	4110	1659	4023	328	6964	3812	2173	4030	5819	3780	3892	6862	5694	2671	3385	1671	556	5229	3979	722	3428	4571	948	2709	3056	3758	1589	7078	2093	6578	1845	4950	6307	2858	5085	5966	5443	2215	3210	7206	382	828	3986	6783	5773	7091
2437	3146	6801	4366	6097	1107	3588	1758	5599	4834	3724	6723	2465	6791	5601	4854	6586	7181	6399	1488	7207	5856	2183	4512	1923	1321	5519	120	3372	5113	6769	5179	2494	138	1668	775	602	2889	3051	6617	2064	6349	4213	4584	6797	1227	4752	4175	1600	140	5367	1379	2293	1702	6693	4562	1471	3946	665	1644	3400	3653	6613	888	3558	1605	4543	1358	5720	1826	4502	6511	7261	5911	4291	1296	1047	2400	4372	2217	4412	5615	3311	1467	5176	3767	5975	4172	1087	4509	4746	3133	7098	4348	2703	5236	3683	1788	6262	996	1050	2059	6524	590	2398	1777	4938	6744	3279	3396	1563	5065	5695	5582	4520	6503	5932	3274	3586	2919	5762
2988	1799	3354	2402	3324	1368	930	4898	1915	6510	6040	3846	5833	1858	6428	6872	120	3797	6123	4039	4354	2191	302	1462	5120	936	3841	305	2412	4846	5503	356	5079	4263	3156	5368	2189	6345	139	529	647	3437	6934	6921	6095	4857	2972	209	4189	2546	2649	3320	6230	5238	4265	4373	6011	742	1188	1937	4015	3726	4088	3196	990	6584	656	4147	2910	6330	394	5140	5911	7261	282	5112	3876	2210	3937	6602	5191	4109	2415	4459	4279	1766	2648	6873	2754	3460	4076	2236	3713	1253	1884	4788	371	7002	4681	5938	5908	946	5840	6955	3931	1389	6193	2588	6813	5713	674	5757	681	1753	2092	1686	3471	4961	2392	1824	1578
2650	920	1970	4881	327	5545	6690	1339	7163	3214	5652	3195	3246	6830	3103	1983	4578	2867	1681	1985	2637	2311	688	5593	5516	157	2272	3022	4321	2422	985	6649	4466	5998	6051	5394	531	1619	2285	6812	1387	5430	354	450	6188	5395	267	3136	6153	2777	2519	1525	507	6753	1411	934	5881	6799	4756	257	1994	2430	4332	3911	453	1682	1541	5936	2047	6084	5168	4517	4291	282	7261	6628	7068	4817	120	6756	120	1051	3122	2417	1893	5962	2097	3665	7258	2798	3005	5262	6356	4848	2316	5915	2596	7109	5471	1641	1707	6609	3204	3623	2590	4005	5919	3706	7228	3461	2490	6844	2892	4106	3838	1042	2355	7170	921	2787	4209
7221	1126	4656	5553	1987	2802	2994	4545	5878	2604	2361	3949	5074	2915	6240	313	241	3823	6248	3371	5798	5653	6861	4156	2713	2310	6726	3209	2113	6776	3514	131	5733	1588	678	5222	3276	3364	6788	5283	4392	4751	2096	6615	5044	967	6165	1593	5852	468	844	3216	120	3411	2298	3613	2849	2693	6664	5659	7250	1874	4901	2641	4241	6937	623	3715	347	1091	6487	4110	1296	5112	6628	7261	2835	4816	5347	3865	5621	3349	5724	4277	509	6970	1352	1539	6630	5861	970	4095	4043	1325	5776	6894	1417	5988	4821	1137	3680	7067	6474	6516	6365	4255	1005	4068	1424	7210	1784	7055	4284	5863	6412	5612	6675	4231	1055	6606	4514
3600	5024	6285	2242	816	5924	2990	1830	1217	5526	1853	2058	1738	5142	6087	4438	395	4144	2224	601	1760	4705	3684	1001	6550	6740	2760	3470	5761	3247	719	2581	2557	2362	120	2061	2610	326	1132	5859	1271	1546	6020	1090	6543	6782	3079	935	1805	6512	2169	1871	5703	2611	1351	2486	1060	5428	3378	6696	4643	687	4920	2409	4860	5318	3976	4347	2627	4319	3871	1659	1047	3876	7068	2835	7261	1483	3403	2984	2351	532	245	6431	6843	4176	4790	5551	5456	1763	1730	1591	2162	1194	4159	4444	1392	7150	5431	6867	4020	5688	6564	782	1220	5291	4885	5677	1653	1280	1772	1762	2870	2561	334	6376	2925	731	684	2954	2796
5893	429	226	3164	6924	2196	6945	5987	2939	5646	5245	6942	5141	2663	1654	463	1949	4554	2226	4045	4707	1839	3962	304	6716	3162	5771	6702	5550	1080	2152	3678	3987	5709	4049	6057	721	2249	399	1924	3537	2166	7095	7013	5663	3236	5674	3317	3467	6520	1993	1094	3323	120	5625	4260	6089	5826	4237	1536	443	3988	1562	4659	6936	389	5992	5883	3098	4805	1326	4023	2400	2210	4817	4816	1483	7261	7065	6367	1849	1295	1128	6663	5364	848	6429	2696	4292	5779	5415	4419	6082	5497	1770	6676	1459	6896	3562	1717	1761	4262	5037	830	1998	6687	4530	5019	179	5902	7234	5295	1284	6754	4642	4737	3263	6944	1860	4579	1464
5048	1278	3501	6010	169	3445	6288	123	2194	3783	610	485	1178	1740	3505	4403	537	852	651	4312	2533	4400	6722	5254	1349	1918	3919	1120	2337	660	4339	1362	6804	2661	2006	3457	2549	5221	5900	2738	4727	3504	6297	802	5742	5234	5080	6099	1703	2496	5999	6017	4343	866	7125	5702	2827	699	5171	5751	479	4998	6283	5701	3142	3926	634	1237	6523	2757	2472	328	4372	3937	120	5347	3403	7065	7261	6156	1493	5641	629	6534	1685	4054	422	1701	1851	2438	3661	2518	153	5668	1537	4572	3286	2379	1739	5421	4430	4585	213	6101	4060	430	4455	1436	1161	4661	1579	3694	3814	5343	4027	6409	708	6888	4577	4778	2790
7019	5436	3138	2050	5554	7218	1657	5866	3692	4713	5227	5055	3630	2903	5573	5256	4580	5520	4052	6225	589	5800	981	2312	2845	6286	2560	5110	1097	795	1200	6917	2257	6295	1847	5482	5150	5888	7042	736	2926	1980	6377	1003	5494	3494	4863	2778	3490	3852	2178	7133	1180	4849	4519	4461	5081	4623	5959	1599	2886	1316	4391	292	5152	770	1508	854	2068	2373	4220	6964	2217	6602	6756	3865	2984	6367	6156	7261	2407	5727	2211	5396	1287	6133	2695	506	4948	6848	3319	1225	3535	235	3609	1095	3940	2126	4497	4745	5592	5463	3569	5685	6154	6774	5353	1175	6655	5174	3068	2385	3178	2922	5261	1920	4395	120	5996	3357	2023
4853	1181	2447	264	1540	3153	3789	1385	3472	6866	6960	2942	6517	5590	120	6118	4995	1311	1454	1170	2615	388	4667	6599	686	2706	4289	3081	3252	2874	2206	3631	6719	3848	4492	576	3024	486	6842	4717	907	5483	4921	5569	975	2938	2223	6388	5213	6221	987	619	4047	1446	5864	4307	4718	3348	2662	3523	446	5824	1071	1196	2893	3064	2260	5581	2479	120	1112	3812	4412	5191	120	5621	2351	1849	1493	2407	7261	2537	5735	4219	4470	6105	3271	5208	6015	913	5036	7215	567	2150	1441	5284	1487	6455	4775	7171	652	5521	6229	3712	4064	1202	363	6386	1304	5310	3731	120	1559	792	473	6654	1011	385	4313	3963	1733
6879	2664	1697	4833	6479	6107	1218	1147	3093	1420	767	2375	7092	5828	4184	5985	2057	6343	6933	6562	6710	3207	5302	3574	1911	2684	6571	6956	1500	6494	2277	1602	5533	4448	2204	5460	2480	120	3078	3159	897	1960	649	1020	670	6358	1934	2386	4973	369	5508	4820	2492	5692	6973	5981	6324	1211	4359	701	5332	4896	6839	6287	6213	863	3874	3213	2110	1804	4703	2173	5615	4109	1051	3349	532	1295	5641	5727	2537	7261	739	6849	6035	2875	1290	909	6449	2834	6368	7020	6432	3488	2961	1037	228	4098	4374	5631	219	6425	1594	3094	2632	438	2700	310	4478	4581	2880	7144	2866	3960	4636	5952	6186	4218	5215	3616	4792
2753	2487	3993	1345	6158	5173	167	3843	4338	2974	3059	1992	312	5802	3219	2957	2253	4964	6901	4305	4772	3240	6538	1319	6565	3089	5522	5639	1279	240	7010	698	6189	444	501	3101	875	1183	7121	845	4632	5086	404	3128	120	269	803	2301	3573	203	425	5098	4931	2377	1495	6684	4588	3778	835	6536	1844	1712	4615	6191	3591	2536	964	6048	5506	6438	3232	4030	3311	2415	3122	5724	245	1128	629	2211	5735	739	7261	2478	428	409	6567	2589	4216	4416	6766	3023	7174	6972	2629	5109	3499	4537	5177	2213	375	4442	1517	6749	6984	1040	606	2786	2074	3184	6418	3201	3748	2818	2477	850	120	445	2644	2177	1337
7049	696	3503	1928	4786	5995	1722	1036	963	256	1333	4829	591	2268	238	3170	4454	5929	6997	603	588	3857	3754	5884	3887	3343	1803	1377	3671	1818	6852	5973	2304	4764	3147	5105	2969	6816	1174	2526	562	120	270	1463	2656	1888	3087	7194	4361	826	2603	3945	5041	3760	2744	749	4714	4212	6540	4016	5892	3100	5115	4490	6885	6963	402	4728	2289	868	465	5819	1467	4459	2417	4277	6431	6663	6534	5396	4219	6849	2478	7261	3197	1623	5135	5305	4246	5116	874	3787	5103	6527	2927	3999	5662	6083	4183	3292	3826	4625	5030	1104	4603	4740	1624	6966	3427	4185	352	4861	3606	2137	2577	3261	4421	5259	4353	5346	6528
4864	218	3627	3824	6150	1015	6326	1792	7155	4160	1530	4224	1293	1214	4363	5944	2688	4257	6000	3040	1903	265	847	5602	3082	2051	3821	6616	2017	4868	2923	5479	1458	3182	120	2428	2346	5754	6828	2212	5034	5809	1883	3495	4135	3217	2687	5965	6274	6461	735	869	5846	3837	331	575	4171	1778	2940	120	6124	5132	573	253	5972	1899	1084	5015	6991	6318	6519	3780	5176	4279	1893	509	6843	5364	1685	1287	4470	6035	428	3197	7261	5097	5812	881	311	3737	5211	2690	1049	864	2125	3868	1863	3043	6059	2788	4967	2252	6216	6605	5448	6112	7216	5358	6635	6126	617	1205	2481	451	2032	2336	664	2089	5385	785	3243
2429	4604	7196	4092	4886	3235	2853	5586	807	5286	2792	5093	6065	903	3538	7256	6456	4083	4807	2809	1399	7011	6448	2483	1394	5474	4130	232	513	1901	752	5425	3744	740	2234	5777	764	3280	2745	6271	781	4711	5455	7015	1995	4303	3000	4773	6006	317	3033	3530	5971	2041	3355	6803	6556	3231	3877	329	1917	1519	1521	6071	300	6014	3496	3522	5766	4837	3080	3892	3767	1766	5962	6970	4176	848	4054	6133	6105	2875	409	1623	5097	7261	4900	568	5874	2633	6374	1672	5054	4149	2563	6497	6811	2254	2414	6734	6094	5920	6751	1267	3981	6355	5901	6134	1502	3085	1524	550	2966	3677	120	6310	6373	4674	3421	6016	637
4838	4521	5210	5656	1206	856	1695	3592	1604	6526	1347	2084	3394	2497	1430	1428	6948	3373	510	2384	2501	5548	5362	3300	6437	1989	4872	3850	1070	120	6069	6914	4987	403	5371	2133	2026	1558	4891	3700	5822	1155	5588	1442	944	2882	2332	5130	3346	1472	3333	6657	2897	1721	3638	2296	4899	419	4399	2208	3856	2444	5225	4693	2348	3918	4458	1209	4161	811	846	6862	5975	2648	2097	1352	4790	6429	422	2695	3271	1290	6567	5135	5812	4900	7261	5843	1197	577	6408	5342	3938	1457	2816	2305	424	293	1506	6887	6916	4061	6672	5844	3948	6176	3670	5241	464	860	6741	2949	2433	3447	120	597	6204	940	6884	4051	1313
3567	2203	5057	7034	4413	6375	3612	1108	303	1439	2584	6627	5278	7260	3690	4977	5324	982	1729	2846	5160	5967	2640	5370	3607	3218	3851	3793	6402	3483	3370	5164	1765	943	1640	4673	6460	4862	5747	2614	277	3664	6151	6323	1791	345	951	6482	959	2944	3173	1085	776	1625	4954	2956	6651	6090	1913	2070	6739	4437	955	2144	1963	4249	2027	5686	120	1620	3657	5694	4172	6873	3665	1539	5551	2696	1701	506	5208	909	2589	5305	881	568	5843	7261	7096	3842	6759	3542	3626	3379	5913	2354	2216	870	528	6172	3776	2564	4695	6982	502	966	4779	3921	1119	2263	6257	3563	5598	2675	1236	3109	5756	2716	6889	5511	1566
6239	6823	2947	4897	2842	7124	1235	298	4067	4720	1693	1100	2826	6473	284	4493	4947	1383	5131	4671	1892	3016	5664	6293	5851	5033	2000	5606	407	6284	5841	120	3376	972	883	3031	3413	5166	4692	6831	6662	5398	5666	3513	6444	4934	1359	3800	4204	2914	6707	709	2418	391	837	6658	2771	1838	2819	3250	2678	1288	1031	6795	514	3264	5406	6865	6190	5501	1418	2671	1087	2754	7258	6630	5456	4292	1851	4948	6015	6449	4216	4246	311	5874	1197	7096	7261	2552	4269	4040	1348	3950	6463	6877	7211	6116	891	5565	7231	560	4089	2643	4923	1486	6993	5743	6205	1053	120	5732	5574	321	7084	3771	2902	390	6476	6701	1341
4311	220	5672	2307	2140	5422	5750	5267	5529	2435	1962	2908	2936	5797	128	5708	6053	1912	3088	5571	5572	120	6600	1825	4074	161	290	2900	4090	4617	4668	1811	2231	786	3225	7243	120	1952	5322	6467	3912	5589	4417	3062	871	387	5239	931	483	6492	6036	7052	3835	1254	3245	3390	205	5438	2448	337	129	7247	4120	4452	1344	4316	4318	3361	362	3273	1909	3385	4509	3460	2798	5861	1763	5779	2438	6848	913	2834	4416	5116	3737	2633	577	3842	2552	7261	4462	4596	5255	2699	6996	1544	1841	494	5752	3306	1797	2091	1872	5077	4541	2989	2033	3283	2793	2705	2647	2516	2575	2527	4229	2517	4239	4252	2521	191	2837
4540	4616	3391	3644	5010	2555	1864	3817	3402	622	6042	3275	152	2035	3903	6946	6789	6772	5961	1771	6790	4258	6928	2179	6998	1669	6166	995	1870	2668	120	604	6835	4481	342	2722	1449	2280	460	4626	2685	3212	1545	211	6521	5146	4870	5763	6619	120	1056	1505	2977	141	1165	5989	186	6272	3508	6810	6504	1880	6354	2587	673	6643	4525	1698	3021	2071	2820	1671	4746	4076	3005	970	1730	5415	3661	3319	5036	6368	6766	874	5211	6374	6408	6759	4269	4462	7261	6641	4254	4013	5301	6876	4418	680	1460	4164	3443	3290	1208	638	1665	2987	2855	6761	2528	3527	520	6938	3636	3430	2967	1798	2157	5143	145	6988	3314
1609	1973	7032	757	120	2781	545	5858	3202	7253	4479	6415	5775	4553	5561	2774	1635	1944	2616	4657	3260	5466	5196	120	1019	1052	6366	386	3696	5734	192	2078	2645	6127	7006	5578	2986	6908	2141	3017	2833	1401	5155	1757	653	1223	1822	3540	3742	3436	2628	1034	2775	458	624	6135	5123	5000	6773	2489	6681	4100	6827	3295	1968	1528	2121	5231	2237	4544	5491	556	3133	2236	5262	4095	1591	4419	2518	1225	7215	7020	3023	3787	2690	1672	5342	3542	4040	4596	6641	7261	1814	5334	4665	6583	4477	6646	2200	5325	2622	7203	5376	434	2342	2265	5634	2800	6805	3313	6241	5039	3083	2980	6757	5728	710	3277	6382	2045	4733
4456	5948	6039	4503	524	2848	2306	5680	1376	5414	1615	3048	2864	2335	6922	2320	685	3329	2269	4410	6398	4320	1398	790	553	5440	1852	6030	6608	7238	5355	5825	325	1734	4986	7131	5247	5375	1935	2765	6058	4909	5323	4445	1976	1231	728	3491	5886	5313	3438	2081	3769	5492	6481	753	3144	1386	120	4640	3571	6659	2107	1233	3151	4694	5681	4618	348	2979	2443	5229	7098	3713	6356	4043	2162	6082	153	3535	567	6432	7174	5103	1049	5054	3938	3626	1348	5255	4254	1814	7261	198	1661	6733	2284	1276	2168	5609	120	7227	695	6245	7169	5964	1634	5787	5922	6910	5725	5549	448	6338	2605	6328	3149	6169	7187	4271	441
5309	7053	6359	3299	2791	3322	6686	3435	2240	1571	672	1875	6138	2710	867	5870	120	6691	6337	4654	5794	5439	4754	6633	3920	584	1115	5504	2898	2201	2567	5845	242	2187	5084	983	4552	3736	3414	3412	5447	6969	3420	1298	6404	4941	3772	7105	6704	3120	4724	2932	1662	675	3308	333	2262	4529	3587	2334	6992	1828	1127	5691	3387	896	6395	1038	4166	1320	234	3979	4348	1253	4848	1325	1194	5497	5668	235	2150	3488	6972	6527	864	4149	1457	3379	3950	2699	4013	5334	198	7261	1890	5710	4375	2812	1895	1737	4561	2635	2018	4141	2185	120	3548	4031	2689	6767	6990	1323	4425	3599	4482	3506	923	6667	2657	1812	3429
3442	4487	1300	4474	5058	4128	5726	4296	1796	1724	2609	5016	2626	5403	667	6292	3453	4716	2904	720	6793	865	6142	6975	6731	4250	1706	4508	6764	400	1230	7118	976	3525	5669	3759	5028	2739	4008	4278	5994	1735	4677	4620	3150	6104	991	3175	926	1028	5328	3446	535	5887	1114	2619	594	5275	3970	6821	120	137	5537	6146	4096	939	6544	5201	2538	4382	2165	722	2703	1884	2316	5776	4159	1770	1537	3609	1441	2961	2629	2927	2125	2563	2816	5913	6463	6996	5301	4665	1661	1890	7261	5818	4240	4371	6981	6747	3560	4173	5416	7173	1480	5760	1542	1532	1503	4463	6721	5373	3707	984	778	1285	5360	4975	6309	1185	2143
5187	1366	6102	1664	4859	1639	1959	4129	6629	1066	6868	3723	677	6299	6214	2554	6642	2452	1876	2431	6050	6660	3312	6911	1083	1396	7151	3285	4557	3482	7000	3468	1882	6604	5327	6305	3030	3193	2102	4340	1614	4422	6336	1745	2807	6692	772	5001	3188	2020	7112	3545	4812	120	662	1113	2850	495	4017	5424	6152	6491	3889	5125	1694	2451	3268	4621	3959	1854	5723	3428	5236	4788	5915	6894	4444	6676	4572	1095	5284	1037	5109	3999	3868	6497	2305	2354	6877	1544	6876	6583	6733	5710	5818	7261	3386	3702	163	729	6718	3552	1898	343	4809	2054	4228	120	3750	2049	4794	420	2111	4245	5287	1250	5020	4450	4123	7044	3601
571	4280	120	6878	1955	4902	5783	4281	5788	5607	2702	3895	6559	5507	2009	3190	272	3961	1228	2553	4298	6700	3798	814	3335	784	2999	2330	3474	3897	2634	4910	2446	5834	5331	1795	7120	6290	7162	7023	697	1886	6096	2421	1510	2188	1642	2339	1616	6589	5304	6446	5470	2679	1879	5687	2229	1328	3645	2899	4082	4496	6864	6353	2639	5124	323	4457	4591	7056	3157	4571	3683	371	2596	1417	1392	1459	3286	3940	1487	228	3499	5662	1863	6811	424	2216	7211	1841	4418	4477	2284	4375	4240	3386	7261	1158	5909	6400	2005	2063	1363	7209	2728	5251	5040	2510	4002	6637	4200	1093	6013	4734	3330	5910	4583	4915	4997	3782	1660
6436	1689	6509	538	6923	898	6807	4133	1902	1139	958	122	1846	5850	1140	810	6977	942	4606	4223	6708	2244	4962	5540	2048	7129	3913	2838	166	6372	4325	1947	5473	1089	3325	6322	4635	2357	787	5933	2195	322	2715	3881	3377	5807	1925	5249	3738	3882	580	3765	4690	4154	6683	2193	5737	2248	6547	2100	794	5635	6260	1102	5458	156	6965	120	3220	6468	6694	948	1788	7002	7109	5988	7150	6896	2379	2126	6455	4098	4537	6083	3043	2254	293	870	6116	494	680	6646	1276	2812	4371	3702	1158	7261	3332	4649	3265	2578	6552	4167	6732	3258	6281	190	5921	3669	7047	4767	120	4322	2197	2039	5008	1184	3475	2520	6076
5790	4104	4329	5978	2129	614	3241	3633	2659	4935	644	4148	2104	1582	968	902	5052	1817	2707	2523	965	3611	626	2570	3828	154	7086	5847	2117	5530	398	5949	165	2145	748	6141	261	5453	2565	3251	3211	7001	1252	6847	1964	7039	5805	3115	4102	1395	5316	5184	4528	4658	4386	4333	120	533	540	3687	6352	1715	544	4933	4182	5032	1330	120	5642	3883	6912	2709	6262	4681	5471	4821	5431	3562	1739	4497	4775	4374	5177	4183	6059	2414	1506	528	891	5752	1460	2200	2168	1895	6981	163	5909	3332	7261	6207	1159	433	4922	3278	3886	2243	2766	2116	3001	4007	5527	7004	6410	4472	842	4294	4315	2894	4398	704	5945
1652	3944	5175	4124	3597	5675	3055	120	605	5043	2308	5637	3399	6875	6802	747	7090	5380	3345	5748	579	6333	3145	2327	3576	120	924	6986	7233	2776	6985	3369	525	4131	2608	4295	5050	5277	136	255	244	6814	4242	6874	6301	693	3095	5082	6056	7229	6994	2674	6640	3163	6242	4582	3924	4749	7025	1492	6200	1009	2909	841	6730	5089	6560	1199	289	1294	1550	3056	996	5938	1641	1137	6867	1717	5421	4745	7171	5631	2213	3292	2788	6734	6887	6172	5565	3306	4164	5325	5609	1737	6747	729	6400	4649	6207	7261	621	3790	1869	4488	1445	1767	5740	3389	3137	7145	359	3727	5543	4824	2067	248	2503	1141	1299	5185	1768
4385	1201	4143	5882	467	2482	4952	3819	827	840	6871	598	6298	5722	2727	2736	707	3698	7161	4651	477	4121	765	6505	2529	1999	4619	1017	3610	3688	3894	1039	6555	960	4368	3608	4142	3180	2462	4370	6197	4949	3455	3198	7212	6407	2082	5528	2356	5114	3934	2083	260	1835	158	809	6174	4314	449	2811	4006	4994	3658	4266	6038	1423	1877	1405	1769	4406	5087	3758	1050	5908	1707	3680	4020	1761	4430	5592	652	219	375	3826	4967	6094	6916	3776	7231	1797	3443	2622	120	4561	3560	6718	2005	3265	1159	621	7261	6405	2275	5697	2425	7027	1222	3704	5051	1637	5579	4963	196	120	952	6032	5885	2040	6500	6210	2673
6251	6416	6518	181	6699	6837	4905	6261	3740	7189	2732	4484	2344	1443	4486	3674	873	906	2449	5806	3497	4491	5580	3336	1930	1422	6581	6611	714	4687	2691	2814	3624	197	3350	6743	2854	2784	2190	1857	5462	1501	3709	7071	5369	3262	7157	6688	4495	5359	5198	5891	6163	294	2756	4892	1522	3130	1473	2992	4841	2135	5263	2515	412	1731	1587	2860	4762	6381	2591	1589	2059	946	6609	7067	5688	4262	4585	5463	5521	6425	4442	4625	2252	5920	4061	2564	560	2091	3290	7203	7227	2635	4173	3552	2063	2578	433	3790	6405	7261	432	120	5348	4471	2340	3215	2683	2131	6715	5623	2241	3326	4523	3763	6623	2547	6890	5345	6593
7190	6098	1561	5068	2159	6748	6736	6685	3351	2884	5476	5597	3785	5958	1057	7085	3104	2256	3730	650	7226	4731	1975	7198	5063	7077	4035	5383	4062	5426	5647	4932	547	206	1309	1965	1168	5813	1064	4227	3770	4569	5435	6957	3786	6371	5700	3432	4518	3310	4094	4882	2319	3404	3927	993	6397	120	6750	820	730	5810	1601	2220	6419	4755	3635	2535	2911	3714	3493	7078	6524	5840	3204	6474	6564	5037	213	3569	6229	1594	1517	5030	6216	6751	6672	4695	4089	1872	1208	5376	695	2018	5416	1898	1363	6552	4922	1869	2275	432	7261	5232	712	2946	1608	2514	6442	5811	263	7110	7072	5088	3439	5618	3134	274	1790	3111	6128
1677	692	5679	5365	2003	4119	3967	2733	760	4630	1867	4041	4028	2353	5986	2464	1732	4526	6441	5459	7158	1931	4396	3383	2011	1414	6008	125	410	3862	2345	6607	3230	2475	6074	120	4904	6951	5584	4433	231	3570	2832	3739	4912	2666	6886	6130	3681	746	1575	2368	3536	2371	4682	2566	4057	3777	4287	162	120	3269	6738	2052	148	3803	5535	932	6160	4139	1334	2093	590	6955	3623	6516	782	830	6101	5685	3712	3094	6749	1104	6605	1267	5844	6982	2643	5077	638	434	6245	4141	7173	343	7209	4167	3278	4488	5697	120	5232	7261	4108	2708	5190	7073	2493	4524	268	5665	1576	2499	5853	2607	2797	2822	4055	5650	5729
4272	4789	1343	6588	1881	4574	1216	4390	3996	2930	120	5876	3907	6454	4022	3972	1014	415	4627	7087	1167	1859	6566	183	4648	6882	1728	5622	5940	3625	6478	3854	733	2748	291	6596	911	6317	1894	3534	4151	6320	1421	822	2264	2586	7191	5417	941	1012	4323	6106	120	2582	3629	5627	2158	5614	6846	849	1782	6236	5704	4362	3553	470	2652	7257	1775	2119	2721	6578	2398	3931	2590	6365	1220	1998	4060	6154	4064	2632	6984	4603	5448	3981	3948	502	4923	4541	1665	2342	7169	2185	1480	4809	2728	6732	3886	1445	2425	5348	712	4108	7261	2937	6341	299	6253	3620	3598	6893	2749	3985	4650	3634	2621	184	4858	160	4785
4275	4818	1044	2665	5182	3779	1023	6768	5468	5868	5203	6711	5815	6502	5739	3331	1704	2001	5014	1856	1862	5600	7249	5499	2512	929	4165	1618	1699	4894	2921	3705	3395	4282	3126	2502	6319	676	6312	3860	5768	7141	7205	414	2297	3127	1793	1583	3012	6947	4700	4845	4309	5628	4534	3581	4014	6698	2676	986	2028	858	4633	1720	7063	6401	718	7179	4978	5877	1936	1845	1777	1389	4005	4255	5291	6687	430	6774	1202	438	1040	4740	6112	6355	6176	966	1486	2989	2987	2265	5964	120	5760	2054	5251	3258	2243	1767	7027	4471	2946	2708	2937	7261	5172	6215	1953	4235	4233	7043	7029	5207	4427	788	4608	2973	5242	1723	2488
1434	2290	5300	683	7149	3595	2704	6423	1131	120	2617	4672	3974	4012	3995	2885	766	5630	4225	4726	1921	6806	4222	6148	2153	3141	5452	6863	2075	2851	4408	3801	6501	6081	783	2968	1224	4945	3977	5326	7204	3239	3815	5912	3186	1484	5963	2123	799	2291	1111	2550	1533	885	3870	2154	3618	6935	691	3604	1785	855	2758	6426	6302	5053	2836	2181	4546	6943	1303	4950	4938	6193	5919	1005	4885	4530	4455	5353	363	2700	606	1624	7216	5901	3670	4779	6993	2033	2855	5634	1634	3548	1542	4228	5040	6281	2766	5740	1222	2340	1608	5190	6341	5172	7261	1836	4019	2114	4644	6679	3416	977	4358	6765	925	6342	917	3703	3885
3805	6161	3272	353	3452	1182	3091	4670	3556	3682	7165	3528	2624	159	3297	6926	6348	5620	1984	1061	6674	2905	1907	6631	859	5799	2805	5472	962	1658	3106	5906	4210	7101	5467	4875	574	2085	475	4918	4556	543	3063	6464	7184	1247	1837	1586	3646	6834	3303	4847	1942	6369	3469	120	1077	2300	4293	3143	4145	3502	3362	1535	447	945	758	2411	5392	3368	2359	6307	6744	2588	3706	4068	5677	5019	1436	1175	6386	310	2786	6966	5358	6134	5241	3921	5743	3283	6761	2800	5787	4031	1532	120	2510	190	2116	3389	3704	3215	2514	7073	299	6215	1836	7261	7197	2315	555	2887	6735	6316	4979	2958	5769	2174	3382	6211	1403
5031	4093	6315	5224	4198	2266	6618	3454	671	1286	5808	1429	2461	120	3291	4324	2012	3057	6280	6255	3795	1239	3955	5717	3066	3875	6572	5118	2476	6826	919	1332	2295	3267	5960	2321	893	6898	6044	280	5496	2975	1149	1145	3473	3492	330	120	6978	2079	4443	5134	3510	1162	437	516	4066	2471	1302	1353	155	5862	3124	973	5265	2548	316	7220	2136	4426	2182	2858	3279	6813	7228	1424	1653	179	1161	6655	1304	4478	2074	3427	6635	1502	464	1119	6205	2793	2528	6805	5922	2689	1503	3750	4002	5921	3001	3137	5051	2683	6442	2493	6253	1953	4019	7197	7261	120	1916	6471	6362	750	6026	3067	2955	2542	461	1527	4566
3689	5925	3718	1124	4285	4177	4215	1611	5442	4800	6906	2806	1711	1651	5557	6294	4787	4895	6264	1494	6558	2950	6840	4365	5658	4346	998	3074	6034	5624	4594	2288	6217	3037	2539	4980	3816	1868	4476	3695	6393	2669	3108	3884	319	500	5296	7114	7107	4613	570	3855	5778	2167	6974	1590	7239	5408	193	4050	6458	493	726	1259	6919	6786	5193	2127	6870	5269	5427	5085	3396	5713	3461	7210	1280	5902	4661	5174	5310	4581	3184	4185	6126	3085	860	2263	1053	2705	3527	3313	6910	6767	4463	2049	6637	3669	4007	7145	1637	2131	5811	4524	3620	4235	2114	2315	120	7261	2847	3061	5144	2677	1354	7193	2698	1283	2004	7214	2654
1627	4959	120	2562	239	491	5795	3878	6391	789	5655	1667	1941	4532	3004	6900	1743	2592	1613	706	4823	435	4345	2022	7030	2170	6451	1477	6575	5596	4288	2460	5268	3858	713	6234	5186	3932	1207	6669	5299	1744	1210	914	2613	7139	1820	1675	4531	5767	5119	526	1736	4798	2303	418	5285	4803	6909	4696	7200	1816	5197	3975	6164	4081	120	716	2450	2718	3338	5966	1563	674	2490	1784	1772	7234	1579	3068	3731	2880	6418	352	617	1524	6741	6257	120	2647	520	6241	5725	6990	6721	4794	4200	7047	5527	359	5579	6715	263	268	3598	4233	4644	555	1916	2847	7261	2726	2029	7115	287	815	5240	1982	3667	6009	2508
4234	2172	6208	5281	2896	144	4893	5018	1666	6440	3253	1246	6125	4575	4784	5066	4750	4600	7108	5248	1324	3500	2731	4378	5272	5955	4884	4638	7102	1106	7168	2719	5585	7199	4770	6838	5004	6770	4549	5454	309	3116	1002	7009	3928	3956	3774	643	2156	1157	4637	5101	1855	3234	5276	2934	703	876	6117	4515	1491	7017	5258	324	4843	2095	5056	3353	3415	2247	5434	5443	5065	5757	6844	7055	1762	5295	3694	2385	120	7144	3201	4861	1205	550	2949	3563	5732	2516	6938	5039	5549	1323	5373	420	1093	4767	7004	3727	4963	5623	7110	5665	6893	7043	6679	2887	6471	3061	2726	7261	2500	2484	120	168	2175	6273	774	3293	2341
1780	4441	3006	3649	7024	4187	6067	4570	1452	6263	2717	6203	2747	565	3890	4799	5629	3971	3539	7058	5260	4042	5412	4350	6109	4547	6406	2597	6665	1133	3583	4722	6202	2817	2390	5384	481	5774	7016	5730	6201	2572	4639	1378	4127	7178	2763	5827	6836	2046	4996	632	132	6554	2218	1945	4214	6396	1621	6085	4029	1327	365	3465	1908	4203	3916	771	6447	4270	1388	2215	5695	681	2892	4284	2870	1284	3814	3178	1559	2866	3748	3606	2481	2966	2433	5598	5574	2575	3636	3083	448	4425	3707	2111	6013	120	6410	5543	196	2241	7072	1576	2749	7029	3416	6735	6362	5144	2029	2500	7261	2031	2419	2313	6959	3647	616	120	6645
904	3904	1719	1078	3675	4264	5495	2682	3575	120	3969	3174	1314	5233	2128	1086	551	5667	278	189	3359	2053	5500	3822	2323	5035	6394	2439	3342	5433	3933	4576	6851	5405	3003	6639	1013	6796	3565	2328	4010	3254	1198	7195	1679	7119	5990	6891	5303	4251	4972	480	1714	3543	1709	3352	413	2801	586	178	1948	1067	5429	4984	2498	2779	503	4170	5223	5489	1431	3210	5582	1753	4106	5863	2561	6754	5343	2922	792	3960	2818	2137	451	3677	3447	2675	321	2527	3430	2980	6338	3599	984	4245	4734	4322	4472	4824	120	3326	5088	2499	3985	5207	977	6316	750	2677	7115	2484	2031	7261	4688	120	5274	2985	315	2917	4957
5366	6858	4753	1746	7153	3484	6470	2681	1692	6223	3925	1631	5823	379	521	5914	4675	7048	4099	6622	5617	6995	4085	4112	611	961	3873	1221	4069	1520	4723	1393	120	146	4453	6530	5539	1584	2873	367	120	4609	4136	3596	1179	1511	6246	1774	1468	3710	908	3384	3365	2543	2273	3433	120	452	4831	462	7040	1432	3847	512	6078	120	4598	6809	7159	1991	2720	7206	4520	2092	3838	6412	334	4642	4027	5261	473	4636	2477	2577	2032	120	120	1236	7084	4229	2967	6757	2605	4482	778	5287	3330	2197	842	2067	952	4523	3439	5853	4650	4427	4358	4979	6026	1354	287	120	2419	4688	7261	4747	120	127	5423	7224	3071
1415	3994	7089	1384	3650	1807	5782	4985	1450	1448	1079	6794	933	5441	7127	1027	212	4046	3227	3478	4059	4914	5337	3935	5206	2343	236	3321	1670	5758	5129	4607	1751	4048	6162	4405	120	6066	1440	3318	6648	4879	583	2878	878	3477	3751	4286	4404	2376	5872	3637	7005	3423	6289	2258	4259	2065	2463	6968	1560	4423	1966	3672	3863	6072	3121	3425	2072	7188	2454	382	6503	1686	1042	5612	6376	4737	6409	1920	6654	5952	850	3261	2336	6310	597	3109	3771	2517	1798	5728	6328	3506	1285	1250	5910	2039	4294	248	6032	3763	5618	2607	3634	788	6765	2958	3067	7193	815	168	2313	120	4747	7261	6270	4555	5404	5139	175
6025	7113	1516	4226	1969	3532	6029	3733	3045	4304	3668	641	3908	1058	4115	587	4191	7123	1708	1596	6644	655	3834	1684	3555	4536	6420	7099	1144	1819	6005	3655	3481	1554	4516	3112	505	2953	7064	2025	4468	5803	4840	6435	3266	1177	3489	5678	2540	6427	455	1557	5610	5092	2623	308	4999	4766	689	1504	6003	2427	4842	6192	5226	889	3564	1342	3392	4297	6453	828	5932	3471	2355	6675	2925	3263	708	4395	1011	6186	120	4421	664	6373	6204	5756	2902	4239	2157	710	3149	923	5360	5020	4583	5008	4315	2503	5885	6623	3134	2797	2621	4608	925	5769	2955	2698	5240	2175	6959	5274	120	6270	7261	6308	5021	6047	7138
812	4273	4757	4592	2620	6062	247	7202	489	3152	3298	6881	254	4232	6668	5670	5935	3337	3721	3419	5387	5836	4202	5271	6220	4510	6209	7045	552	7142	3541	4168	4684	3781	1900	5532	469	1166	2363	4739	4943	3939	5154	3663	4473	527	755	3699	2544	199	851	4236	120	756	4489	4387	3947	6498	5386	2401	6709	5690	3363	2824	4420	1972	1240	3799	5243	1833	4197	3986	3274	4961	7170	4231	731	6944	6888	120	385	4218	445	5259	2089	4674	940	2716	390	4252	5143	3277	6169	6667	4975	4450	4915	1184	2894	1141	2040	2547	274	2822	184	2973	6342	2174	2542	1283	1982	6273	3647	2985	127	4555	6308	7261	5350	5793	6339
6311	368	2120	5199	5997	4610	5977	6347	4916	4565	1823	6962	1951	5264	6088	5595	5212	6695	5349	1647	2007	4856	6119	2424	2086	2761	648	6389	5292	4217	2227	6927	4641	3943	3025	2913	831	5330	1988	6157	1741	4053	1549	456	3238	642	654	3358	1956	2918	6677	3229	6907	4464	2636	2762	120	5075	2456	4075	3589	3593	6306	5719	5352	1261	4924	6380	1645	4971	5555	6783	3586	2392	921	1055	684	1860	4577	5996	4313	5215	2644	4353	5385	3421	6884	6889	6476	2521	145	6382	7187	2657	6309	4123	4997	3475	4398	1299	6500	6890	1790	4055	4858	5242	917	3382	461	2004	3667	774	616	315	5423	5404	5021	5350	7261	227	3406
5583	1000	5711	3463	6514	6103	4869	2743	6045	2374	4876	5974	4685	4768	3479	1904	5801	401	6638	4936	4140	5917	557	3966	6647	5645	2642	6414	5804	3007	3603	4446	3028	5792	1555	5038	2569	6177	1160	2568	4409	338	4819	6445	1065	4150	2180	4132	541	3259	5218	5923	4073	6697	1638	2367	5542	6591	3551	4351	5183	3192	3735	1466	5409	6392	4483	6472	3867	5461	3973	5773	2919	1824	2787	6606	2954	4579	4778	3357	3963	3616	2177	5346	785	6016	4051	5511	6701	191	6988	2045	4271	1812	1185	7044	3782	2520	704	5185	6210	5345	3111	5650	160	1723	3703	6211	1527	7214	6009	3293	120	2917	7224	5139	6047	5793	227	7261	2038
4527	3813	4587	3859	2060	7140	5556	640	618	3507	306	5991	7236	3199	1710	5464	5566	6513	4506	3531	3648	5541	3982	3340	4678	6465	1929	4725	818	5379	3964	6980	2056	6149	341	1123	2740	5413	5956	120	1821	6819	120	5012	3451	5005	6064	2413	3296	7066	6762	3915	7217	1556	6187	1453	4597	3640	5926	4310	5604	1361	5970	120	3818	3990	2804	3642	3516	4781	743	7091	5762	1578	4209	4514	2796	1464	2790	2023	1733	4792	1337	6528	3243	637	1313	1566	1341	2837	3314	4733	441	3429	2143	3601	1660	6076	5945	1768	2673	6593	6128	5729	4785	2488	3885	1403	4566	2654	2508	2341	6645	4957	3071	175	7138	6339	3406	2038	7261
