7261	1581	898	4694	6463	4776	120	5744	2175	6801	1698	4877	2840	4795	5582	2690	2104	6955	7029	6208	5733	5183	615	6982	5512	1667	1189	7215	1268	5500	5543	2413	208	3834	6752	1368	2247	7099	3287	5986	5961	312	3341	4296	4184	3641	2148	3915	3992	4406	4132	6453	6763	5320	4809	1664	4261	5997	2776	4447	645	4980	6539	3088	6438	4071	6107	550	834	5392	4500	2692	5755	6404	4603	6688	3720	4672	2794	4139	5129	3044	3302	6254	6872	5669	2336	7234	4682	2874	7103	3760	4450	1357	5029	1676	5994	691	1895	3157	6559	1128	1947	3571	1032	6468	4654	3086	5177	4626	4432	339	7138	3354	4859	5071	223	4309	6958	5834	3761
1581	7261	5897	6664	5765	5990	3829	3313	4018	4377	2169	578	4828	642	920	5085	1855	3097	6094	2832	4705	2822	5948	4024	338	495	1768	4480	488	6068	6607	5480	3031	1556	5309	6883	6524	825	136	4431	4235	5343	6435	4750	3917	1575	6140	4046	7098	2055	7226	7223	362	6393	1759	2882	3203	3022	1447	6895	6230	3422	6853	2317	2835	4403	6340	5753	5278	2228	4646	2472	5457	5061	3385	6504	3293	331	1436	6161	1642	120	5143	4392	907	613	4465	123	6753	4874	5675	1174	3718	284	3659	1098	1548	120	1422	6309	2320	2054	572	2506	5256	1218	211	6942	2501	3900	775	2552	5620	2272	3039	6053	3247	884	670	5581	1454
898	5897	7261	1559	238	6813	3060	3270	1430	3938	6400	1701	3197	2915	3366	3386	2589	4442	4796	1812	4687	181	2998	6182	3516	6050	4731	3108	537	854	2900	4339	5485	6512	4939	5057	3484	4473	1911	538	6771	954	4446	1945	1857	2624	1400	4415	7051	120	4454	2798	1717	2439	6331	3164	7209	1512	484	4464	3866	6893	1763	2464	3702	5575	5918	6558	6566	120	2634	6594	6741	2134	459	6940	6382	4034	120	6406	4983	3128	2152	1996	1479	2390	2448	6189	2877	5849	5698	6882	1155	1758	6403	7149	3880	5176	6464	5847	3117	1640	6446	5832	2113	5499	2824	628	243	2234	6176	4978	3918	4114	3905	1646	3362	5892	6506	935	1244
4694	6664	1559	7261	4065	4329	4519	6905	1444	931	3315	2563	2400	2522	7100	4701	5803	6298	3585	342	932	3779	3922	4969	3396	593	2203	4035	972	6726	4441	3508	6612	5606	5223	6993	4930	3742	2988	3344	6617	4526	3357	2125	618	2365	5913	2828	2326	5417	5041	1666	1815	3860	1014	553	3527	373	5245	472	2673	120	1290	414	5149	1274	1643	7148	6646	4492	3468	5696	994	6427	4040	876	4050	405	6037	5439	1109	416	7055	2454	1079	864	5299	5899	4903	3343	1793	349	7092	5131	2830	6721	5823	5506	4959	5366	5135	473	5077	5466	3222	5778	1101	4615	7015	6310	577	5660	3808	4502	4709	5173	6155	2928	2292	2014	4178
6463	5765	238	4065	7261	4536	6766	5282	3080	6574	5112	1147	4299	279	3875	5058	5047	2132	6100	6765	1469	2045	655	120	3979	6632	4086	5873	5915	4627	6429	4892	5037	3775	2159	5076	727	6724	5954	3963	1213	1012	489	1570	1980	407	3321	6439	2009	5234	6799	718	1317	4177	4374	3613	4229	245	677	1004	5565	3295	2025	1645	6820	6369	928	1489	833	3191	3670	5940	3857	3578	6355	2303	3013	3499	7174	2650	259	4934	6584	6104	889	3627	4052	4105	1073	5107	3974	3475	3172	5354	3525	5220	1936	1809	6139	7034	2836	1491	4649	6778	1442	4883	1468	3709	174	3050	3285	2285	4920	5898	1149	939	2355	6286	1267	3819	4394
4776	5990	6813	4329	4536	7261	4714	7124	791	2114	874	1336	1193	5509	6679	886	1219	3925	221	4622	2479	3993	4081	4318	5160	369	4870	5955	4277	4271	5283	4527	1292	7061	6628	6475	6321	2691	4899	3590	2378	1603	1515	587	4619	2588	1312	6850	5113	3496	5180	2322	2568	3941	3410	3116	2947	2243	1774	2429	7255	4461	2404	4128	4194	2930	1625	4484	3600	4308	2829	4100	887	5888	1598	5175	1146	3324	120	198	3897	3978	6459	6281	3910	4256	2902	2343	5316	977	1604	7024	852	1259	5153	2911	4961	776	7145	320	975	4356	883	1995	6332	3812	3102	3319	697	5227	4960	7161	444	6600	2989	1938	6167	4517	120	6691	5626
120	3829	3060	4519	6766	4714	7261	5896	1360	2332	5735	2686	2340	4635	3126	2751	5489	5442	2308	5841	214	4661	3630	4606	7077	508	294	599	3196	4276	5625	6938	5469	4778	4305	3663	1013	3753	3773	4549	7250	5579	5963	4779	5088	4355	5030	6489	3662	6529	5072	6794	6402	6701	3660	7247	2980	5084	464	2991	2683	402	5843	1566	4495	5666	120	1247	6090	6932	1562	5750	826	700	3636	4620	2966	872	4958	583	6041	1206	2842	1960	514	3904	5248	7128	2019	5119	4376	1355	5709	6354	120	4349	4736	6537	486	6454	2931	5106	450	2981	6969	438	3559	4289	836	7039	1678	5633	835	4364	146	1246	4621	6983	861	1070	633
5744	3313	3270	6905	5282	7124	5896	7261	3738	6590	5238	2534	5346	6863	1730	5349	4577	429	2756	4047	204	3883	6595	120	7009	1139	2964	6174	913	6317	2714	229	2181	2075	1387	5189	1718	3201	2963	1626	4007	2846	3604	2048	4448	5951	4156	2597	3947	3452	860	6616	4003	3584	4592	4468	1819	300	6260	2360	7214	5982	6022	3878	869	5808	4386	5011	5495	2057	6211	4366	2197	6434	4279	2872	7090	5325	2284	6768	5225	591	3907	4666	2026	3345	120	4949	4213	4404	4315	120	5967	6440	3150	1912	476	5520	1112	7096	1367	2599	202	5594	7254	348	1167	2314	6261	2677	2680	6545	3847	4402	867	3363	2791	4861	1106	6367	6280
2175	4018	1430	1444	3080	791	1360	3738	7261	3265	4301	5413	4136	1679	6433	3678	4212	5304	2660	5628	682	6928	6898	987	4681	4810	2074	2347	5487	971	3620	5630	264	1177	6854	1543	3506	3308	3066	6378	2602	3272	3538	5067	5159	1204	689	406	4803	3111	3567	374	1223	1198	1966	5014	901	807	299	372	6059	1138	120	120	6889	2199	1066	1742	251	7186	2072	4624	4944	2813	3507	1420	1457	6717	2561	1183	2860	2921	3016	4817	6360	914	878	6643	2892	3696	3588	4471	1943	1335	3454	5486	6507	3638	4379	6994	2496	2694	1986	1351	7003	3967	2626	5825	6685	1236	3541	6137	3307	5060	1546	4976	783	4187	5450	7001	963
6801	4377	3938	931	6574	2114	2332	6590	3265	7261	2258	2351	5305	1700	3413	411	4567	1082	1602	4719	6202	1352	3325	1434	4084	3930	6682	4317	865	2428	1439	4021	4732	3906	6516	3928	7125	1917	3885	4514	2951	494	3927	3331	2929	6431	6377	2508	120	6183	6513	6391	4777	1567	5599	3486	3127	1593	5350	3024	2261	4989	4857	1901	5451	6859	1719	3430	4996	3367	3698	7069	2229	5133	930	738	5140	4258	3494	6876	4643	6913	5931	4600	1113	7167	3603	3991	6405	2784	5882	1036	1309	1260	5210	479	5359	815	3406	605	6534	4845	7132	3492	1047	1103	6951	4077	6547	397	2198	6580	997	3284	3727	1136	4030	5246	1001	1373	1985
1698	2169	6400	3315	5112	874	5735	5238	4301	2258	7261	3158	5155	4591	5559	4897	2471	3059	5777	3477	2371	6215	936	120	853	6008	2857	260	5333	3733	756	4748	1392	2710	3473	1906	4842	401	1672	5845	2820	2637	5355	4761	3569	6300	6800	5369	3545	4698	6925	3067	2700	5224	1682	4439	3976	2903	1173	3110	5232	5933	1311	6466	6127	6117	4718	2245	6610	3178	2187	6452	6655	6546	961	4931	7168	5075	5300	2727	4745	7178	1953	6756	257	1883	6371	3884	6314	5226	5235	1588	5801	6709	1821	3909	6302	4304	5284	1853	6748	5555	3950	400	2904	5219	5375	1265	5693	3796	6835	1068	704	838	2868	4259	4130	4011	4221	3418	5958
4877	578	1701	2563	1147	1336	2686	2534	5413	2351	3158	7261	5027	2702	2669	4951	3011	6757	4157	2023	2254	4724	3479	2444	2759	124	4970	7045	6014	668	160	2150	6023	2498	6568	1660	2101	6001	5510	6750	6148	3573	3283	1166	2511	5917	1043	3359	1711	5196	1037	7152	2248	5573	4020	3098	1340	6908	2787	5791	5441	6700	4642	4088	2127	7068	2815	5796	6244	2895	6046	6306	6390	5425	3865	4173	4604	6021	120	581	4433	366	120	2412	2977	991	3675	6315	5172	5481	2249	830	1776	5716	1732	752	5776	743	5368	1657	5477	3609	5558	6289	1841	7111	1535	5991	6279	2193	2035	1085	1834	2528	5980	4179	360	6002	380	2319	847
2840	4828	3197	2400	4299	1193	2340	5346	4136	5305	5155	5027	7261	635	5848	4914	6020	517	3382	894	3594	5993	1514	1820	5970	862	3549	6166	1005	1114	3634	2955	3208	6175	551	2166	6221	120	6363	2328	3646	582	5003	4868	5498	6457	5678	3400	6132	5253	6128	2297	526	511	166	4476	3791	5161	4813	2039	120	6836	5551	1412	2854	1509	2184	4103	3645	4359	702	6641	1464	1421	6562	4963	3987	5863	6705	1279	3495	2545	7052	6480	7000	6977	6045	1761	2087	6179	4611	2701	4360	5098	3260	131	301	6941	7094	2238	6959	2236	4362	4197	6156	6416	4561	4879	4566	357	1440	5086	1153	3530	3975	3864	3433	120	6375	5568	2396
4795	642	2915	2522	279	5509	4635	6863	1679	1700	4591	2702	635	7261	5959	120	326	5191	1330	6304	120	2960	2740	3690	1323	130	6226	1716	1252	7180	5964	2099	2002	2130	1254	4802	307	6988	1099	4924	2535	4127	1969	2867	6109	3121	5434	4836	1041	4631	6069	5198	5672	2494	5748	4382	6366	6003	6745	151	3881	6036	6441	3955	944	2949	3998	2304	1125	2748	2469	1270	4064	3737	3137	1497	7165	1075	5895	1634	1438	7139	1406	2154	1410	1948	5351	3612	1006	918	5110	4608	2436	4298	5154	3184	2586	614	6057	4546	6337	3323	1169	2275	6394	4541	6596	6760	2346	6599	5535	1713	4440	5775	5443	5576	5130	570	2969	120	2513
5582	920	3366	7100	3875	6679	3126	1730	6433	3413	5559	2669	5848	5959	7261	5411	4250	1052	6409	379	4827	6624	5809	2231	4158	2907	5402	3138	6217	5763	3180	2927	6518	1460	6879	3161	2771	4503	1313	5091	7036	4125	3867	4812	1662	1504	5976	5854	4275	4438	3846	6177	3546	2636	2246	6761	1377	2209	6522	2206	2121	6696	4764	2117	661	5416	5492	1299	532	3798	6067	3769	1782	5082	376	5025	3142	6818	6556	1521	1850	3258	6731	4518	1990	4380	441	6426	6113	1473	4775	1451	1601	4825	6229	5181	2177	1722	2449	895	6114	2908	5661	875	120	723	3657	708	430	1856	5985	4543	6026	3462	5721	634	5200	562	2507	3025	2987
2690	5085	3386	4701	5058	886	2751	5349	3678	411	4897	4951	4914	120	5411	7261	4688	1974	2703	798	2434	2995	4455	3586	1331	2172	1639	801	5202	133	6727	3089	7129	3959	1939	2331	2312	5870	5447	693	1250	1094	6437	6508	2339	7028	3528	1651	5399	5539	6476	6339	5040	4284	4395	6000	2307	4175	5900	120	2549	3592	2584	6520	5904	3429	2944	6252	6290	595	1015	5497	5699	187	6341	6754	1453	5975	4717	2268	3185	4839	6263	1606	1977	5136	1913	5460	1359	3951	3426	6343	4921	120	6693	6603	5252	6336	3240	2178	1623	3449	2837	277	3732	5265	6351	6194	7184	2111	491	2711	3923	5274	470	1773	4159	4703	6258	4026	6626
2104	1855	2589	5803	5047	1219	5489	4577	4212	4567	2471	3011	6020	326	4250	4688	7261	182	6843	5230	6702	1925	1754	4290	2110	7020	4115	3286	3664	120	4334	3789	321	735	7043	5812	1941	5262	4570	1908	4618	823	3778	2082	5475	6348	2486	4437	5949	2593	1051	2432	4031	4164	3099	5104	7188	685	4880	2851	120	5616	6990	1033	3624	1039	1739	3643	5281	1202	3444	6581	1586	3957	3722	6481	1789	3635	4513	5998	3952	559	1813	6245	2375	2761	1549	2548	1695	531	6206	3474	7240	7158	5822	542	6494	4200	2986	5142	3856	6651	2190	4907	1124	2571	3823	2202	580	4307	6593	6032	1038	4700	5691	5195	4912	5391	4630	3611	3844
6955	3097	4442	6298	2132	3925	5442	429	5304	1082	3059	6757	517	5191	1052	1974	182	7261	2796	5730	2780	598	148	1844	1631	6790	6695	3807	6196	327	7151	1472	3100	2838	2662	2564	567	2923	5064	5461	787	4160	5618	2377	1081	5478	378	6785	2210	1608	4850	1397	2876	3224	5356	2582	2458	733	6318	6793	1496	2856	4457	5418	1269	5652	678	4538	5426	6894	7086	2299	6356	5141	5824	1916	179	2037	7087	1142	2648	5467	1641	6006	6076	1384	5024	6465	2618	3398	5019	4489	2906	513	6163	5676	4202	3735	5363	1030	1692	293	5704	2478	5330	152	5640	3924	4066	2932	2124	1937	4155	352	120	3384	436	1501	1787	3544	1544
7029	6094	4796	3585	6100	221	2308	2756	2660	1602	5777	4157	3382	1330	6409	2703	6843	2796	7261	3124	2260	2194	3294	3052	120	1582	1084	1757	5881	4483	3332	6906	5301	5978	3487	6604	3901	2544	2596	2001	492	2864	4953	1263	3616	7166	3517	5886	3554	4146	5087	6005	6834	120	6436	7182	4535	7169	640	4045	749	7228	233	1686	6096	3375	5736	3820	120	1807	403	6642	5455	5745	5757	504	5471	413	2797	6359	3243	5960	1714	3156	6553	5468	3785	3091	3651	5784	7150	1347	6060	1058	2215	1411	2916	6285	4354	2333	2646	4378	2033	796	5687	1053	3037	2029	120	1767	1303	120	2925	1022	629	6535	3682	4881	4782	6865	2233
6208	2832	1812	342	6765	4622	5841	4047	5628	4719	3477	2023	894	6304	379	798	5230	5730	3124	7261	3596	7216	6619	367	1595	6379	522	2940	6666	1934	120	3964	6387	4587	2713	1191	2957	2754	449	2554	6611	5788	5742	3653	2651	192	3004	2090	2306	1741	3943	2967	2716	7102	6967	4583	4306	4429	1696	5794	664	5938	6214	3852	4060	6187	6552	6583	2819	3377	4941	4710	4135	2803	624	3428	7049	4873	2224	1929	1653	2845	1465	354	6065	7252	4936	2086	6410	5404	780	3383	5514	2052	1707	6974	7194	3794	6884	4009	2163	1772	5764	2071	2380	2488	5370	2812	3465	1889	1090	7232	2936	283	2484	1242	120	3491	6683	3797	6488
5733	4705	4687	932	1469	2479	214	204	682	6202	2371	2254	3594	120	4827	2434	6702	2780	2260	3596	7261	137	6078	6744	5909	426	766	4068	3211	1797	4506	270	5432	6916	6627	4926	5395	1622	4888	1907	6233	1111	4389	2004	120	5726	4074	5679	4220	1804	1462	1008	7230	1655	3786	3000	828	5688	305	837	627	1379	2614	4451	6033	6904	4678	707	5911	5257	4945	808	5322	1152	4826	1395	1024	1770	6764	6172	5430	4860	4096	2606	4713	6901	2590	5869	4138	5518	2216	5166	5883	4048	858	6316	5408	5580	5055	6935	364	4617	445	3816	893	4145	1959	2661	6234	415	217	5388	7059	3672	5818	1502	4265	3273	6774	1229	120
5183	2822	181	3779	2045	3993	4661	3883	6928	1352	6215	4724	5993	2960	6624	2995	1925	598	2194	7216	137	7261	1681	5577	563	4754	258	3849	1620	7065	3744	1210	120	649	7011	120	7249	6115	4671	3562	6029	5188	7097	178	2401	3032	2611	7025	5534	2705	6108	7176	7035	4789	431	6385	7181	774	1199	1894	503	3347	2997	2490	3179	5328	2256	6190	5420	2698	5783	1334	4727	671	3692	6373	3764	3784	3995	252	6919	7206	6398	4434	3361	4814	6623	3360	3677	3830	351	1365	422	7084	2509	6121	5303	6989	5114	1520	3210	323	4504	2570	7239	3427	1830	6243	1769	6964	5894	4148	619	2237	4668	143	5846	5028	2363	3680	842
615	5948	2998	3922	655	4081	3630	6595	6898	3325	936	3479	1514	2740	5809	4455	1754	148	3294	6619	6078	1681	7261	1391	2774	120	2510	964	5838	3436	1431	7047	6922	237	1530	5802	5793	4383	4749	673	2276	5458	5860	3188	5079	3488	4735	3686	7190	3403	7083	1163	1876	2971	4562	548	4614	4765	2344	3845	5574	3640	909	6902	6147	5291	1018	1998	2370	2368	2271	281	4005	5922	4785	6680	5382	2958	4712	452	5635	1671	4752	3661	5063	647	1893	5048	170	5050	365	515	3766	2540	3297	5613	2384	3911	1652	5965	5311	120	5258	4151	7253	4260	4056	3182	5717	5807	3782	2954	6890	5174	2652	3520	2389	5069	5236	6719	356
6982	4024	6182	4969	120	4318	4606	120	987	1434	120	2444	1820	3690	2231	3586	4290	1844	3052	367	6744	5577	1391	7261	244	1743	7066	3705	5665	506	4840	4794	2743	5134	6015	3824	2283	5393	676	2879	5695	1220	1467	3391	4552	3189	536	3047	3159	3118	5407	6669	1180	6966	120	5115	4652	183	4894	5409	1833	6509	3805	6357	1775	6004	1002	5023	3981	1481	1867	1861	806	3364	1192	6555	4706	120	4332	911	1880	2685	6106	3051	451	5653	880	831	2185	1712	927	1233	6160	2844	666	120	1459	1892	3094	3548	6415	1494	3814	4253	5703	2279	304	6330	5012	3122	5601	3519	4716	3489	5867	5799	4760	3739	3714	2529	2640
5512	338	3516	3396	3979	5160	7077	7009	4681	4084	853	2759	5970	1323	4158	1331	2110	1631	120	1595	5909	563	2774	244	7261	4573	4183	7095	4971	2635	120	5167	6124	1203	1898	6868	3597	7080	2433	2852	7056	1538	2361	6815	2240	949	3279	1215	3169	2290	6788	5379	644	1755	549	6066	3267	1993	6335	3607	1524	2992	3512	1837	239	3605	3532	120	5673	4905	3450	455	4082	2186	6422	1950	3936	7082	3746	2452	2591	4311	418	2031	1638	399	6667	2553	5042	5269	120	3143	212	608	4078	5785	120	4902	1826	4286	6591	1576	1222	4165	2630	7071	3581	3550	5711	5708	4835	765	1393	6851	4282	6102	1596	2366	2103	6024	5414
1667	495	6050	593	6632	369	508	1139	4810	3930	6008	124	862	130	2907	2172	7020	6790	1582	6379	426	4754	120	1743	4573	7261	1327	5645	5884	6824	3251	4424	3353	3464	4411	2089	1904	5926	3687	5907	3622	5752	3892	4193	2901	3741	6028	1077	2012	5362	2079	6228	4982	5587	3648	4865	3858	1474	394	510	4864	120	1648	4263	933	1503	3668	6134	1967	6888	6747	1108	1239	2639	5046	621	1475	177	120	6200	3305	1201	4427	4815	120	7112	6915	2170	2141	793	539	2890	6259	2269	6791	7109	2782	3165	904	1251	3107	4017	6047	1446	4889	4957	1361	5659	516	5871	6722	1869	6320	4634	4544	6072	2659	7191	5634	5989	6961
1189	1768	4731	2203	4086	4870	294	2964	2074	6682	2857	4970	3549	6226	5402	1639	4115	6695	1084	522	766	258	2510	7066	4183	1327	7261	7072	3355	1970	3708	7200	2730	3801	663	2475	3002	4463	4967	1592	1786	6483	877	1441	4790	2223	6352	5178	6388	3583	3342	601	120	3717	5674	3056	7048	7256	3615	6783	4090	5208	427	7259	163	1677	5137	2235	5002	6781	1188	6833	654	1975	4393	2288	3006	6086	3949	3699	1580	4758	6085	4780	3186	7160	7032	161	812	3087	2066	4228	1849	5043	2993	1470	6995	4629	967	4234	420	7171	2133	4804	5233	6548	1778	7205	2456	740	1089	6858	810	1160	732	6784	3443	120	3625	5681	154
7215	4480	3108	4035	5873	5955	599	6174	2347	4317	260	7045	6166	1716	3138	801	3286	3807	1757	2940	4068	3849	964	3705	7095	5645	7072	7261	6308	1364	7153	5026	6644	3982	4968	4420	7067	3407	396	5074	1979	6338	5326	622	4340	2827	6751	4534	1946	4922	2188	2353	7010	156	4898	4180	3673	1019	1415	6098	3233	7013	383	6775	1838	597	3971	3214	6996	3736	3146	2765	3441	4169	4417	5953	3503	1456	1613	2122	6011	2976	5602	1145	2049	6421	2397	3684	3693	6443	6770	3724	3874	120	1832	4412	1307	4565	419	7062	2897	3480	5715	2362	1988	478	3765	3502	5657	1003	726	1765	2211	2755	6975	1882	2492	1272	4435	1346	3160
1268	488	537	972	5915	4277	3196	913	5487	865	5333	6014	1005	1252	6217	5202	3664	6196	5881	6666	3211	1620	5838	5665	4971	5884	3355	6308	7261	3565	4743	1011	6503	120	2924	3685	4231	3455	7231	2291	779	3470	2146	2131	4397	5556	4093	1825	5482	6899	7108	1476	4770	6236	782	4636	1048	5908	1217	1117	3872	7110	4283	4521	5572	4901	6511	6892	6946	4574	4223	1554	2053	3965	5526	5240	4460	754	6968	5125	6294	3787	7192	5496	2623	3945	1539	4988	6787	5001	1811	3533	3674	4073	1130	2512	4466	6674	3028	3388	6092	903	1896	4679	3317	1080	773	318	3346	1050	1227	5118	501	891	2948	2946	1989	7220	325	437	5956
5500	6068	854	6726	4627	4271	4276	6317	971	2428	3733	668	1114	7180	5763	133	120	327	4483	1934	1797	7065	3436	506	2635	6824	1970	1364	3565	7261	421	6299	2212	1320	4474	4101	4659	958	3310	2833	5211	2302	1560	4344	1060	7101	2654	1800	656	2232	2752	1674	3835	1234	3209	2419	910	5290	2551	1287	5384	657	5554	6450	4613	4167	3376	7053	5217	424	2278	2156	7210	3876	737	6461	5168	4336	1536	3207	6346	4557	1271	120	1078	946	4008	2577	6386	120	814	4999	6157	1164	545	1879	2723	6601	5826	7040	2733	1762	6823	6560	2999	5344	6999	3792	4499	7030	703	5020	1493	4482	1035	4690	6571	3587	2850	172	2781
5543	6607	2900	4441	6429	5283	5625	2714	3620	1439	756	160	3634	5964	3180	6727	4334	7151	3332	120	4506	3744	1431	4840	120	3251	3708	7153	4743	421	7261	4408	5563	5552	2762	3973	4965	3198	5263	3456	2022	2041	713	6795	827	751	2273	579	4542	1056	924	120	6986	5066	5857	205	5385	5935	4695	7113	1480	184	5436	2106	6397	483	5631	6238	2207	985	2913	1572	2016	822	3958	497	5376	7073	3394	120	7143	7164	1590	717	3861	5596	4107	1120	4266	5371	2044	1326	1443	2684	173	4551	978	1096	1224	794	4498	5270	5861	7076	5288	3665	4320	4956	7070	856	4664	4726	1484	4589	5746	6671	3246	4994	1137	4055	4129
2413	5480	4339	3508	4892	4527	6938	229	5630	4021	4748	2150	2955	2099	2927	3089	3789	1472	6906	3964	270	1210	7047	4794	5167	4424	7200	5026	1011	6299	4408	7261	5148	3726	6797	398	4890	2162	908	1511	4686	5032	3564	5277	672	5969	5386	5646	4757	2289	5924	4831	3566	980	3886	359	3505	2476	739	1884	4571	6914	388	267	493	6084	6146	6640	3689	5758	1859	3432	6936	1228	3988	370	2067	1991	3289	5093	4751	3139	2255	5117	4692	5092	1860	5740	917	3558	5702	1337	7258	2668	2580	4753	6353	5419	669	2358	2073	818	4838	448	5588	5254	626	3762	120	3234	5829	4759	185	1133	5562	5163	5893	4452	2919	4195	3972
208	3031	5485	6612	5037	1292	5469	2181	264	4732	1392	6023	3208	2002	6518	7129	321	3100	5301	6387	5432	120	6922	2743	6124	3353	2730	6644	6503	2212	5563	5148	7261	5435	2174	3092	3608	3894	120	4079	120	2952	5663	4087	3166	6081	2621	471	1827	328	3215	3020	547	4981	518	5761	4632	2046	533	6141	1402	3793	7133	1531	6633	6071	6589	5797	3027	5465	5267	3555	6145	1282	6395	4185	5532	3788	5453	1380	234	7006	5378	7038	6885	142	7222	5449	4372	965	6544	2252	710	1733	4653	4662	7189	6502	120	4585	2898	2226	6070	5383	2801	5906	2324	5939	2070	1458	4823	139	2065	3269	297	925	3232	1685	1072	6256	5100
3834	1556	6512	5606	3775	7061	4778	2075	1177	3906	2710	2498	6175	2130	1460	3959	735	2838	5978	4587	6916	649	237	5134	1203	3464	3801	3982	120	1320	5552	3726	5435	7261	1618	6349	5718	1994	1316	334	286	4168	4072	4126	4545	6827	2205	232	2208	2191	6497	3212	6878	3990	4841	4291	4443	5221	4906	5712	6170	7117	2912	6934	195	3264	6887	240	6093	1783	5310	6055	5805	2587	4312	5429	5049	4310	120	319	3632	821	7005	2973	2155	1609	6010	2311	2608	6500	4385	2423	505	7237	3425	1381	3339	4808	6921	6699	3471	1044	1612	3729	3908	5229	120	5275	189	2816	2129	2530	3919	3132	1049	3440	571	4410	4575	979	2519
6752	5309	4939	5223	2159	6628	4305	1387	6854	6516	3473	6568	551	1254	6879	1939	7043	2662	3487	2713	6627	7011	1530	6015	1898	4411	663	4968	2924	4474	2762	6797	2174	1618	7261	1665	2567	6900	612	2758	3461	6144	2415	6016	2786	6164	120	4974	1746	3457	6143	7140	658	800	1803	1062	1061	4479	1981	3416	4133	2076	1063	1067	3003	1542	1243	302	3021	6152	4137	3575	4644	3509	4211	3902	2137	5008	1042	6573	7245	145	4558	4560	3701	3873	5479	1230	5472	4964	5790	6270	2962	5296	1780	227	254	1009	4676	5804	5779	4854	4281	5247	120	2466	2581	4268	4414	480	1348	1751	7012	6910	1235	2266	3825	3504	3202	2866	6970
1368	6883	5057	6993	5076	6475	3663	5189	1543	3928	1906	1660	2166	4802	3161	2331	5812	2564	6604	1191	4926	120	5802	3824	6868	2089	2475	4420	3685	4101	3973	398	3092	6349	1665	7261	6197	250	5972	4388	982	1345	337	2594	921	2617	4680	1650	6462	5795	748	2359	3063	6517	1427	4669	662	1794	7075	5921	3602	2779	1182	4274	409	261	2905	1790	6447	5096	5187	636	6926	1353	3268	1374	255	637	2934	2810	1956	6963	3877	2107	2562	589	3745	507	3387	3438	4737	1262	2459	2747	1409	280	4607	4693	1845	6296	3572	1805	5318	2416	6944	4832	4869	2286	2116	4407	4033	5415	1170	1619	2814	6686	4010	4015	6776	1135	2726
2247	6524	3484	4930	727	6321	1013	1718	3506	7125	4842	2101	6221	307	2771	2312	1941	567	3901	2957	5395	7249	5793	2283	3597	1904	3002	7067	4231	4659	4965	4890	3608	5718	2567	6197	7261	5108	3145	6324	5923	1432	120	4533	1088	4747	188	2871	4390	1955	3352	2531	3237	210	1863	5327	3045	5474	2157	6656	2321	6401	2220	3755	1104	4728	845	6960	5891	5720	1779	1764	6622	3716	4811	2658	1372	2069	564	873	5771	2557	1399	6136	3104	5242	714	3647	3970	290	4070	1915	6563	4419	6082	5722	3103	3236	3633	1122	3235	157	1594	509	881	4610	5607	5820	1887	2728	7017	6886	4025	5944	5987	3173	6929	5190	4108	3537	3478
7099	825	4473	3742	6724	2691	3753	3201	3308	1917	401	6001	120	6988	4503	5870	5262	2923	2544	2754	1622	6115	4383	5393	7080	5926	4463	3407	3455	958	3198	2162	3894	1994	6900	250	5108	7261	4243	809	1785	1872	7136	2839	4094	3057	4425	341	3337	688	3322	555	7104	6025	2267	121	6957	6470	2547	4023	3593	5412	120	6931	2550	4550	6572	4367	5313	4166	2514	1134	5835	674	5491	5209	6165	2222	2725	6460	1694	1965	3740	3404	2485	4756	5984	2398	5338	171	4036	7195	3721	5821	3338	6668	4593	3349	4720	2515	1528	191	4170	120	665	2785	955	1903	6725	3278	2738	1069	3669	2064	5249	120	683	4998	2537	6862	3568
3287	136	1911	2988	5954	4899	3773	2963	3066	3885	1672	5510	6363	1099	1313	5447	4570	5064	2596	449	4888	4671	4749	676	2433	3687	4967	396	7231	3310	5263	908	120	1316	612	5972	3145	4243	7261	2470	2387	6873	6012	5222	322	1426	736	772	4940	3747	6687	6860	1118	235	2080	6979	4249	1102	224	5493	7157	1240	4095	4182	6789	5756	5903	3276	4458	3370	7085	1264	4935	6212	1935	7227	4848	6079	5547	6710	3989	3229	1185	2808	4236	4691	3730	7236	2462	6973	947	1095	2712	1097	5724	456	4992	5981	716	5266	6648	6225	3749	6672	1507	5946	1248	1744	5941	767	6743	2719	5589	4927	6821	6420	5533	1325	1257	6733	5623
5986	4431	538	3344	3963	3590	4549	1626	6378	4514	5845	6750	2328	4924	5091	693	1908	5461	2001	2554	1907	3562	673	2879	2852	5907	1592	5074	2291	2833	3456	1511	4079	334	2758	4388	6324	809	2470	7261	976	1726	1627	4294	7246	950	1846	2938	120	2085	6445	2120	2115	1688	5068	2056	7126	1318	4908	3493	5686	3888	6040	3299	6423	3327	5527	4721	1552	3838	3853	923	6031	2018	4984	3393	4875	984	2105	5513	1305	1545	247	4162	1375	453	3029	3365	1709	6636	3815	3280	5241	1886	6605	324	4816	3948	3309	4287	1541	3940	410	175	1517	4707	4628	1877	2628	5377	3459	477	7233	5207	2741	729	3639	1389	1962	4413	2546
5961	4235	6771	6617	1213	2378	7250	4007	2602	2951	2820	6148	3646	2535	7036	1250	4618	787	492	6611	6233	6029	2276	5695	7056	3622	1786	1979	779	5211	2022	4686	120	286	3461	982	5923	1785	2387	976	7261	1172	5250	2918	660	2393	4531	1403	5844	3380	499	1286	988	5445	4529	3962	4746	5473	2583	336	3074	2806	6173	4508	4112	4016	5842	2777	3291	2760	4039	6991	5654	2102	2773	6588	755	2262	5341	2687	4341	4059	6917	2058	5865	6018	2603	4316	2394	5308	5879	7144	6271	4206	3770	5406	3839	5605	4147	2699	5089	4853	1829	1874	1385	528	4449	5504	1363	2665	3944	4118	2671	1919	2301	310	3245	6487	5782	6188	4224
312	5343	954	4526	1012	1603	5579	2846	3272	494	2637	3573	582	4127	4125	1094	823	4160	2864	5788	1111	5188	5458	1220	1538	5752	6483	6338	3470	2302	2041	5032	2952	4168	6144	1345	1432	1872	6873	1726	1172	7261	5340	6319	1028	395	4725	1704	519	2737	275	6120	2335	2095	3263	5124	2143	2875	6482	5297	5099	3155	1021	6647	5446	916	3259	4418	120	2430	6811	7107	5637	387	5749	6825	5101	6597	5147	1814	5974	609	2974	3329	4014	6690	3008	199	986	6933	3713	3301	6909	1922	4267	4547	6451	4792	1394	3351	3274	4582	1371	5342	308	6276	4784	3582	2573	6635	6875	1871	3071	1184	6629	4966	746	1750	2481	956	6246
3341	6435	4446	3357	489	1515	5963	3604	3538	3927	5355	3283	5003	1969	3867	6437	3778	5618	4953	5742	4389	7097	5860	1467	2361	3892	877	5326	2146	1560	713	3564	5663	4072	2415	337	120	7136	6012	1627	5250	5340	7261	3225	3914	5398	1261	1171	2847	725	4124	6442	5593	6142	4979	3133	3589	4867	5010	5979	3498	4313	5810	3458	2100	606	2482	4191	7033	610	5285	120	2579	6411	6645	3719	236	4741	3040	995	3412	5162	3522	1972	3408	120	1350	5483	4462	120	469	2042	2059	1583	6985	3340	6358	3218	5464	2979	4858	639	576	5928	2179	265	1074	6326	4323	4768	186	6852	7106	5279	1926	3316	375	4300	169	6676	4486
4296	4750	1945	2125	1570	587	4779	2048	5067	3331	4761	1166	4868	2867	4812	6508	2082	2377	1263	3653	2004	178	3188	3391	6815	4193	1441	622	2131	4344	6795	5277	4087	4126	6016	2594	4533	2839	5222	4294	2918	6319	3225	7261	3241	6479	2382	1931	1369	4171	1304	2341	962	3333	1532	1027	3855	4849	2414	5584	120	2431	4357	4302	1478	435	5165	1526	4225	7251	6039	4771	1984	4856	5957	120	5484	1126	5016	2896	120	1285	6837	333	4952	2270	554	544	2350	1699	3933	5876	2643	2158	2766	1802	287	2077	4013	2126	4172	1276	292	4144	2517	3896	5206	3851	5470	1964	3704	7058	3676	5081	4303	6077	1161	3697	1818	781	3070
4184	3917	1857	618	1980	4619	5088	4448	5159	2929	3569	2511	5498	6109	1662	2339	5475	1081	3616	2651	120	2401	5079	4552	2240	2901	4790	4340	4397	1060	827	672	3166	4545	2786	921	1088	4094	322	7246	660	1028	3914	3241	7261	4337	5373	6231	1563	332	5743	2457	6210	5121	1324	848	2523	4370	996	4559	350	1158	3054	3818	3183	3163	5272	5128	4120	120	439	1429	6396	4783	6971	742	5728	2295	2805	3135	788	2493	368	4190	4638	6846	4238	6997	720	1086	4326	5201	1843	5428	5670	2420	2265	3200	468	2088	4847	6499	215	5380	1007	3986	2013	5609	7027	3131	1673	3378	120	2525	2008	2539	147	6492	6133	2294	4251
3641	1575	2624	2365	407	2588	4355	5951	1204	6431	6300	5917	6457	3121	1504	7028	6348	5478	7166	192	5726	3032	3488	3189	949	3741	2223	2827	5556	7101	751	5969	6081	6827	6164	2617	4747	3057	1426	950	2393	395	5398	6479	4337	7261	6602	6822	2886	3392	4711	4134	6551	701	5021	5651	5051	1680	2167	4496	167	6257	6168	3109	2578	2225	3453	4528	4218	5095	5852	4297	5307	4563	120	3754	805	1806	2403	3599	568	3980	699	1729	2645	4324	5668	5431	6874	6828	7187	2811	392	7002	355	2408	1498	5840	1865	306	638	6384	5394	2500	1378	890	4352	5859	6530	5215	535	1973	1810	3937	6151	5680	5073	6712	4597	4426	2504
2148	6140	1400	5913	3321	1312	5030	4156	689	6377	6800	1043	5678	5434	5976	3528	2486	378	3517	3004	4074	2611	4735	536	3279	6028	6352	6751	4093	2654	2273	5386	2621	2205	120	4680	188	4425	736	1846	4531	4725	1261	2382	5373	6602	7261	4793	6817	6924	6274	6301	789	2638	6204	6670	206	2173	584	5561	2213	3125	6803	2487	6048	3411	3296	1952	4947	3075	5920	2885	3334	4428	2068	5314	3476	3799	5151	6428	764	2629	6220	120	6455	4954	2560	4539	6987	1537	6413	5529	784	6773	3879	230	6598	2644	4797	3149	3862	4477	2526	1221	4990	1749	1301	4510	1899	6138	6364	2799	973	3451	3619	150	5197	4121	120	2437	6829
3915	4046	4415	2828	6439	6850	6489	2597	406	2508	5369	3359	3400	4836	5854	1651	4437	6785	5886	2090	5679	7025	3686	3047	1215	1077	5178	4534	1825	1800	579	5646	471	232	4974	1650	2871	341	772	2938	1403	1704	1171	1931	6231	6822	4793	7261	4523	3177	3644	4497	4384	4580	2956	3078	3136	5423	6665	3336	1890	651	6474	3500	314	1121	7130	527	1921	6881	3005	5519	2034	6083	5638	5502	902	3756	6370	6295	1885	3381	1280	3631	6808	5323	4491	6998	6675	6042	3767	512	2708	2768	3966	3777	2739	5214	1715	1437	4196	4049	786	3036	120	6880	1159	1396	3540	846	1132	2081	2859	5690	6097	6819	5819	3083	7023	4855	2277
3992	7098	7051	2326	2009	5113	3662	3947	4803	120	3545	1711	6132	1041	4275	5399	5949	2210	3554	2306	4220	5534	7190	3159	3169	2012	6388	1946	5482	656	4542	4757	1827	2208	1746	6462	4390	3337	4940	120	5844	519	2847	1369	1563	2886	6817	4523	7261	5644	5312	4245	534	482	5144	969	811	4314	4805	3226	4348	1314	2689	5387	4421	5476	719	1506	2795	6608	588	2763	1999	4150	1435	1589	4453	155	6716	3926	3174	5806	120	1891	2688	5105	7207	6814	3144	6718	1533	4677	1253	2745	4511	120	5780	7004	3606	686	1605	1708	6543	6782	4846	1808	4520	6515	266	2315	7078	1868	5329	4893	857	5038	5018	6519	4247	1466	5078
4406	2055	120	5417	5234	3496	6529	3452	3111	6183	4698	5196	5253	4631	4438	5539	2593	1608	4146	1741	1804	2705	3403	3118	2290	5362	3583	4922	6899	2232	1056	2289	328	2191	3457	5795	1955	688	3747	2085	3380	2737	725	4171	332	3392	6924	3177	5644	7261	5065	1649	6505	4641	5595	1401	3448	3790	1010	6484	2985	5550	285	385	1669	2330	6830	2196	2402	4365	2965	4564	6948	490	1771	4116	3368	4773	3195	771	802	3105	1249	4937	5507	5255	1016	5549	246	5531	4058	6952	1668	6255	1795	5438	6496	3010	5853	2693	1366	467	3977	4918	3230	4715	2453	5759	1954	2280	5866	5983	4704	2869	2767	2600	5614	135	3053	2138	3542
4132	7226	4454	5041	6799	5180	5072	860	3567	6513	6925	1037	6128	6069	3846	6476	1051	4850	5087	3943	1462	6108	7083	5407	6788	2079	3342	2188	7108	2752	924	5924	3215	6497	6143	748	3352	3322	6687	6445	499	275	4124	1304	5743	4711	6274	3644	5312	5065	7261	7162	4085	120	6549	5739	1339	3913	3854	4242	496	1461	5966	3206	3536	4080	6125	1982	1957	5358	4917	4239	709	1083	2021	2409	5586	3096	363	6652	6181	2274	6697	5727	4149	1658	1760	6414	721	6939	6621	4104	5800	6738	1087	4140	6631	6927	1949	6432	6180	912	2524	344	3023	6861	3560	4285	2421	4152	5260	4493	3728	1110	2853	3626	6213	6871	2826	1518	3152
6453	7223	2798	1666	718	2322	6794	6616	374	6391	3067	7152	2297	5198	6177	6339	2432	1397	6005	2967	1008	7176	1163	6669	5379	6228	601	2353	1476	1674	120	4831	3020	3212	7140	2359	2531	555	6860	2120	1286	6120	6442	2341	2457	4134	6301	4497	4245	1649	7162	7261	4069	4246	824	680	6807	2721	4331	1487	5259	2391	5766	3043	1065	5604	6030	6779	1864	2922	2094	2863	3254	6192	5930	3942	6424	5815	5943	4674	6809	6841	2024	1310	4028	2010	722	2242	3153	6498	803	4153	5546	4601	6903	6521	6662	6193	6945	446	4729	5968	5697	4345	4208	919	4186	7093	5139	2477	2675	5597	6864	2715	2422	3968	3193	428	5360	6044	3213
6763	362	1717	1815	1317	2568	6402	4003	1223	4777	2700	2248	526	5672	3546	5040	4031	2876	6834	2716	7230	7035	1876	1180	644	4982	120	7010	4770	3835	6986	3566	547	6878	658	3063	3237	7104	1118	2115	988	2335	5593	962	6210	6551	789	4384	534	6505	4085	4069	7261	2942	2144	5083	6362	5268	5553	1824	6962	6592	4469	2950	6870	4824	1298	1386	5700	4723	5786	5872	5015	4350	4683	2060	4092	4422	957	4222	1187	844	3579	5617	6089	4176	5045	5862	2465	4264	5194	3252	1319	1683	3204	6564	5655	6158	3417	6703	5977	5243	1691	2063	2917	1448	3781	3800	819	120	667	1417	4772	926	888	3658	3629	758	381	3038	2109
5320	6393	2439	3860	4177	3941	6701	3584	1198	1567	5224	5573	511	2494	2636	4284	4164	3224	120	7102	1655	4789	2971	6966	1755	5587	3717	156	6236	1234	5066	980	4981	3990	800	6517	210	6025	235	1688	5445	2095	6142	3333	5121	701	2638	4580	482	4641	120	4246	2942	7261	797	650	7218	5059	1508	6456	1390	5164	1499	5636	454	2933	1591	1835	1294	2943	2239	1045	5714	196	6490	5158	5437	3399	970	1823	5641	298	4985	5762	3257	2310	6839	7122	3485	4494	4833	1238	2789	3920	892	2017	5707	5905	3848	2038	730	3826	4215	3434	6698	524	5521	659	1181	4896	6528	6937	646	1179	465	2520	1413	2533	5878	4829	2625
4809	1759	6331	1014	4374	3410	3660	4592	1966	5599	1682	4020	166	5748	2246	4395	3099	5356	6436	6967	3786	431	4562	120	549	3648	5674	4898	782	3209	5857	3886	518	4841	1803	1427	1863	2267	2080	5068	4529	3263	4979	1532	1324	5021	6204	2956	5144	5595	6549	824	2144	797	7261	2697	7208	899	1734	5781	2620	1165	1370	2975	4232	1875	4928	475	4637	6305	3390	3007	3049	5858	3358	6844	1445	7257	5564	768	5494	5615	2627	5694	698	2670	2664	6056	1376	3095	4819	3751	5544	4658	2729	6412	6126	4226	5017	2848	2050	4507	3843	6618	2369	4948	2093	1433	2438	6472	2674	4409	4915	6292	423	317	556	2516	4230	6322	7204
1664	2882	3164	553	3613	3116	7247	4468	5014	3486	4439	3098	4476	4382	6761	6000	5104	2582	7182	4583	3000	6385	548	5115	6066	4865	3056	4180	4636	2419	205	359	5761	4291	1062	4669	5327	121	6979	2056	3962	5124	3133	1027	848	5651	6670	3078	969	1401	5739	680	5083	650	2697	7261	122	1054	5009	7198	120	1212	3803	2183	1214	6758	5936	3912	4962	3082	5767	1414	3871	3666	7173	4821	6767	3221	5889	983	6368	3227	2990	1482	3058	3187	5677	3395	4269	3758	1284	3034	1354	6614	744	5000	2862	2329	3119	2032	966	7137	5516	2566	3402	127	6739	1023	6347	5335	1322	4787	3093	934	2015	4799	1842	4665	6350	3194	5816
4261	3203	7209	3527	4229	2947	2980	1819	901	3127	3976	1340	3791	6366	1377	2307	7188	2458	4535	4306	828	7181	4614	4652	3267	3858	7048	3673	1048	910	5385	3505	4632	4443	1061	662	3045	6957	4249	7126	4746	2143	3589	3855	2523	5051	206	3136	811	3448	1339	6807	6362	7218	7208	122	7261	3460	2891	5798	134	4882	5319	6207	879	3996	5729	6417	3521	603	5875	5524	2250	6692	1040	1209	5570	3298	2217	3015	1697	190	4347	586	2732	7219	959	5643	5530	3176	1154	4295	5973	3306	4598	4472	433	1585	120	3535	295	2978	1735	1232	466	1816	7147	4923	4505	2800	4742	6135	2447	120	3580	2003	6582	6620	5218	679	4002
5997	3022	1512	373	245	2243	5084	300	807	1593	2903	6908	5161	6003	2209	4175	685	733	7169	4429	5688	774	4765	183	1993	1474	7256	1019	5908	5290	5935	2476	2046	5221	4479	1794	5474	6470	1102	1318	5473	2875	4867	4849	4370	1680	2173	5423	4314	3790	3913	2721	5268	5059	899	1054	3460	7261	5813	3759	1927	2633	1383	1428	404	3842	1407	4396	5671	5102	6043	6334	3467	7019	3523	3595	2201	5294	6832	1944	3483	6689	5237	5768	3497	2388	5503	5146	3001	1852	2792	1486	652	2823	120	5070	5647	6284	3216	7212	2305	7197	271	2027	1196	5264	4198	391	1723	5261	1632	3250	552	769	2006	6550	6661	3065	6283	2695	5557
2776	1447	484	5245	677	1774	464	6260	299	5350	1173	2787	4813	6745	6522	5900	4880	6318	640	1696	305	1199	2344	4894	6335	394	3615	1415	1217	2551	4695	739	533	4906	1981	7075	2157	2547	224	4908	2583	6482	5010	2414	996	2167	584	6665	4805	1010	3854	4331	5553	1508	1734	5009	2891	5813	7261	3167	1792	6630	4227	2572	4744	6034	7260	5827	6099	5856	2709	4891	5734	3064	600	4423	3748	706	7193	3472	296	4363	1071	197	2939	5035	1822	5689	7074	5013	6510	6186	653	999	6312	4343	3113	6855	1344	120	7131	3780	442	1923	6531	5036	2704	6118	3262	1424	5170	3320	5231	2538	4338	5152	3870	4647	4975	1670	361
4447	6895	4464	472	1004	2429	2991	2360	372	3024	3110	5791	2039	151	2206	120	2851	6793	4045	5794	837	1894	3845	5409	3607	510	6783	6098	1117	1287	7113	1884	6141	5712	3416	5921	6656	4023	5493	3493	336	5297	5979	5584	4559	4496	5561	3336	3226	6484	4242	1487	1824	6456	5781	7198	5798	3759	3167	7261	2257	3514	2381	6262	1031	753	1571	3601	3688	2407	1599	6769	3248	4540	4189	498	6027	1463	6540	4330	4201	3655	4786	2379	3288	3435	6203	1633	1540	3694	4699	1905	4110	1208	922	6930	6912	1425	2655	4342	5109	3810	2227	590	777	6448	447	1687	6201	3312	778	2861	1914	575	2153	7185	6486	3228	4240	2968	1951
645	6230	3866	2673	5565	7255	2683	7214	6059	2261	5232	5441	120	3881	2121	2549	120	1496	749	664	627	503	5574	1833	1524	4864	4090	3233	3872	5384	1480	4571	1402	6170	4133	3602	2321	3593	7157	5686	3074	5099	3498	120	350	167	2213	1890	4348	2985	496	5259	6962	1390	2620	120	134	1927	1792	2257	7261	1076	4798	3490	5910	992	1924	6327	3570	5400	153	5184	4997	3181	4375	5006	4938	6430	4141	2821	377	2417	6191	4181	546	2926	5887	592	1143	1404	1693	2802	840	4515	1561	6293	1516	611	4273	4929	3112	1156	4219	1408	3617	5271	2051	6732	711	5007	3409	6657	4280	2817	6376	3859	7229	6495	4262	2136	2672
4980	3422	6893	120	3295	4461	402	5982	1138	4989	5933	6700	6836	6036	6696	3592	5616	2856	7228	5938	1379	3347	3640	6509	2992	120	5208	7013	7110	657	184	6914	3793	7117	2076	2779	6401	5412	1240	3888	2806	3155	4313	2431	1158	6257	3125	651	1314	5550	1461	2391	6592	5164	1165	1212	4882	2633	6630	3514	1076	7261	2108	5548	3238	4696	6240	6711	6216	315	3303	3171	4806	4933	525	1724	7091	138	278	6333	5741	6625	1315	6444	4522	4063	4205	6840	6473	960	2678	3623	7116	5719	4650	5157	6802	2804	5280	813	4942	3563	311	3969	6153	5603	905	7201	1930	741	3534	5639	1162	132	3731	1983	5090	6956	4995	3076	1992
6539	6853	1763	1290	2025	2404	5843	6022	120	4857	1311	4642	5551	6441	4764	2584	6990	4457	233	6214	2614	2997	909	3805	3512	1648	427	383	4283	5554	5436	388	7133	2912	1063	1182	2220	120	4095	6040	6173	1021	5810	4357	3054	6168	6803	6474	2689	285	5966	5766	4469	1499	1370	3803	5319	1383	4227	2381	4798	2108	7261	6866	3501	3831	1000	2585	1064	5684	3114	750	500	2970	3642	6527	2463	2195	1777	3330	2849	2441	2601	2649	6796	2880	4572	3035	2118	1796	7022	6051	3055	1752	1909	1920	159	4584	1547	1483	4818	4467	5683	5583	4089	2502	3077	5642	6831	6017	3752	1737	2176	3170	4991	5182	5774	2005	2556	272	273
3088	2317	2464	414	1645	4128	1566	3878	120	1901	6466	4088	1412	3955	2117	6520	1033	5418	1686	3852	4451	2490	6902	6357	1837	4263	7259	6775	4521	6450	2106	267	1531	6934	1067	4274	3755	6931	4182	3299	4508	6647	3458	4302	3818	3109	2487	3500	5387	385	3206	3043	2950	5636	2975	2183	6207	1428	2572	6262	3490	5548	6866	7261	3956	120	5912	6806	6491	140	2576	4556	6269	1266	3850	6848	2612	282	4800	2565	1190	1577	6235	2098	4430	1637	3650	5732	5560	5850	6911	4270	3524	1488	5538	1963	2372	942	6634	4925	3821	4488	1306	7014	3079	2354	276	2440	4369	4041	3219	7007	3290	850	4834	3356	1091	5193	5315	2503	6162
6438	2835	3702	5149	6820	4194	4495	869	6889	5451	6127	2127	2854	944	661	5904	3624	1269	6096	4060	6033	3179	6147	1775	239	933	163	1838	5572	4613	6397	493	6633	195	3003	409	1104	2550	6789	6423	4112	5446	2100	1478	3183	2578	6048	314	4421	1669	3536	1065	6870	454	4232	1214	879	404	4744	1031	5910	3238	3501	3956	7261	358	3106	6101	384	120	4444	7243	2442	3827	5831	4609	5701	5950	2140	1341	5132	3934	6458	1492	1226	481	3401	4895	6291	4946	2293	4248	1847	4602	4022	4660	3887	6615	2878	2749	3041	5877	6311	1630	1720	6198	2855	2790	7177	4361	6080	3328	5685	3175	6723	2865	1870	4689	1275	1293	2681
4071	4403	5575	1274	6369	2930	5666	5808	2199	6859	6117	7068	1509	2949	5416	3429	1039	5652	3375	6187	6904	5328	5291	6004	3605	1503	1677	597	4901	4167	483	6084	6071	3264	1542	261	4728	4550	5756	3327	4016	916	606	435	3163	2225	3411	1121	5476	2330	4080	5604	4824	2933	1875	6758	3996	3842	6034	753	992	4696	3831	120	358	7261	6638	2151	6035	4595	557	5528	4054	1231	3447	6185	5424	1568	849	1523	386	6728	226	1455	3371	1636	6984	1881	6249	675	6154	2746	6677	6272	5713	747	2214	3437	6328	6019	953	6329	4509	6278	2244	1888	5747	6649	695	4037	6681	3335	3012	291	6943	1211	4123	4478	694	4044	1610
6107	6340	5918	1643	928	1625	120	4386	1066	1719	4718	2815	2184	3998	5492	2944	1739	678	5736	6552	4678	2256	1018	1002	3532	3668	5137	3971	6511	3376	5631	6146	6589	6887	1243	2905	845	6572	5903	5527	5842	3259	2482	5165	5272	3453	3296	7130	719	6830	6125	6030	1298	1591	4928	5936	5729	1407	7260	1571	1924	6240	1000	5912	3106	6638	7261	6325	4001	6007	4512	7041	3882	120	2631	839	3141	4027	5868	6313	3890	5992	2735	2555	6307	3953	3695	4588	3768	3009	4599	3374	4791	4887	4576	3598	3841	1617	5444	1851	120	1628	1157	2395	2313	7064	3255	3424	2574	6637	1100	4762	7203	4885	4012	4943	560	5916	5298	3743	4119
550	5753	6558	7148	1489	4484	1247	5011	1742	3430	2245	5796	4103	2304	1299	6252	3643	4538	3820	6583	707	6190	1998	5023	120	6134	2235	3214	6892	7053	6238	6640	5797	240	302	1790	6960	4367	3276	4721	2777	4418	4191	1526	5128	4528	1952	527	1506	2196	1982	6779	1386	1835	475	3912	6417	4396	5827	3601	6327	6711	2585	6806	6101	2151	6325	7261	6265	4387	6856	3256	6980	4655	6715	6659	2653	209	443	2318	974	6209	4788	3700	1940	4098	1862	2883	4843	144	5817	630	859	6576	3715	2149	6159	4237	5598	6730	1902	989	309	1781	7142	1510	2495	2410	4475	5772	6762	1684	1123	574	6130	3419	3723	3551	5522	5919	216
834	5278	6566	6646	833	3600	6090	5495	251	4996	6610	6244	3645	1125	532	6290	5281	5426	120	2819	5911	5420	2370	3981	5673	1967	5002	6996	6946	5217	2207	3689	3027	6093	3021	6447	5891	5313	4458	1552	3291	120	7033	4225	4120	4218	4947	1921	2795	2402	1957	1864	5700	1294	4637	4962	3521	5671	6099	3688	3570	6216	1064	6491	384	6035	4001	6265	7261	228	5770	2893	6532	2097	5945	3014	425	2575	1534	2870	2426	2764	6218	5185	5031	6345	6253	5462	1329	1055	6169	2264	1740	1710	2182	5789	1987	841	3691	843	7057	3614	5293	1551	3282	2914	1237	3018	180	3242	692	2480	408	1579	5122	7134	561	1659	5062	231	3311
5392	2228	120	4492	3191	4308	6932	2057	7186	3367	3178	2895	4359	2748	3798	595	1202	6894	1807	3377	5257	2698	2368	1481	4905	6888	6781	3736	4574	424	985	5758	5465	1783	6152	5096	5720	4166	3370	3838	2760	2430	610	7251	120	5095	3075	6881	6608	4365	5358	2922	4723	2943	6305	3082	603	5102	5856	2407	5400	315	5684	140	120	4595	6007	4387	228	7261	6408	3553	2020	2119	3837	3151	7063	2696	3140	4769	5156	6541	343	1034	4708	2541	5662	6268	242	158	3281	5216	194	5692	6282	176	3389	7115	2622	820	540	4648	5205	3266	3073	3652	4481	5433	3168	6857	5839	5571	4163	4730	3771	3046	1127	3783	4032	2047	1362
4500	4646	2634	3468	3670	2829	1562	6211	2072	3698	2187	6046	702	2469	6067	1015	3444	7086	403	4941	4945	5783	2271	1867	3450	6747	1188	3146	4223	2278	2913	1859	5267	5310	4137	5187	1779	2514	7085	3853	4039	6811	5285	6039	439	5852	5920	3005	588	2965	4917	2094	5786	2239	3390	5767	5875	6043	2709	1599	153	3303	3114	2576	4444	557	4512	6856	5770	6408	7261	2282	4663	5830	5389	5345	2499	6981	1356	120	3147	3679	5405	2775	5120	5440	4368	5942	7016	3130	5116	3561	2446	1046	6248	2164	5127	6344	2757	2982	6613	2605	602	2338	6418	3084	5022	3539	2309	4852	5364	1255	6542	4327	120	2483	763	1647	5710	1611	4252
2692	2472	6594	5696	5940	4100	5750	4366	4624	7069	6452	6306	6641	1270	3769	5497	6581	2299	6642	4710	808	1334	281	1861	455	1108	6833	2765	1554	2156	1572	3432	3555	6055	3575	636	1764	1134	1264	923	6991	7107	120	4771	1429	4297	2885	5519	2763	4564	4239	2863	5872	1045	3007	1414	5524	6334	4891	6769	5184	3171	750	4556	7243	5528	7041	3256	2893	3553	2282	7261	1727	1978	2418	3217	5901	6947	804	5421	4851	617	1736	6575	5608	2043	2259	2007	5828	3513	4911	5619	6103	1854	3763	4586	3423	1656	6232	6073	2342	2139	4241	5490	4325	353	1997	5126	6972	2559	4738	6251	345	3239	4932	3954	6052	2455	648	5039	4091
5755	5457	6741	994	3857	887	826	2197	4944	2229	6655	6390	1464	4064	1782	5699	1586	6356	5455	4135	5322	4727	4005	806	4082	1239	654	3441	2053	7210	2016	6936	6145	5805	4644	6926	6622	5835	4935	6031	5654	5637	2579	1984	6396	5307	3334	2034	1999	6948	709	3254	5015	5714	3049	3871	2250	3467	5734	3248	4997	4806	500	6269	2442	4054	3882	6980	6532	2020	4663	1727	7261	3932	1597	2984	4333	2604	3326	1025	5925	2316	2356	863	625	6708	6088	596	248	2348	6205	1338	3068	2385	2165	7217	3817	4900	4657	2818	5348	1831	4459	6303	1558	3557	2894	4639	1296	120	1388	4099	2367	502	2543	2142	2889	1418	1423	6038	3637
6404	5061	2134	6427	3578	5888	700	6434	2813	5133	6546	5425	1421	3737	5082	187	3957	5141	5745	2803	1152	671	5922	3364	2186	2639	1975	4169	3965	3876	822	1228	1282	2587	3509	1353	3716	674	6212	2018	2102	387	6411	4856	4783	4563	4428	6083	4150	490	1083	6192	4350	196	5858	3666	6692	7019	3064	4540	3181	4933	2970	1266	3827	1231	120	4655	2097	2119	5830	1978	3932	7261	4436	3350	6577	6223	268	1607	1150	7120	3033	1283	5612	6277	4254	193	5515	6780	4042	1873	3577	2783	5837	5996	2200	724	2491	4470	3529	521	3120	3531	6469	799	6381	4257	1600	222	2253	225	5667	6449	6826	3026	5902	1654	3069	1942	1932
4603	3385	459	4040	6355	1598	3636	4279	3507	930	961	3865	6562	3137	376	6341	3722	5824	5757	624	4826	3692	4785	1192	6422	5046	4393	4417	5526	737	3958	3988	6395	4312	4211	3268	4811	5491	1935	4984	2773	5749	6645	5957	6971	120	2068	5638	1435	1771	2021	5930	4683	6490	3358	7173	1040	3523	600	4189	4375	525	3642	3850	5831	3447	2631	6715	5945	3837	5389	2418	1597	4436	7261	2189	3576	1866	4233	712	5169	6742	4131	594	4174	5545	1918	1485	5171	2000	3292	1747	1505	4590	2770	3707	120	6737	5337	2718	6816	941	5324	1731	4292	3946	6736	5833	5705	2078	1107	770	4199	4057	2734	6533	1300	728	2096	1273	4755
6688	6504	6940	876	2303	5175	4620	2872	1420	738	4931	4173	4963	1497	5025	6754	6481	1916	504	3428	1395	6373	6680	6555	1950	621	2288	5953	5240	6461	497	370	4185	5429	3902	1374	2658	5209	7227	3393	6588	6825	3719	120	742	3754	5314	5502	1589	4116	2409	3942	2060	5158	6844	4821	1209	3595	4423	498	5006	1724	6527	6848	4609	6185	839	6659	3014	3151	5345	3217	2984	3350	2189	7261	4525	4670	2036	4645	3574	2983	1550	1519	5836	4188	458	1702	2706	2123	3809	1452	3591	541	6694	3774	1449	5336	6749	3903	1578	6953	3836	2909	1194	3442	795	6478	7196	5410	2778	5390	3277	329	5929	4445	5317	4916	4886	5239	760
3720	3293	6382	4050	3013	1146	2966	7090	1457	5140	7168	4604	3987	7165	3142	1453	1789	179	5471	7049	1024	3764	5382	4706	3936	1475	3006	3503	4460	5168	5376	2067	5532	5049	2137	255	1372	6165	4848	4875	755	5101	236	5484	5728	805	3476	902	4453	3368	5586	6424	4092	5437	1445	6767	5570	2201	3748	6027	4938	7091	2463	2612	5701	5424	3141	2653	425	7063	2499	5901	4333	6577	3576	4525	7261	5306	1129	3997	1308	2323	1216	871	543	6707	4884	3304	6923	1175	6184	631	3840	5632	5103	7042	5769	460	6536	3706	1858	4405	3431	4381	5186	6239	520	1728	6111	2953	4569	1574	120	745	461	168	5988	485	4076	1349	1148
4672	331	4034	405	3499	3324	872	5325	6717	4258	5075	6021	5863	1075	6818	5975	3635	2037	413	4873	1770	3784	2958	120	7082	177	6086	1456	754	4336	7073	1991	3788	4310	5008	637	2069	2222	6079	984	2262	6597	4741	1126	2295	1806	3799	3756	155	4773	3096	5815	4422	3399	7257	3221	3298	5294	706	1463	6430	138	2195	282	5950	1568	4027	209	2575	2696	6981	6947	2604	6223	1866	4670	5306	7261	2219	263	4053	5203	7008	2937	2092	253	7248	6058	1020	1297	6713	4651	2392	7021	6149	2287	1614	316	2641	3804	269	690	2468	5192	6323	2616	6241	2112	948	6838	4214	523	3030	7088	6219	5372	1140	2807	6374	6467	3192
2794	1436	120	6037	7174	120	4958	2284	2561	3494	5300	120	6705	5895	6556	4717	4513	7087	2797	2224	6764	3995	4712	4332	3746	120	3949	1613	6968	1536	3394	3289	5453	120	1042	2934	564	2725	5547	2105	5341	5147	3040	5016	2805	2403	5151	6370	6716	3195	363	5943	957	970	5564	5889	2217	6832	7193	6540	4141	278	1777	4800	2140	849	5868	443	1534	3140	1356	804	3326	268	4233	2036	1129	2219	7261	2325	6267	6288	128	5212	4986	1241	1289	3547	2474	4612	5566	1958	2881	6471	6501	7179	2445	1690	4272	5706	2717	7244	5273	6054	5664	1721	715	6891	2884	2959	1836	4977	2135	2996	1017	3712	5880	2473	3994	1557	2809
4139	6161	6406	5439	2650	198	583	6768	1183	6876	2727	581	1279	1634	1521	2268	5998	1142	6359	1929	6172	252	452	911	2452	6200	3699	2122	5125	3207	120	5093	1380	319	6573	2810	873	6460	6710	5513	2687	1814	995	2896	3135	3599	6428	6295	3926	771	6652	4674	4222	1823	768	983	3015	1944	3472	4330	2821	6333	3330	2565	1341	1523	6313	2318	2870	4769	120	5421	1025	1607	712	4645	3997	263	2325	7261	1256	2364	1197	4766	2443	1495	6264	2945	968	2345	6792	1527	6342	7170	4807	1615	3649	5622	3833	5656	7235	4524	2607	6242	4844	829	4801	6585	3511	855	6195	1295	4987	6287	5952	2532	4255	1225	4373	1784	7118
5129	1642	4983	1109	259	3897	6041	5225	2860	4643	4745	4433	3495	1438	1850	3185	3952	2648	3243	1653	5430	6919	5635	1880	2591	3305	1580	6011	6294	6346	7143	4751	234	3632	7245	1956	5771	1694	3989	1305	4341	5974	3412	120	788	568	764	1885	3174	802	6181	6809	1187	5641	5494	6368	1697	3483	296	4201	377	5741	2849	1190	5132	386	3890	974	2426	5156	3147	4851	5925	1150	5169	3574	1308	4053	6267	1256	7261	2383	4822	3205	7183	1817	4244	1288	120	1839	4532	5422	6777	5754	5995	1382	5590	1961	3515	585	4863	6493	4633	2521	3379	6565	1897	4051	5505	3421	4154	330	6673	7060	6372	1928	5523	1281	5033	2666	1358
3044	120	3128	416	4934	3978	1206	591	2921	6913	7178	366	2545	7139	3258	4839	559	5467	5960	2845	4860	7206	1671	2685	4311	1201	4758	2976	3787	4557	7164	3139	7006	821	145	6963	2557	1965	3229	1545	4059	609	5162	1285	2493	3980	2629	3381	5806	3105	2274	6841	844	298	5615	3227	190	6689	4363	3655	2417	6625	2441	1577	3934	6728	5992	6209	2764	6541	3679	617	2316	7120	6742	2983	2323	5203	6288	2364	2383	7261	219	1624	6075	2613	3543	6684	4667	1059	1933	906	289	3510	2296	4321	5751	7121	1745	3628	4102	2731	5723	1245	6222	5585	6557	7155	120	3249	2615	785	4830	4293	3469	4006	4866	530	203	3445	3939
3302	5143	2152	7055	6584	6459	2842	3907	3016	5931	1953	120	7052	1406	6731	6263	1813	1641	1714	1465	4096	6398	4752	6106	418	4427	6085	5602	7192	1271	1590	2255	5378	7005	4558	3877	1399	3740	1185	247	6917	2974	3522	6837	368	699	6220	1280	120	1249	6697	2024	3579	4985	2627	2990	4347	5237	1071	4786	6191	1315	2601	6235	6458	226	2735	4788	6218	343	5405	1736	2356	3033	4131	1550	1216	7008	128	1197	4822	219	7261	3667	3231	6746	1705	5648	6570	6772	4401	2772	5427	6714	4485	3671	2619	382	945	7018	5204	558	1555	3931	4950	5080	474	120	5738	4278	5947	6869	5567	6013	2595	5094	1878	5179	2610	7156	2091
6254	4392	1996	2454	6104	6281	1960	4666	4817	4600	6756	2412	6480	2154	4518	1606	6245	6006	3156	354	2606	4434	3661	3051	2031	4815	4780	1145	5496	120	717	5117	7038	2973	4560	2107	6136	3404	2808	4162	2058	3329	1972	333	4190	1729	120	3631	1891	4937	5727	1310	5617	5762	5694	1482	586	5768	197	2379	4181	6444	2649	2098	1492	1455	2555	3700	5185	1034	2775	6575	863	1283	594	1519	871	2937	5212	4766	3205	1624	3667	7261	5787	4596	7213	1333	2750	6361	5934	604	5374	463	7114	1026	6804	2667	4143	4216	5448	1258	4111	6587	607	5361	5760	4623	125	2642	249	6658	5624	120	1584	2263	5569	5488	4972	2168	7079
6872	907	1479	1079	889	3910	514	2026	6360	1113	257	2977	7000	1410	1990	1977	2375	6076	6553	6065	4713	3361	5063	451	1638	120	3186	2049	2623	1078	3861	4692	6885	2155	3701	2562	3104	2485	4236	1375	5865	4014	3408	4952	4638	2645	6455	6808	2688	5507	4149	4028	6089	3257	698	3058	2732	3497	2939	3288	546	4522	6796	4430	1226	3371	6307	1940	5031	4708	5120	5608	625	5612	4174	5836	543	2092	4986	2443	7183	6075	3231	5787	7261	4161	3802	6389	2180	3610	3725	6849	3253	6720	3772	1119	129	2873	2386	4192	7089	340	5332	4581	6920	4878	6867	5053	5541	3734	6122	1398	3869	2298	6847	3042	1416	2744	7154	7242	761
5669	613	2390	864	3627	4256	3904	3345	914	7167	1883	991	6977	1948	4380	5136	2761	1384	5468	7252	6901	4814	647	5653	399	7112	7160	6421	3945	946	5596	5092	142	1609	3873	589	5242	4756	4691	453	6018	6690	120	2270	6846	4324	4954	5323	5105	5255	1658	2010	4176	2310	2670	3187	7219	2388	5035	3435	2926	4063	2880	1637	481	1636	3953	4098	6345	2541	5440	2043	6708	6277	5545	4188	6707	253	1241	1495	1817	2613	6746	4596	4161	7261	4067	120	1828	5097	2467	2450	2592	2899	6578	1553	2972	417	7119	149	937	6105	3757	1115	2569	6131	3868	5885	5347	1105	5517	3190	938	5627	5403	2769	6171	3115	7225	4328	2424
2336	4465	2448	5299	4052	2902	5248	120	878	3603	6371	3675	6045	5351	441	1913	1549	5024	3785	4936	2590	6623	1893	880	6667	6915	7032	2397	1539	4008	4107	1860	7222	6010	5479	3745	714	5984	3730	3029	2603	3008	1350	554	4238	5668	2560	4491	7207	1016	1760	722	5045	6839	2664	5677	959	5503	1822	6203	5887	4205	4572	3650	3401	6984	3695	1862	6253	5662	4368	2259	6088	4254	1918	458	4884	7248	1289	6264	4244	3543	1705	7213	3802	4067	7261	3373	3414	1277	412	4399	6950	5525	2736	7163	4061	6407	5650	4702	6273	3863	3999	1490	1116	623	3162	7037	3921	3223	900	3822	2171	2461	2147	952	4871	5932	1565	5600	3654
7234	123	6189	5899	4105	2343	7128	4949	6643	3991	3884	6315	1761	3612	6426	5460	2548	6465	3091	2086	5869	3360	5048	831	2553	2170	161	3684	4988	2577	1120	5740	5449	2311	1230	507	3647	2398	7236	3365	4316	199	5483	544	6997	5431	4539	6998	6814	5549	6414	2242	5862	7122	6056	3395	5643	5146	5689	1633	592	6840	3035	5732	4895	1881	4588	2883	5462	6268	5942	2007	596	193	1485	1702	3304	6058	3547	2945	1288	6684	5648	1333	6389	120	3373	7261	2647	6095	5381	2489	5578	4335	5591	3795	3961	2518	3895	7141	2281	2682	5244	4204	5610	5228	3148	565	4722	4537	2536	2793	3916	3703	2192	757	868	5890	1788	6485	1200
4682	6753	2877	4903	1073	5316	2019	4213	2892	6405	6314	5172	2087	1006	6113	1359	1695	2618	3651	6410	4138	3677	170	2185	5042	2141	812	3693	6787	6386	4266	917	4372	2608	5472	3387	3970	5338	2462	1709	2394	986	4462	2350	720	6874	6987	6675	3144	246	721	3153	2465	3485	1376	4269	5530	3001	7074	1540	1143	6473	2118	5560	6291	6249	3768	4843	1329	242	7016	5828	248	5515	5171	2706	6923	1020	2474	968	120	4667	6570	2750	2180	1828	3414	2647	7261	6250	5508	3318	1405	5213	7224	3466	6706	4684	4837	7105	7026	2083	4913	3101	1178	2887	1093	5592	3898	2084	3081	2406	2558	4740	5302	2145	4820	1168	1176	303	1186
2874	4874	5849	3343	5107	977	5119	4404	3696	2784	5226	5481	6179	918	1473	3951	531	3398	5784	5404	5518	3830	5050	1712	5269	793	3087	6443	5001	120	5371	3558	965	6500	4964	3438	290	171	6973	6636	5308	6933	120	1699	1086	6828	1537	6042	6718	5531	6939	6498	4264	4494	3095	3758	3176	1852	5013	3694	1404	960	1796	5850	4946	675	3009	144	1055	158	3130	3513	2348	6780	2000	2123	1175	1297	4612	2345	1839	1059	6772	6361	3610	5097	1277	6095	6250	7261	5536	432	1663	5034	4210	5004	6660	5397	6965	4553	6150	1840	6812	896	5456	3618	5971	5629	4685	5334	6110	4616	6538	2657	1791	1756	1616	5123	5927	4955	1302
7103	5675	5698	1793	3974	1604	4376	4315	3588	5882	5235	2249	4611	5110	4775	3426	6206	5019	7150	780	2216	351	365	927	120	539	2066	6770	1811	814	2044	5702	6544	4385	5790	4737	4070	4036	947	3815	5879	3713	469	3933	4326	7187	6413	3767	1533	4058	6621	803	5194	4833	4819	1284	1154	2792	6510	4699	1693	2678	7022	6911	2293	6154	4599	5817	6169	3281	5116	4911	6205	4042	3292	3809	6184	6713	5566	6792	4532	1933	4401	5934	3725	2467	412	5381	5508	5536	7261	5811	643	3446	5150	4516	4625	5138	6087	6729	4919	5052	4774	4142	6049	940	2843	981	6009	4217	462	5365	2300	6734	2221	1513	3300	6976	2374	1092	1910
3760	1174	6882	349	3475	7024	1355	120	4471	1036	1588	830	2701	4608	1451	6343	3474	4489	1347	3383	5166	1365	515	1233	3143	2890	4228	3724	3533	4999	1326	1337	2252	2423	6270	1262	1915	7195	1095	3280	7144	3301	2042	5876	5201	2811	5529	512	4677	6952	4104	4153	3252	1238	3751	3034	4295	1486	6186	1905	2802	3623	6051	4270	4248	2746	3374	630	2264	5216	3561	5619	1338	1873	1747	1452	631	4651	1958	1527	5422	906	2772	604	6849	2450	4399	2489	3318	432	5811	7261	696	6842	2061	990	3017	3526	1141	3656	4739	3261	6918	2334	7172	866	2920	220	5962	3405	4203	2941	4122	162	1675	3439	4209	1971	4872	4605	6907
4450	3718	1155	7092	3172	852	5709	5967	1943	1309	5801	1776	4360	2436	1601	4921	7240	2906	6060	5514	5883	422	3766	6160	212	6259	1849	3874	3674	6157	1443	7258	710	505	2962	2459	6563	3721	2712	5241	6271	6909	2059	2643	1843	392	784	2708	1253	1668	5800	5546	1319	2789	5544	1354	5973	652	653	4110	840	7116	3055	3524	1847	6677	4791	859	1740	194	2446	6103	3068	3577	1505	3591	3840	2392	2881	6342	6777	289	5427	5374	3253	2592	6950	5578	1405	1663	643	696	7261	1195	2542	1419	5540	2460	5773	6091	3420	440	4734	7175	4288	6992	3983	2241	4675	3129	3681	6663	4000	4673	6650	6554	4910	7146	4351	120	313
1357	284	1758	5131	5354	1259	6354	6440	1335	1260	6709	5716	5098	4298	4825	120	7158	513	1058	2052	4048	7084	2540	2844	608	2269	5043	120	4073	1164	2684	2668	1733	7237	5296	2747	4419	5821	1097	1886	4206	1922	1583	2158	5428	7002	6773	2768	2745	6255	6738	4601	1683	3920	4658	6614	3306	2823	999	1208	4515	5719	1752	1488	4602	6272	4887	6576	1710	5692	1046	1854	2385	2783	4590	541	5632	7021	6471	7170	5754	3510	6714	463	6720	2899	5525	4335	5213	5034	3446	6842	1195	7261	201	207	1529	1753	6654	5251	4004	4043	3750	7044	4767	5339	3889	6759	4106	5814	335	1471	1450	5286	2632	5511	4656	1635	3090	4353	4904
5029	3659	6403	2830	3525	5153	120	3150	3454	5210	1821	1732	3260	5154	6229	6693	5822	6163	2215	1707	858	2509	3297	666	4078	6791	2993	1832	1130	545	173	2580	4653	3425	1780	1409	6082	3338	5724	6605	3770	4267	6985	2766	5670	355	3879	3966	4511	1795	1087	6903	3204	892	2729	744	4598	120	6312	922	1561	4650	1909	5538	4022	5713	4576	3715	2182	6282	6248	3763	2165	5837	2770	6694	5103	6149	6501	4807	5995	2296	4485	7114	3772	6578	2736	5591	7224	4210	5150	2061	2542	201	7261	120	5044	2961	2527	6579	851	389	2411	3893	1976	2349	2753	4083	6062	2598	4109	1291	7211	5454	3481	2373	7241	2357	6266	4733	5725
1676	1098	7149	6721	5220	2911	4349	1912	5486	479	3909	752	131	3184	5181	6603	542	5676	1411	6974	6316	6121	5613	120	5785	7109	1470	4412	2512	1879	4551	4753	4662	1381	227	280	5722	6668	456	324	5406	4547	3340	1802	2420	2408	230	3777	120	5438	4140	6521	6564	2017	6412	5000	4472	5070	4343	6930	6293	5157	1920	1963	4660	747	3598	2149	5789	176	2164	4586	7217	5996	3707	3774	7042	2287	7179	1615	1382	4321	3671	1026	1119	1553	7163	3795	3466	5004	4516	990	1419	207	120	7261	5537	3811	4019	2663	1801	5289	7123	5855	3929	1703	3621	1151	1799	731	6569	7031	929	5396	5199	573	5914	3085	3776	6704	3061
5994	1548	3880	5823	1936	4961	4736	476	6507	5359	6302	5776	301	2586	2177	5252	6494	4202	2916	7194	5408	5303	2384	1459	120	2782	6995	1307	4466	2723	978	6353	7189	3339	254	4607	3103	4593	4992	4816	3839	6451	6358	287	2265	1498	6598	2739	5780	6496	6631	6662	5655	5707	6126	2862	433	5647	3113	6912	1516	6802	159	2372	3887	2214	3841	6159	1987	3389	5127	3423	3817	2200	120	1449	5769	1614	2445	3649	5590	5751	2619	6804	129	2972	4061	3961	6706	6660	4625	3017	5540	1529	5044	5537	7261	4763	347	7202	4097	3244	6123	3813	3271	6365	7127	3556	6419	6514	4358	3806	6561	4909	1573	5658	5111	5621	705	3397	5367
691	120	5176	5506	1809	776	6537	5520	3638	815	4304	743	6941	614	1722	6336	4200	3735	6285	3794	5580	6989	3911	1892	4902	3165	4629	4565	6674	6601	1096	5419	6502	4808	1009	4693	3236	3349	5981	3948	5605	4792	3218	2077	3200	5840	2644	5214	7004	3010	6927	6193	6158	5905	4226	2329	1585	6284	6855	1425	611	2804	4584	942	6615	3437	1617	4237	841	7115	6344	1656	4900	724	6737	5336	460	316	1690	5622	1961	7121	382	2667	2873	417	6407	2518	4684	5397	5138	3526	2460	1753	2961	3811	4763	7261	3828	2160	2451	7199	4319	4501	6639	4993	6275	6064	5331	2399	120	2679	885	529	3372	256	5054	4548	5287	3048	390
1895	1422	6464	4959	6139	7145	486	1112	4379	3406	5284	5368	7094	6057	2449	3240	2986	5363	4354	6884	5055	5114	1652	3094	1826	904	967	419	3028	5826	1224	669	120	6921	4676	1845	3633	4720	716	3309	4147	1394	5464	4013	468	1865	4797	1715	3606	5853	1949	6945	3417	3848	5017	3119	120	3216	1344	2655	4273	5280	1547	6634	2878	6328	5444	5598	3691	2622	2757	6232	4657	2491	5337	6749	6536	2641	4272	3833	3515	1745	945	4143	2386	7119	5650	3895	4837	6965	6087	1141	5773	6654	2527	4019	347	3828	7261	7221	7054	2030	1522	126	2230	1900	1144	4416	2505	7159	4456	2376	5459	3123	262	790	882	632	5295	6074	1689
3157	6309	5847	5366	7034	320	6454	7096	6994	605	1853	1657	2238	4546	895	2178	5142	1030	2333	4009	6935	1520	5965	3548	4286	1251	4234	7062	3388	7040	794	2358	4585	6699	5804	6296	1122	2515	5266	4287	2699	3351	2979	2126	2088	306	3149	1437	686	2693	6432	446	6703	2038	2848	2032	3535	7212	120	4342	4929	813	1483	4925	2749	6019	1851	6730	843	820	2982	6073	2818	4470	2718	3903	3706	3804	5706	5656	585	3628	7018	4216	4192	149	4702	7141	7105	4553	6729	3656	6091	5251	6579	2663	7202	2160	7221	7261	5874	6199	2352	4876	7050	1278	3832	3134	4594	4075	3062	3891	120	681	1525	3899	1644	1725	6383	6653	5056
6559	2320	3117	5135	2836	975	2931	1367	2496	6534	6748	5477	6959	6337	6114	1623	3856	1692	2646	2163	364	3210	5311	6415	6591	3107	420	2897	6092	2733	4498	2073	2898	3471	5779	3572	3235	1528	6648	1541	5089	3274	4858	4172	4847	638	3862	4196	1605	1366	6180	4729	5977	730	2050	966	295	2305	7131	5109	3112	4942	4818	3821	3041	953	120	1902	7057	540	6613	2342	5348	3529	6816	1578	1858	269	2717	7235	4863	4102	5204	5448	7089	937	6273	2281	7026	6150	4919	4739	3420	4004	851	1801	4097	2451	7054	5874	7261	6129	6949	566	2609	6586	2994	870	1342	1706	5737	4391	5682	3415	943	2720	2040	616	5501	3711	684
1128	2054	1640	473	1491	4356	5106	2599	2694	4845	5555	3609	2236	3323	2908	3449	6651	293	4378	1772	4617	323	120	1494	1576	4017	7171	3480	903	1762	5270	818	2226	1044	4854	1805	157	191	6225	3940	4853	4582	639	1276	6499	6384	4477	4049	1708	467	912	5968	5243	3826	4507	7137	2978	7197	3780	3810	1156	3563	4467	4488	5877	6329	1628	989	3614	4648	2605	2139	1831	521	941	6953	4405	690	7244	4524	6493	2731	558	1258	340	6105	3863	2682	2083	1840	5052	3261	440	4043	389	5289	3244	7199	2030	6199	6129	7261	2825	218	288	5145	1798	4640	4579	5864	4346	620	2204	4568	2841	2724	141	2656	4530	5292	5542
1947	572	6446	5077	4649	883	450	202	1986	7132	3950	5558	4362	1169	5661	2837	2190	5704	2033	5764	445	4504	5258	3814	1222	6047	2133	5715	1896	6823	5861	4838	6070	1612	4281	5318	1594	4170	3749	410	1829	1371	576	292	215	5394	2526	786	6543	3977	2524	5697	1691	4215	3843	5516	1735	271	442	2227	4219	311	5683	1306	6311	4509	1157	309	5293	5205	602	4241	4459	3120	5324	3836	3431	2468	5273	2607	4633	5723	1555	4111	5332	3757	3999	5244	4913	6812	4774	6918	4734	3750	2411	7123	6123	4319	1522	2352	6949	2825	7261	2888	3275	6786	120	569	3984	6523	6063	3348	457	993	4117	6606	2327	832	1477	3369	1343
3571	2506	5832	5466	6778	1995	2981	5594	1351	3492	400	6289	4197	2275	875	277	4907	2478	796	2071	3816	2570	4151	4253	4165	1446	4804	2362	4679	6560	7076	448	5383	3729	5247	2416	509	120	6672	175	1874	5342	5928	4144	5380	2500	1221	3036	6782	4918	344	4345	2063	3434	6618	2566	1232	2027	1923	590	1408	3969	5583	7014	1630	6278	2395	1781	1551	3266	2338	5490	6303	3531	1731	2909	4381	5192	6054	6242	2521	1245	3931	6587	4581	1115	1490	4204	3101	896	4142	2334	7175	7044	3893	5855	3813	4501	126	4876	566	218	2888	7261	393	3072	2858	241	792	2062	164	6609	4322	3154	3935	274	3960	2722	5452	3199	5611
1032	5256	2113	3222	1442	6332	6969	7254	7003	1047	2904	1841	6156	6394	120	3732	1124	5330	5687	2380	893	7239	7253	5703	2630	4889	5233	1988	3317	2999	5288	5588	2801	3908	120	6944	881	665	1507	1517	1385	308	2179	2517	1007	1378	4990	120	4846	3230	3023	4208	2917	6698	2369	3402	466	1196	6531	777	3617	6153	4089	3079	1720	2244	2313	7142	3282	3073	6418	4325	1558	6469	4292	1194	5186	6323	5664	4844	3379	6222	4950	607	6920	2569	1116	5610	1178	5456	6049	7172	4288	4767	1976	3929	3271	6639	2230	7050	2609	288	3275	393	7261	6740	6954	1057	2427	6237	6798	4400	951	2435	4578	1748	6399	4487	3019	5731	6425
6468	1218	5499	5778	4883	3812	438	348	3967	1103	5219	7111	6416	4541	723	5265	2571	152	1053	2488	4145	3427	4260	2279	7071	4957	6548	478	1080	5344	3665	5254	5906	5229	2466	4832	4610	2785	5946	4707	528	6276	265	3896	3986	890	1749	6880	1808	4715	6861	919	1448	524	4948	127	1816	5264	5036	6448	5271	5603	2502	2354	6198	1888	7064	1510	2914	3652	3084	353	3557	799	3946	3442	6239	2616	1721	829	6565	5585	5080	5361	4878	6131	623	5228	2887	3618	940	866	6992	5339	2349	1703	6365	4993	1900	1278	6586	5145	6786	3072	6740	7261	6810	5851	1621	2742	3552	5321	1029	1564	6380	641	3482	6897	120	7135	6247
4654	211	2824	1101	1468	3102	3559	1167	2626	6951	5375	1535	4561	6596	3657	6351	3823	5640	3037	5370	1959	1830	4056	304	3581	1361	1778	3765	773	6999	4320	626	2324	120	2581	4869	5607	955	1248	4628	4449	4784	1074	5206	2013	4352	1301	1159	4520	2453	3560	4186	3781	5521	2093	6739	7147	4198	2704	447	2051	905	3077	276	2855	5747	3255	2495	1237	4481	5022	1997	2894	6381	6736	795	520	6241	715	4801	1897	6557	474	5760	6867	3868	3162	3148	1093	5971	2843	2920	3983	3889	2753	3621	7127	6275	1144	3832	2994	1798	120	2858	6954	6810	7261	434	6526	1205	2337	3985	346	3220	817	5999	6567	5649	915	4398	2028
3086	6942	628	4615	3709	3319	4289	2314	5825	4077	1265	5991	4879	6760	708	6194	2202	3924	2029	2812	2661	6243	3182	6330	3550	5659	7205	3502	318	3792	4956	3762	5939	5275	4268	2286	5820	1903	1744	1877	5504	3582	6326	3851	5609	5859	4510	1396	6515	5759	4285	7093	3800	659	1433	1023	4923	391	6118	1687	6732	7201	5642	2440	2790	6649	3424	2410	3018	5433	3539	5126	4639	4257	5833	6478	1728	2112	6891	6585	4051	7155	120	4623	5053	5885	7037	565	5592	5629	981	220	2241	6759	4083	1151	3556	6064	4416	3134	870	4640	569	241	1057	5851	434	7261	2011	4555	6224	998	1968	897	1587	2935	5463	6877	687	4062	6755
5177	2501	243	7015	174	697	836	6261	6685	6547	5693	6279	4566	2346	430	7184	580	4066	120	3465	6234	1769	5717	5012	5711	516	2456	5657	3346	4499	7070	120	2070	189	4414	2116	1887	6725	5941	2628	1363	2573	4323	5470	7027	6530	1899	3540	266	1954	2421	5139	819	1181	2438	6347	4505	1723	3262	6201	711	1930	6831	4369	7177	695	2574	4475	180	3168	2309	6972	1296	1600	5705	7196	6111	948	2884	3511	5505	120	5738	125	5541	5347	3921	4722	3898	4685	6009	5962	4675	4106	6062	1799	6419	5331	2505	4594	1342	4579	3984	792	2427	1621	6526	2011	7261	5276	4490	6525	734	6227	6735	3518	7081	5401	6845	6112	1207
4626	3900	2234	6310	3050	5227	7039	2677	1236	397	3796	2193	357	6599	1856	2111	4307	2932	1767	1889	415	6964	5807	3122	5708	5871	740	1003	1050	7030	856	3234	1458	2816	480	4407	2728	3278	767	5377	2665	6635	4768	1964	3131	5215	6138	846	2315	2280	4152	2477	120	4896	6472	5335	2800	5261	1424	3312	5007	741	6017	4041	4361	4037	6637	5772	3242	6857	4852	2559	120	222	2078	5410	2953	6838	2959	855	3421	3249	4278	2642	3734	1105	3223	4537	2084	5334	4217	3405	3129	5814	2598	731	6514	2399	7159	4075	1706	5864	6523	2062	6237	2742	1205	4555	5276	7261	3463	2161	4781	4697	6896	5005	6392	3683	4554	7046	1629
4432	775	6176	577	3285	4960	1678	2680	3541	2198	6835	2035	1440	5535	5985	491	6593	2124	1303	1090	217	5894	3782	5601	4835	6722	1089	726	1227	703	4664	5829	4823	2129	1348	4033	7017	2738	6743	3459	3944	6875	186	3704	1673	535	6364	1132	7078	5866	5260	2675	667	6528	2674	1322	4742	1632	5170	778	3409	3534	3752	3219	6080	6681	1100	6762	692	5839	5364	4738	1388	2253	1107	2778	4569	4214	1836	6195	4154	2615	5947	249	6122	5517	900	2536	3081	6110	462	4203	3681	335	4109	6569	4358	120	4456	3062	5737	4346	6063	164	6798	3552	2337	6224	4490	3463	7261	6119	1328	120	5352	4113	2788	1500	1131	4207	2834
339	2552	4978	5660	2285	7161	5633	6545	6137	6580	1068	1085	5086	1713	4543	2711	6032	1937	120	7232	5388	4148	2954	3519	765	1869	6858	1765	5118	5020	4726	4759	139	2530	1751	5415	6886	1069	2719	477	4118	1871	6852	7058	3378	1973	2799	2081	1868	5983	4493	5597	1417	6937	4409	4787	6135	3250	3320	2861	6657	5639	1737	7007	3328	3335	4762	1684	2480	5571	1255	6251	4099	225	770	5390	1574	523	4977	1295	330	785	6869	6658	1398	3190	3822	2793	2406	4616	5365	2941	6663	1471	1291	7031	3806	2679	2376	3891	4391	620	3348	6609	4400	5321	3985	998	6525	2161	6119	7261	5792	1738	3314	1661	2251	1332	1569	762	165
7138	5620	3918	3808	4920	444	835	3847	3307	997	704	1834	1153	4440	6026	3923	1038	4155	2925	2936	7059	619	6890	4716	1393	6320	810	2211	501	1493	1484	185	2065	3919	7012	1170	4025	3669	5589	7233	2671	3071	7106	3676	120	1810	973	2859	5329	4704	3728	6864	4772	646	4915	3093	2447	552	5231	1914	4280	1162	2176	3290	5685	3012	7203	1123	408	4163	6542	345	2367	5667	4199	3277	120	3030	2135	4987	6673	4830	5567	5624	3869	938	2171	3916	2558	6538	2300	4122	4000	1450	7211	929	6561	885	5459	120	5682	2204	457	4322	951	1029	346	1968	734	4781	1328	5792	7261	2910	4029	2218	487	4862	6297	1321	6116
3354	2272	4114	4502	5898	6600	4364	4402	5060	3284	838	2528	3530	5775	3462	5274	4700	352	1022	283	3672	2237	5174	3489	6851	4634	1160	2755	891	4482	4589	1133	3269	3132	6910	1619	5944	2064	4927	5207	1919	1184	5279	5081	2525	3937	3451	5690	4893	2869	1110	2715	926	1179	6292	934	120	769	2538	575	2817	132	3170	850	3175	291	4885	574	1579	4730	4327	3239	502	6449	4057	329	745	7088	2996	6287	7060	4293	6013	120	2298	5627	2461	3703	4740	2657	6734	162	4673	5286	5454	5396	4909	529	3123	681	3415	4568	993	3154	2435	1564	3220	897	6227	4697	120	1738	2910	7261	2676	759	6678	6061	2128	5353	4038
4859	3039	3905	4709	1149	2989	146	867	1546	3727	2868	5980	3975	5443	5721	470	5691	120	629	2484	5818	4668	2652	5867	4282	4544	732	6975	2948	1035	5746	5562	297	1049	1235	2814	5987	5249	6821	2741	2301	6629	1926	4303	2008	6151	3619	6097	857	2767	2853	2422	888	465	423	2015	3580	2006	4338	2153	6376	3731	4991	4834	6723	6943	4012	6130	5122	3771	120	4932	2543	6826	2734	5929	461	6219	1017	5952	6372	3469	2595	1584	6847	5403	2147	2192	5302	1791	2221	1675	6650	2632	3481	5199	1573	3372	262	1525	943	2841	4117	3935	4578	6380	817	1587	6735	6896	5352	3314	4029	2676	7261	1766	1848	6805	2707	2425	2831
5071	6053	1646	5173	939	1938	1246	3363	4976	1136	4259	4179	3864	5576	634	1773	5195	3384	6535	1242	1502	143	3520	5799	6102	6072	6784	1882	2946	4690	6671	5163	925	3440	2266	6686	3173	120	6420	729	310	4966	3316	6077	2539	5680	150	6819	5038	2600	3626	3968	3658	2520	317	4799	2003	6550	5152	7185	3859	1983	5182	3356	2865	1211	4943	3419	7134	3046	2483	3954	2142	3026	6533	4445	168	5372	3712	2532	1928	4006	5094	2263	3042	2769	952	757	2145	1756	1513	3439	6554	5511	2373	573	5658	256	790	3899	2720	2724	6606	274	1748	641	5999	2935	3518	5005	4113	1661	2218	759	1766	7261	4973	816	6477	4371	5357
223	3247	3362	6155	2355	6167	4621	2791	783	4030	4130	360	3433	5130	5200	4159	4912	436	3682	120	4265	5846	2389	4760	1596	2659	3443	2492	1989	6571	3246	5893	3232	571	3825	4010	6929	683	5533	3639	3245	746	375	1161	147	5073	5197	5819	5018	5614	6213	3193	3629	1413	556	1842	6582	6661	3870	6486	7229	5090	5774	1091	1870	4123	560	3723	561	1127	763	6052	2889	5902	1300	5317	5988	1140	5880	4255	5523	4866	1878	5569	1416	6171	4871	868	4820	1616	3300	4209	4910	4656	7241	5914	5111	5054	882	1644	2040	141	2327	3960	6399	3482	6567	5463	7081	6392	2788	2251	487	6678	1848	4973	7261	7238	200	213	2405
4309	884	5892	2928	6286	4517	6983	4861	4187	5246	4011	6002	120	570	562	4703	5391	1501	4881	3491	3273	5028	5069	3739	2366	7191	120	1272	7220	3587	4994	4452	1685	4410	3504	4015	5190	4998	1325	1389	6487	1750	4300	3697	6492	6712	4121	3083	6519	135	6871	428	758	2533	2516	4665	6620	3065	4647	3228	6495	6956	2005	5193	4689	4478	5916	3551	1659	3783	1647	2455	1418	1654	728	4916	485	2807	2473	1225	1281	530	5179	5488	2744	3115	5932	5890	1168	5123	6976	1971	7146	1635	2357	3085	5621	4548	632	1725	616	2656	832	2722	4487	6897	5649	6877	5401	3683	1500	1332	4862	6061	6805	816	7238	7261	5937	371	6978
6958	670	6506	2292	1267	120	861	1106	5450	1001	4221	380	6375	2969	2507	6258	4630	1787	4782	6683	6774	2363	5236	3714	2103	5634	3625	4435	325	2850	1137	2919	1072	4575	3202	6776	4108	2537	1257	1962	5782	2481	169	1818	6133	4597	120	7023	4247	3053	2826	5360	381	5878	4230	6350	5218	6283	4975	4240	4262	4995	2556	5315	1275	694	5298	5522	5062	4032	5710	648	1423	3069	2096	4886	4076	6374	3994	4373	5033	203	2610	4972	7154	7225	1565	1788	1176	5927	2374	4872	4351	3090	6266	3776	705	5287	5295	6383	5501	4530	1477	5452	3019	120	915	687	6845	4554	1131	1569	6297	2128	2707	6477	200	5937	7261	2497	3710
5834	5581	935	2014	3819	6691	1070	6367	7001	1373	3418	2319	5568	120	3025	4026	3611	3544	6865	3797	1229	3680	6719	2529	6024	5989	5681	1346	437	172	4055	4195	6256	979	2866	1135	3537	6862	6733	4413	6188	956	6676	781	2294	4426	2437	4855	1466	2138	1518	6044	3038	4829	6322	3194	679	2695	1670	2968	2136	3076	272	2503	1293	4044	3743	5919	231	2047	1611	5039	6038	1942	1273	5239	1349	6467	1557	1784	2666	3445	7156	2168	7242	4328	5600	6485	303	4955	1092	4605	120	4353	4733	6704	3397	3048	6074	6653	3711	5292	3369	3199	5731	7135	4398	4062	6112	7046	4207	762	1321	5353	2425	4371	213	371	2497	7261	6178
3761	1454	1244	4178	4394	5626	633	6280	963	1985	5958	847	2396	2513	2987	6626	3844	1544	2233	6488	120	842	356	2640	5414	6961	154	3160	5956	2781	4129	3972	5100	2519	6970	2726	3478	3568	5623	2546	4224	6246	4486	3070	4251	2504	6829	2277	5078	3542	3152	3213	2109	2625	7204	5816	4002	5557	361	1951	2672	1992	273	6162	2681	1610	4119	216	3311	1362	4252	4091	3637	1932	4755	760	1148	3192	2809	7118	1358	3939	2091	7079	761	2424	3654	1200	1186	1302	1910	6907	313	4904	5725	3061	5367	390	1689	5056	684	5542	1343	5611	6425	6247	2028	6755	1207	1629	2834	165	6116	4038	2831	5357	2405	6978	3710	6178	7261
