1831	243	1397	1162	766	1511	1738	643	95	254	1543	1426	1762	615	399	286	443	65	1767	849	839	1639	1072	393	1476	1757	1053	578	60	647	271	1147	1243	893	1294	334	723	60	638	1216	1423	1278	942	113	1309	505	708	212	404	903	973	695	1391	1745	702	1241	304	860	1609	991	508
243	1831	1621	722	1434	929	111	1706	939	362	1206	420	1382	375	120	1300	1352	1211	1468	1108	1675	975	1450	479	962	845	371	1094	1522	998	80	60	1313	1787	1518	1500	130	1547	1458	300	911	1124	1270	1492	60	818	732	1593	1608	1364	187	857	1083	1521	230	426	779	1659	350	199	1121
1397	1621	1831	186	1795	622	1407	1234	1307	899	759	627	364	1704	126	1091	90	802	738	1562	60	1170	706	1527	678	595	743	568	1623	293	266	1697	1530	1344	787	1677	804	769	1422	1718	664	253	1003	252	717	1725	75	1007	1649	1771	996	338	1353	1181	1430	469	689	357	1070	559	594
1162	722	186	1831	1615	182	1318	589	1561	1248	188	1550	1033	964	1029	832	1633	1433	1688	1027	616	585	946	68	265	167	574	1022	1766	1115	60	1696	1207	383	460	1650	132	1564	1117	1719	189	1442	1093	1253	99	593	60	1830	61	1679	1640	1801	758	60	425	1122	60	496	519	608	1272
766	1434	1795	1615	1831	1225	1605	60	1520	1549	789	1335	584	121	1109	806	1634	1817	193	683	246	1559	1778	648	1161	877	1713	1332	1392	1127	1330	772	1078	646	625	216	938	192	1026	847	900	104	60	862	367	270	1178	276	993	1062	970	740	1493	1261	814	1701	1539	798	949	1661	1231
1511	929	622	182	1225	1831	340	137	591	468	1821	1625	1260	1469	260	1575	961	60	1179	1381	162	762	282	1460	1619	1612	907	1399	1626	1678	1265	168	523	576	1067	1203	1157	1165	885	320	982	1427	1629	791	575	284	127	1645	1099	166	1235	654	1131	1343	1195	1813	1571	322	1290	1770	448
1738	111	1407	1318	1605	340	1831	1685	558	1694	1360	922	60	313	1189	1436	750	1724	1773	463	176	1667	1523	755	632	693	825	1337	1519	347	926	831	1794	571	1052	612	767	386	712	518	281	1644	69	582	66	705	1627	1655	174	1687	1809	294	1021	402	1754	869	413	1069	1371	1534	184
643	1706	1234	589	60	137	1685	1831	60	1402	1808	267	1107	933	1799	1490	1060	1451	701	886	106	599	1199	81	1603	1475	428	1568	380	983	79	1607	1010	1310	264	416	197	1528	1416	60	257	1366	1525	427	391	288	741	534	1431	219	1112	473	1066	735	1669	910	1322	1783	826	868	925
95	939	1307	1561	1520	591	558	60	1831	1698	567	1333	1279	1355	871	1013	156	542	1009	60	768	1299	494	1334	361	1734	1045	258	1810	394	553	1690	807	934	679	387	1572	1591	1212	821	1726	943	123	1077	1741	1087	1074	1653	1405	481	905	715	976	1673	813	1499	1005	1730	259	801	783
254	362	899	1248	1549	468	1694	1402	1698	1831	667	1782	935	1670	1693	316	692	1193	150	1387	565	1305	1781	60	586	405	1489	60	103	819	506	1388	1012	960	1321	1793	440	655	1700	1551	713	1488	181	117	649	1172	1329	431	581	745	1440	509	950	1517	698	1259	1587	536	1441	1328	295
1543	1206	759	188	789	1821	1360	1808	567	667	1831	1350	321	1684	892	309	1297	1646	343	1143	60	577	569	1425	1221	449	92	60	487	307	906	747	987	921	1811	733	1739	645	462	474	602	60	374	761	1018	554	1154	60	60	916	1237	1028	1227	999	865	501	1114	1728	478	1536	560
1426	420	627	1550	1335	1625	922	267	1333	1782	1350	1831	1188	195	531	1277	251	302	1271	1631	815	1287	947	503	1643	1015	525	285	1146	751	1384	245	963	1464	368	1011	341	73	927	914	1341	60	694	353	719	249	530	1827	452	1276	984	1574	764	1136	1303	1749	410	1746	763	211	146
1762	1382	364	1033	584	1260	60	1107	1279	935	321	1188	1831	1286	1586	1826	1106	1025	472	110	467	891	1247	1791	1041	1152	1765	533	1284	760	867	881	619	1363	60	1818	696	782	201	1222	992	1050	659	1611	707	535	1040	232	730	1600	142	82	749	721	459	1596	580	1275	1064	1411	1515
615	375	1704	964	121	1469	313	933	1355	1670	1684	195	1286	1831	1820	660	437	60	1732	135	1542	1553	269	1173	1246	879	597	1220	1592	1151	1496	159	94	389	1570	247	330	880	901	1635	96	687	60	1339	1164	414	88	557	923	1664	74	729	1205	1073	1320	210	60	71	774	817	548
399	120	126	1029	1109	260	1189	1799	871	1693	892	531	1586	1820	1831	691	194	1262	1516	235	1666	820	60	214	318	790	408	1008	1478	1473	476	1760	1579	726	224	1428	1445	753	172	122	1415	636	432	1435	714	1513	1538	1208	663	446	200	532	1362	1120	1249	1654	1573	539	153	60	529
286	1300	1091	832	806	1575	1436	1490	1013	316	309	1277	1826	660	691	1831	841	165	101	105	1252	1692	974	756	138	1768	1578	540	233	538	742	1796	848	1657	60	773	458	1531	959	1065	1256	658	1316	1378	1347	1642	109	441	1769	1779	1498	77	1540	107	382	234	1467	1036	859	1080	651
443	1352	90	1633	1634	961	750	1060	156	692	1297	251	1106	437	194	841	1831	1742	114	324	1230	406	1367	1656	248	671	378	895	603	1324	279	573	1153	1365	60	60	620	570	1486	1558	623	1129	1470	1816	670	546	221	1614	610	1784	484	1338	1228	941	1285	1472	1453	1721	952	784	1454
65	1211	802	1433	1817	60	1724	1451	542	1193	1646	302	1025	60	1262	165	1742	1831	333	198	60	1092	512	290	1447	1100	634	1113	1336	653	344	471	1753	604	641	1529	792	60	403	1583	724	1449	1061	1396	171	1166	1554	1764	824	514	504	314	291	207	854	1111	1081	940	781	128	1236
1767	1468	738	1688	193	1179	1773	701	1009	150	343	1271	472	1732	1516	101	114	333	1831	1055	635	850	629	152	1014	1565	436	466	1758	1491	765	1660	1526	93	1218	143	690	1444	1755	1658	1707	607	1144	1487	86	348	1774	268	1597	1095	60	275	812	1051	552	429	898	980	346	1159	1465
849	1108	1562	1027	683	1381	463	886	60	1387	1143	1631	110	135	235	105	324	198	1055	1831	930	241	1282	262	700	874	793	1404	1298	1594	1417	600	151	1439	1223	1240	1668	786	1632	1257	1541	1736	480	795	287	1535	555	227	388	626	710	1789	1301	1082	89	125	1610	482	1357	376	731
839	1675	60	616	246	162	176	106	768	565	60	815	467	1542	1666	1252	1230	60	635	930	1831	564	994	1676	1775	606	808	507	637	1171	1273	1691	1455	1030	1292	829	1054	1727	1358	218	1116	62	379	1560	688	988	206	1471	134	954	1134	115	60	141	704	1049	328	630	1419	811	590
1639	975	1170	585	1559	762	1667	599	1299	1305	577	1287	891	1553	820	1692	406	1092	850	241	564	1831	1314	237	945	1056	417	727	1190	397	1385	1242	421	1731	422	486	624	1369	1145	809	208	977	483	317	1618	1761	1037	856	1130	1125	1638	873	1733	1379	1717	521	665	312	273	1463	60
1072	1450	706	946	1778	282	1523	1199	494	1781	569	947	1247	269	60	974	1367	512	629	1282	994	1314	1831	1132	684	917	136	520	1682	145	381	908	835	1280	852	1232	401	1759	1452	470	263	827	1304	1042	1630	1250	699	592	242	1710	1126	1239	1354	1086	572	202	1047	108	896	1507	810
393	479	1527	68	648	1460	755	81	1334	60	1425	503	1791	1173	214	756	1656	290	152	262	1676	237	1132	1831	148	894	327	1737	160	1424	91	1446	1267	215	613	85	861	1708	423	775	1802	1088	301	1071	563	1663	1807	1160	240	331	1595	1497	746	997	720	957	1729	904	1514	60	222
1476	962	678	265	1161	1619	632	1603	361	586	1221	1643	1041	1246	318	138	248	1447	1014	700	1775	945	684	148	1831	1705	1590	1743	1202	1805	882	1665	433	967	757	978	250	1302	84	1331	277	915	1155	1001	709	1079	464	283	1197	149	843	60	1695	1158	1584	398	828	326	337	154	465
1757	845	595	167	877	1612	693	1475	1734	405	449	1015	1152	879	790	1768	671	1100	1565	874	606	1056	917	894	1705	1831	60	339	1484	407	1192	1119	1185	780	1148	1537	1403	1394	834	948	83	1038	1604	657	1102	878	614	1408	1200	311	1046	1006	561	675	836	1048	1792	1674	363	177	1495
1053	371	743	574	1713	907	825	428	1045	1489	92	525	1765	597	408	1578	378	634	436	793	808	417	136	327	1590	60	1831	299	1034	190	1383	872	855	543	583	1233	1057	1681	799	1567	776	1462	1662	161	1000	60	1751	587	175	1201	1213	924	488	490	631	144	995	1798	438	1532	931
578	1094	568	1022	1332	1399	1337	1568	258	60	60	285	533	1220	1008	540	895	1113	466	1404	507	727	520	1737	1743	339	299	1831	289	1295	78	932	842	837	1557	662	971	1096	412	1680	716	1174	605	844	1709	1617	179	1828	1504	203	1177	1466	1748	72	1251	1410	1552	566	1372	1191	628
60	1522	1623	1766	1392	1626	1519	380	1810	103	487	1146	1284	1592	1478	233	603	1336	1758	1298	637	1190	1682	160	1202	1484	1034	289	1831	430	1097	1750	124	372	1814	1711	1752	528	1548	1566	1702	1443	1797	822	178	435	883	1406	640	1370	588	456	491	492	461	805	1563	887	1315	515	336
647	998	293	1115	1127	1678	347	983	394	819	307	751	760	1151	1473	538	1324	653	1491	1594	1171	397	145	1424	1805	407	190	1295	430	1831	228	652	1437	676	306	450	396	816	60	1076	681	846	1414	944	1141	477	239	225	677	736	912	442	305	1637	325	1289	1380	1137	685	1648	1128
271	80	266	60	1330	1265	926	79	553	506	906	1384	867	1496	476	742	279	344	765	1417	1273	1385	381	91	882	1192	1383	78	1097	228	1831	737	1576	1229	1620	725	1481	562	1281	1142	1505	1002	1712	439	1474	1421	392	1019	1393	823	621	918	669	1601	1716	1348	1149	1641	1374	1219	928
1147	60	1697	1696	772	168	831	1607	1690	1388	747	245	881	159	1760	1796	573	471	1660	600	1691	1242	908	1446	1665	1119	872	932	1750	652	737	1831	579	545	672	1169	1032	936	611	335	680	800	229	1293	1622	453	1613	1756	256	1824	499	1263	1598	1389	1616	1140	1254	1686	1156	310	400
1243	1313	1530	1207	1078	523	1794	1010	807	1012	987	963	619	94	1579	848	1153	1753	1526	151	1455	421	835	1267	433	1185	855	842	124	1437	1576	579	1831	1786	60	1788	864	1133	697	551	511	395	147	1340	1457	1524	1017	1800	642	1501	272	1829	1780	63	1138	169	1308	1110	1356	1740	255
893	1787	1344	383	646	576	571	1310	934	960	921	1464	1363	389	726	1657	1365	604	93	1439	1030	1731	1280	215	967	780	543	837	372	676	1229	545	1786	1831	60	1058	541	1456	209	524	1652	342	1546	140	1606	1585	1438	833	1101	601	803	355	1150	1508	1555	1104	76	889	1448	319	1274
1294	1518	787	460	625	1067	1052	264	679	1321	1811	368	60	1570	224	60	60	641	1218	1223	1292	422	852	613	757	1148	583	1557	1814	306	1620	672	60	60	1831	1346	686	485	454	332	493	1226	112	163	1418	455	1016	1825	60	1589	60	1361	513	1722	1306	1714	1819	1432	796	1580	1683
334	1500	1677	1650	216	1203	612	416	387	1793	733	1011	1818	247	1428	773	60	1529	143	1240	829	486	1232	85	978	1537	1233	662	1711	450	725	1169	1788	1058	1346	1831	1503	360	1699	888	609	1777	1269	133	213	1187	965	1288	502	969	244	979	1479	972	547	1480	711	650	1044	1636	60
723	130	804	132	938	1157	767	197	1572	440	1739	341	696	330	1445	458	620	792	690	1668	1054	624	401	861	250	1403	1057	971	1752	396	1481	1032	864	541	686	1503	1831	1209	489	840	788	236	902	131	1494	365	118	274	522	1823	303	1804	913	1577	1214	1020	64	60	1628	851	778
60	1547	769	1564	192	1165	386	1528	1591	655	645	73	782	880	753	1531	570	60	1444	786	1727	1369	1759	1708	1302	1394	1681	1096	528	816	562	936	1133	1456	485	360	1209	1831	752	180	292	1217	516	500	870	359	349	1459	639	853	358	1512	1031	897	1210	1647	67	544	1291	116	1317
638	1458	1422	1117	1026	885	712	1416	1212	1700	462	927	201	901	172	959	1486	403	1755	1632	1358	1145	1452	423	84	834	799	412	1548	60	1281	611	697	209	454	1699	489	752	1831	98	1098	1401	155	415	1283	1599	1776	261	989	1105	1395	1345	968	1703	447	60	1763	87	1483	1477	1204
1216	300	1718	1719	847	320	518	60	821	1551	474	914	1222	1635	122	1065	1558	1583	1658	1257	218	809	470	775	1331	948	1567	1680	1566	1076	1142	335	551	524	332	888	840	180	98	1831	1103	1176	1196	377	517	777	1163	390	70	666	1376	919	1744	876	1420	308	1533	550	1327	329	771
1423	911	664	189	900	982	281	257	1726	713	602	1341	992	96	1415	1256	623	724	1707	1541	1116	208	263	1802	277	83	776	716	1702	681	1505	680	511	1652	493	609	788	292	1098	1103	1831	1167	937	858	1624	231	419	1398	1377	951	953	60	97	445	1085	1039	866	60	797	409	1651
1278	1124	253	1442	104	1427	1644	1366	943	1488	60	60	1050	687	636	658	1129	1449	607	1736	62	977	827	1088	915	1038	1462	1174	1443	846	1002	800	395	342	1226	1777	236	1217	1401	1176	1167	1831	794	1198	205	1351	1772	556	158	981	296	1412	728	1224	1068	369	356	185	1349	1084	1556
942	1270	1003	1093	60	1629	69	1525	123	181	374	694	659	60	432	1316	1470	1061	1144	480	379	483	1304	301	1155	1604	1662	605	1797	1414	1712	229	147	1546	112	1269	902	516	155	1196	937	794	1831	1023	1089	1400	1090	990	1785	298	1485	884	1319	1123	1342	497	537	60	1790	345	1461
113	1492	252	1253	862	791	582	427	1077	117	761	353	1611	1339	1435	1378	1816	1396	1487	795	1560	317	1042	1071	1001	657	161	844	822	944	439	1293	1340	140	163	133	131	500	415	377	858	1198	1023	1831	1186	703	1582	1386	748	60	1183	280	656	1326	373	60	1509	526	157	1544	1359
1309	60	717	99	367	575	66	391	1741	649	1018	719	707	1164	714	1347	670	171	86	287	688	1618	1630	563	709	1102	1000	1709	178	1141	1474	1622	1457	1606	1418	213	1494	870	1283	517	1624	205	1089	1186	1831	173	183	598	60	220	223	549	618	1075	1482	1245	1296	451	754	682	1238
505	818	1725	593	270	284	705	288	1087	1172	554	249	535	414	1513	1642	546	1166	348	1535	988	1761	1250	1663	1079	878	60	1617	435	477	1421	453	1524	1585	455	1187	365	359	1599	777	231	1351	1400	703	173	1831	1510	1043	60	434	596	1059	633	351	739	1266	119	498	1168	510	956
708	732	75	60	1178	127	1627	741	1074	1329	1154	530	1040	88	1538	109	221	1554	1774	555	206	1037	699	1807	464	614	1751	179	883	239	392	1613	1017	1438	1016	965	118	349	1776	1163	419	1772	1090	1582	183	1510	1831	838	875	238	315	1368	1024	890	955	366	674	217	1390	1545	1139
212	1593	1007	1830	276	1645	1655	534	1653	431	60	1827	232	557	1208	441	1614	1764	268	227	1471	856	592	1160	283	1408	587	1828	1406	225	1019	1756	1800	833	1825	1288	274	1459	261	390	1398	556	990	1386	598	1043	838	1831	1375	1135	444	297	1735	1747	1180	661	495	734	1175	1715	384
404	1608	1649	61	993	1099	174	1431	1405	581	60	452	730	923	663	1769	610	824	1597	388	134	1130	242	240	1197	1200	175	1504	640	677	1393	256	642	1101	60	502	522	639	989	70	1377	158	1785	748	60	60	875	1375	1831	1118	1588	718	1194	644	102	1409	1689	1182	1806	1672	1323
903	1364	1771	1679	1062	166	1687	219	481	745	916	1276	1600	1664	446	1779	1784	514	1095	626	954	1125	1710	331	149	311	1201	203	1370	736	823	1824	1501	601	1589	969	1823	853	1105	666	951	981	298	60	220	434	238	1135	1118	1831	323	1004	863	226	1264	196	1506	1268	418	1822	204
973	187	996	1640	970	1235	1809	1112	905	1440	1237	984	142	74	200	1498	484	504	60	710	1134	1638	1126	1595	843	1046	1213	1177	588	912	621	499	272	803	60	244	303	358	1395	1376	953	296	1485	1183	223	596	315	444	1588	323	1831	1581	986	1373	909	139	457	1502	617	1035	966
695	857	338	1801	740	654	294	473	715	509	1028	1574	82	729	532	77	1338	314	275	1789	115	873	1239	1497	60	1006	924	1466	456	442	918	1263	1829	355	1361	979	1804	1512	1345	919	60	1412	884	280	549	1059	1368	297	718	1004	1581	1831	668	1312	1325	744	191	1215	411	958	475
1391	1083	1353	758	1493	1131	1021	1066	976	950	1227	764	749	1205	1362	1540	1228	291	812	1301	60	1733	1354	746	1695	561	488	1748	491	305	669	1598	1780	1150	513	1479	913	1031	968	1744	97	728	1319	656	618	633	1024	1735	1194	863	986	668	1831	424	673	129	920	100	1723	1602	527
1745	1521	1181	60	1261	1343	402	735	1673	1517	999	1136	721	1073	1120	107	941	207	1051	1082	141	1379	1086	997	1158	675	490	72	492	1637	1601	1389	63	1508	1722	972	1577	897	1703	876	445	1224	1123	1326	1075	351	890	1747	644	226	1373	1312	424	1831	1803	354	1063	1244	278	1671	830
702	230	1430	425	814	1195	1754	1669	813	698	865	1303	459	1320	1249	382	1285	854	552	89	704	1717	572	720	1584	836	631	1251	461	325	1716	1616	1138	1555	1306	547	1214	1210	447	1420	1085	1068	1342	373	1482	739	955	1180	102	1264	909	1325	673	1803	1831	785	60	164	60	170	770
1241	426	469	1122	1701	1813	869	910	1499	1259	501	1749	1596	210	1654	234	1472	1111	429	125	1049	521	202	957	398	1048	144	1410	805	1289	1348	1140	169	1104	1714	1480	1020	1647	60	308	1039	369	497	60	1245	1266	366	661	1409	196	139	744	129	354	785	1831	352	60	385	1812	1311
304	779	689	60	1539	1571	413	1322	1005	1587	1114	410	580	60	1573	1467	1453	1081	898	1610	328	665	1047	1729	828	1792	995	1552	1563	1380	1149	1254	1308	76	1819	711	64	67	1763	1533	866	356	537	1509	1296	119	674	495	1689	1506	457	191	920	1063	60	352	1831	1413	1569	1720	1429
860	1659	357	496	798	322	1069	1783	1730	536	1728	1746	1275	71	539	1036	1721	940	980	482	630	312	108	904	326	1674	1798	566	887	1137	1641	1686	1110	889	1432	650	60	544	87	550	60	185	60	526	451	498	217	734	1182	1268	1502	1215	100	1244	164	60	1413	1831	1184	1258	1255
1609	350	1070	519	949	1290	1371	826	259	1441	478	763	1064	774	153	859	952	781	346	1357	1419	273	896	1514	337	363	438	1372	1315	685	1374	1156	1356	1448	796	1044	1628	1291	1483	1327	797	1349	1790	157	754	1168	1390	1175	1806	418	617	411	1723	278	60	385	1569	1184	1831	370	985
991	199	559	608	1661	1770	1534	868	801	1328	1536	211	1411	817	60	1080	784	128	1159	376	811	1463	1507	60	154	177	1532	1191	515	1648	1219	310	1740	319	1580	1636	851	116	1477	329	409	1084	345	1544	682	510	1545	1715	1672	1822	1035	958	1602	1671	170	1812	1720	1258	370	1831	1815
508	1121	594	1272	1231	448	184	925	783	295	560	146	1515	548	529	651	1454	1236	1465	731	590	60	810	222	465	1495	931	628	336	1128	928	400	255	1274	1683	60	778	1317	1204	771	1651	1556	1461	1359	1238	956	1139	384	1323	204	966	475	527	830	770	1311	1429	1255	985	1815	1831
