5051	2115	1471	4698	1147	3625	3364	2136	100	4486	1224	2037	3790	3031	4221	4246	129	3860	4989	4105	1552	654	2973	2775	2416	1128	348	1194	3568	1200	1242	1571	4381	597	2915	3751	1750	4555	2943	1493	2846	1421	4378	4147	3053	4369	2408	973	2868	299	3699	3021	1901	380	2478	2502	603	1218	3667	4030	4320	614	3405	2506	4928	1010	4066	4790	1192	4740	2589	4215	3036	1836	100	2457	4366	4924	4891	269	394	3881	107	2834	968	100	3576	2820	2031	4743	724	1797	651	1091	1348	1358	3679	2131	1664	2316	2010
2115	5051	847	3537	278	4170	4441	1613	4395	2714	2622	1052	110	4869	2625	2642	3497	4005	201	2275	845	4821	1748	1934	3223	2226	3795	4761	779	4994	4693	1610	2632	3161	100	3873	4479	4278	2425	1707	801	601	3467	2110	3234	2071	1621	3805	2014	1695	4137	2245	4787	635	2861	4192	3577	100	2143	4959	4027	159	1450	1622	4141	2490	2649	2417	2967	1162	253	2085	3465	142	1332	5028	1717	2575	4534	2712	936	4525	2124	2514	2728	2969	4220	1670	2635	3602	4966	1742	4112	2876	596	4857	2239	2470	2404	215	1378
1471	847	5051	4946	1032	2201	1955	4098	4973	1037	3921	1235	4910	1071	2388	1779	4335	3034	1703	3473	644	1326	100	4808	1297	392	1671	156	4081	1927	2818	391	2663	1636	4843	3763	3676	4443	4289	165	3807	279	2749	2948	3411	3599	576	948	1765	100	1837	3872	1159	3245	2727	1422	2237	2946	2297	4053	1476	3038	1694	697	445	3389	1617	1440	3050	4617	1309	4909	869	825	3708	3107	4645	2441	1747	4745	3521	500	2263	921	4785	277	3768	4122	4212	728	2290	4831	308	1072	1349	2801	4109	800	4012	4136	2117
4698	3537	4946	5051	767	3709	3500	907	4528	1130	1035	1324	3862	2198	310	1031	3198	186	1787	320	4388	4837	4590	4157	4096	3369	2163	4324	2981	2258	622	4780	3564	2990	4216	746	513	4741	4037	1089	2847	2928	2701	3015	3088	4020	1992	1781	4933	3390	232	742	4714	1181	4700	131	2982	4340	3469	2467	3043	4550	1676	2402	751	4463	1495	4816	3713	4258	2650	2242	4564	274	2389	954	2165	2040	2271	388	1786	418	2560	4456	1690	2583	2682	3624	1784	4150	2011	783	2116	100	2677	495	3065	1895	4810	448	1056
1147	278	1032	767	5051	1438	3887	3201	493	765	2581	3847	795	3659	2937	1187	2753	4312	809	247	560	100	1341	3241	179	3206	1417	4382	1673	2456	959	519	1537	1609	2957	4483	2879	3851	4526	2077	2525	4082	933	818	3583	494	1924	2998	5049	4600	4713	4731	1903	4903	2645	152	670	4106	1976	2260	1935	4397	813	4774	4591	365	1240	3001	2537	2092	5004	214	1804	3774	2089	1915	1550	4567	3834	4000	2708	1298	2593	5020	4247	3064	2196	2095	340	3319	2332	2062	686	436	891	4453	1093	4715	2412	2561	4110
3625	4170	2201	3709	1438	5051	708	4795	100	3960	3076	555	3900	4768	1262	116	1601	1793	1818	3164	739	2640	1372	2505	3628	4015	678	2276	1811	1000	1520	1612	4594	3724	4058	1427	1494	4239	1459	3578	1060	1647	3540	3378	3362	866	3658	2317	4116	1150	2838	1127	4732	4907	4145	3646	3418	3359	1038	4684	2396	488	2515	4625	1877	4298	3591	1113	3866	3592	1922	1506	3942	554	4951	1086	2995	3023	1317	343	4655	4641	632	524	1726	920	1642	1463	2530	2653	4127	1830	2114	4056	2833	1008	4171	2346	479	3710	764
3364	4441	1955	3500	3887	708	5051	2841	4585	4541	1499	4986	1677	1864	3170	2057	1722	2000	1250	2458	4380	3406	2213	4349	4325	4935	1165	3933	2341	4913	2003	3861	2005	177	2523	4151	4968	312	2880	4090	1551	183	2958	2344	2318	4629	229	2087	4108	1839	1667	517	1827	808	623	2413	2125	2475	1097	2498	100	3229	1454	1946	2508	1739	4003	3180	922	1806	4268	1404	382	2547	4985	2556	1904	4425	1342	705	4701	4921	974	3766	1526	4863	3228	3261	834	3675	2390	4348	721	4431	4914	1932	3580	2284	3329	1311	4159
2136	1613	4098	907	3201	4795	2841	5051	1334	1178	2886	3880	2267	3190	769	3654	3109	1838	1330	918	4581	4993	2315	4149	1114	2639	208	141	2584	1473	1195	975	3835	4939	1888	3250	1512	1821	4777	2823	2035	789	2565	3892	582	3149	401	3689	465	267	100	2907	2203	709	768	3570	4990	4008	2919	1555	3600	2732	1585	4507	1065	3144	104	1274	490	1264	3662	4488	3920	2780	3991	1716	205	292	2646	3674	106	2282	341	100	4894	3005	1633	1133	4997	4419	1942	4669	3126	4543	1511	1210	3671	537	749	2885	3259
100	4395	4973	4528	493	100	4585	1334	5051	4086	3354	770	725	2407	2699	4688	2269	4934	3923	1323	4341	100	2503	3294	4849	2138	2526	2785	1365	3898	3663	2736	4633	393	100	4539	3779	468	3195	3695	2901	1278	3636	3917	1475	2857	2671	4374	620	815	4264	1347	2405	3207	4231	1916	4542	4949	3328	4851	4865	1982	101	3939	4624	463	1286	4399	4574	2938	2043	4840	338	1435	2480	533	625	2658	792	3185	3162	590	1958	2171	1528	1034	1859	1741	1062	3561	4428	2872	3311	4400	1778	1732	4889	3620	145	3505	3555
4486	2714	1037	1130	765	3960	4541	1178	4086	5051	3830	3226	3151	1123	606	138	331	3726	3615	4613	1255	940	2327	3524	3135	295	3735	1138	2432	733	1929	5048	566	2578	2669	3054	124	439	4778	100	3247	3200	2355	3157	2489	4720	4820	109	4692	4892	2484	1790	1898	564	546	2436	4125	3536	1345	2216	3059	2252	395	4566	2628	879	4975	1222	2764	3937	2814	4936	2504	3194	2464	4126	5012	3698	3777	2894	321	1665	3462	2693	2354	913	5045	3262	3230	4155	1856	4261	4001	415	4161	3072	2285	1371	1829	3821	1662
1224	2622	3921	1035	2581	3076	1499	2886	3354	3830	5051	4361	2497	497	850	3350	2826	1699	287	2695	599	1536	649	1106	1682	144	2852	1268	1405	4597	3131	4602	1788	4048	1270	4599	3714	2301	3812	2979	3826	2512	2366	3246	4685	2184	799	3340	1600	4784	904	1168	3604	1084	3476	3349	487	4292	981	2666	1953	2944	1583	1265	3619	4753	3655	315	860	4310	3627	3174	3727	4203	4930	4499	927	2548	3302	3138	1108	1733	2182	4242	4609	1329	3797	4210	1546	951	4962	4524	817	675	4918	100	1576	4039	934	2621	552
2037	1052	1235	1324	3847	555	4986	3880	770	3226	4361	5051	2431	3330	791	3984	931	4998	261	3387	1251	3687	2409	3804	3289	2185	5005	2902	1254	4412	3033	1146	3717	3047	1988	1834	4177	688	730	4490	4978	432	3722	1112	685	3248	100	2629	3791	333	5029	2819	4536	3464	4230	4874	1364	2362	4410	1040	2856	1655	4568	3715	4270	2817	2451	1776	1844	4776	1260	1567	3398	2173	352	504	1118	1949	509	268	469	820	1125	2483	5008	3761	4801	4614	643	2942	2582	3014	4436	2676	4132	4113	4269	4432	4454	761	4038
3790	110	4910	3862	795	3900	1677	2267	725	3151	2497	2431	5051	1370	2684	4553	2338	1066	3077	4873	1761	2096	1396	4721	227	526	2858	514	1401	3085	1938	2495	1766	3075	754	2737	3947	2932	2029	1563	1281	264	2009	3217	3108	4255	3125	3859	2178	1618	2273	549	4119	1963	2620	2659	408	4969	389	2358	1661	4887	2450	357	972	2154	3652	132	4691	2121	4562	1318	3286	4421	2083	3775	677	187	3197	1658	5003	2345	3376	3870	3029	100	652	4621	802	4612	3322	672	714	3953	2471	3078	3096	4833	2618	2587	2265
3031	4869	1071	2198	3659	4768	1864	3190	2407	1123	497	3330	1370	5051	2314	2229	2910	3199	4695	3274	2836	100	522	2372	3944	4256	2918	3520	1004	3124	2288	2488	4521	1629	3486	4927	5042	2687	213	5009	994	1774	3298	2956	450	2831	2444	1355	4467	1755	4674	4868	3244	4315	3006	1795	3399	3142	489	4352	4803	4734	1515	4262	1533	2238	1021	1961	4908	1663	3906	1627	1794	3759	2231	1036	964	2257	4326	2723	1232	895	3976	753	1973	671	2783	2147	4941	2797	4398	1509	1350	206	3720	3216	1320	4124	1968	679	659
4221	2625	2388	310	2937	1262	3170	769	2699	606	850	791	2684	2314	5051	3468	1400	1316	2681	1394	2760	2120	4984	4069	1770	1659	254	2369	4788	680	4799	1433	4095	2170	811	1048	4712	2476	4357	803	2073	2379	4866	832	3316	3966	2217	4653	4385	2870	3132	2570	2984	592	2557	2347	1615	1910	1641	3985	4092	3645	3932	3822	100	4899	4944	4187	3209	1046	383	4026	313	1685	2342	4013	3460	4482	2539	100	4047	2606	437	1391	128	4742	212	3370	3730	1263	1212	1393	2454	988	4876	171	120	2848	4942	3678	223
4246	2642	1779	1031	1187	116	2057	3654	4688	138	3350	3984	4553	2229	3468	5051	1431	3204	1054	731	4755	2691	740	4592	2522	1458	1979	5000	1273	2680	3112	3063	2496	303	4406	3013	706	1234	3644	4384	100	4680	363	4812	3943	1868	3685	4947	1314	3130	1156	1315	474	4920	2494	1679	176	1205	4041	496	2941	2207	1356	1756	1145	3360	3801	1870	5014	2804	854	908	2080	3643	1651	5007	2877	4299	4751	4728	100	5039	3154	4884	3956	3559	1312	4881	4459	4548	419	2041	2542	3341	2953	1410	347	2363	291	963	3789
129	3497	4335	3198	2753	1601	1722	3109	2269	331	2826	931	2338	2910	1400	1431	5051	4345	1956	4961	952	1412	717	2253	297	1967	2423	626	2223	4757	1669	326	1452	1199	520	1246	3052	1947	2310	665	3586	4576	1611	3403	1854	3444	4752	2992	580	4608	3871	1543	182	3829	3496	676	2913	1292	508	1088	2768	1413	100	516	1604	1424	3279	2235	3333	3306	3970	3430	399	2694	2302	433	1366	4573	1799	4983	235	1858	3474	3752	2261	4850	3361	3352	1338	1368	1686	2750	3725	398	3903	2168	3988	998	4885	2200	1256
3860	4005	3034	186	4312	1793	2000	1838	4934	3726	1699	4998	1066	3199	1316	3204	4345	5051	449	587	3058	4060	2674	281	4596	402	1507	1683	4471	4330	1883	1807	4158	3324	914	2306	4222	4890	2766	4620	3222	882	3114	3785	4189	1558	2521	3347	3067	3664	4034	3588	168	451	1115	1708	2452	4167	1474	3895	1307	4781	4735	984	2630	2767	1233	2619	2916	3122	2784	1207	2236	3529	1734	660	2939	996	695	100	1880	1266	531	4461	115	3545	2264	2882	374	405	443	4506	3651	3681	2769	2074	2989	2675	3712	4635	2395
4989	201	1703	1787	809	1818	1250	1330	3923	3615	287	261	3077	4695	2681	1054	1956	449	5051	589	3439	3475	1191	1030	4912	3886	2955	2324	3711	2179	2793	788	3987	3240	4411	260	2481	248	4277	361	4765	3177	1680	4627	3454	1553	2962	1574	475	1505	1154	4184	3025	1874	1217	5032	2433	600	2571	4474	1239	2683	1689	3407	937	667	4176	3102	4478	2532	3760	763	2202	1862	4329	1719	3113	2758	3974	1751	1948	2983	2576	236	4263	3191	3965	628	3896	4970	2472	3587	2555	719	100	4717	3055	2487	989	2118	5027
4105	2275	3473	320	247	3164	2458	918	1323	4613	2695	3387	4873	3274	1394	731	4961	587	589	5051	2227	1572	1068	602	4529	780	711	1158	1725	3284	3483	4172	3745	1957	551	1815	608	100	3277	440	3888	2059	1668	4494	3380	2800	3502	317	2887	565	2774	411	1074	3518	4532	4257	322	3523	917	4327	4323	3332	301	3816	4856	1570	2174	473	4016	2309	1059	726	878	2234	4353	957	3243	4376	1018	729	1721	698	985	4963	4852	942	2108	4503	1867	1478	2106	3504	3313	2319	4867	4390	4044	426	1134	953	1190
1552	845	644	4388	560	739	4380	4581	4341	1255	599	1251	1761	2836	2760	4755	952	3058	3439	2227	5051	225	2759	2778	3032	139	244	3480	2219	1415	1952	3408	2103	1157	2617	2248	3565	5025	2874	692	2054	543	2883	2500	4386	4648	2550	4462	1575	737	703	2394	354	3997	1640	4551	2356	4484	1518	4809	4379	1921	100	1569	598	3365	3268	1385	862	3485	1357	444	3027	1498	100	3458	2222	593	4696	3482	3479	100	3495	1597	2038	1906	2597	5022	2493	1540	4495	1287	1560	2795	2133	329	3136	3388	2023	4173	1389
654	4821	1326	4837	100	2640	3406	4993	100	940	1536	3687	2096	100	2120	2691	1412	4060	3475	1572	225	5051	3869	1772	1456	3431	4363	1513	1399	5050	1744	4271	4982	4664	4842	2906	1996	364	2997	1170	1464	2183	3379	2951	4650	995	718	100	2156	2531	353	2881	715	3433	3283	3813	342	4673	4523	849	3285	3913	2863	4059	1881	1453	100	3214	1628	2949	3292	2954	2994	2626	2387	2822	4748	4296	661	4175	1746	4469	181	4371	1777	3434	2867	2102	4828	2446	2036	172	4922	3012	3817	1362	3823	4272	4422	2322	2602
2973	1748	100	4590	1341	1372	2213	2315	2503	2327	649	2409	1396	522	4984	740	717	2674	1191	1068	2759	3869	5051	2474	3028	2205	4754	1219	4067	3696	305	5002	1376	3672	864	2109	2672	379	2157	1711	2509	2214	2638	4468	657	4956	422	3018	1209	1631	4657	2518	2499	1753	2053	4900	3271	378	3297	4302	4758	3073	1103	588	1738	3355	4164	4224	2218	1674	1966	4626	3946	4383	1186	1271	2244	3513	3212	1681	3508	1423	499	5046	2266	4414	1573	1346	4309	1455	4719	3908	3534	3391	2107	2535	757	909	3640	3876	148
2775	1934	4808	4157	3241	2505	4349	4149	3294	3524	1106	3804	4721	2372	4069	4592	2253	281	1030	602	2778	1772	2474	5051	772	997	1650	2068	4051	4152	1044	2364	641	4736	4018	662	1384	642	167	4988	950	2426	1151	100	1039	5023	1241	3499	2175	3091	2094	3572	3186	1878	1843	3097	3176	888	886	4485	4709	581	1447	3569	704	3833	390	2397	1430	1960	748	2735	2546	1291	3141	3453	3342	4750	1172	747	100	1941	4493	3393	3171	3669	982	122	100	2809	3547	5038	4050	100	3215	3983	4931	4531	3392	1013	3961
2416	3223	1297	4096	179	3628	4325	1114	4849	3135	1682	3289	227	3944	1770	2522	297	4596	4912	4529	3032	1456	3028	772	5051	2978	4201	3119	1303	1294	4665	1290	3155	4093	262	1589	4967	100	373	3004	1126	607	4675	2811	1656	4273	4267	1724	4166	3498	1729	1970	1607	1911	2064	2374	4610	2167	199	1516	2690	621	293	1041	1808	3175	3233	1096	4307	1972	4065	2996	949	1999	1243	2935	4143	4373	1820	193	4794	4294	3041	1482	1289	1451	3024	100	3276	1448	4727	2286	674	2648	3618	4404	2960	100	2891	2787	282
1128	2226	392	3369	3206	4015	4935	2639	2138	295	144	2185	526	4256	1659	1458	1967	402	3886	780	139	3431	2205	997	2978	5051	3417	100	2206	2437	1267	2323	4487	980	368	822	1852	3167	722	2435	3611	325	1822	1983	1805	3864	3845	1409	2933	100	2049	4639	4217	4544	3143	3249	4042	758	2729	3783	3477	3990	2662	1975	3334	2667	4117	3535	1945	151	210	4586	1861	3981	3701	5018	4091	1017	1174	4295	169	586	2740	3787	1442	2403	630	1835	4749	386	4871	681	2090	481	1885	4823	4063	4981	4243	638	1890
348	3795	1671	2163	1417	678	1165	208	2526	3735	2852	5005	2858	2918	254	1979	2423	1507	2955	711	244	4363	4754	1650	4201	3417	5051	4290	3158	829	2721	3315	2711	2427	2189	4180	4331	1842	1135	2030	3030	745	3273	123	2884	3008	1802	3688	1216	2421	4540	239	838	1188	4083	140	1757	1745	3613	2161	5033	3764	3904	1643	4423	4764	4318	100	2069	2439	2860	3351	1529	666	2720	2596	2533	2401	889	1180	976	3000	1987	2791	2603	4496	3020	2614	2599	127	523	3734	561	160	2554	3221	3925	4952	3242	3307	4186
1194	4761	156	4324	4382	2276	3933	141	2785	1138	1268	2902	514	3520	2369	5000	626	1683	2324	1158	3480	1513	1219	2068	3119	100	4290	5051	2627	2527	2553	2448	4088	1377	1119	798	4955	1591	2661	2336	3969	4642	2893	1624	2947	424	2386	211	3208	1735	775	4134	782	4575	4241	1403	4240	615	4530	1581	221	2986	1491	3512	430	3952	3412	2926	1875	3381	4516	4402	961	1229	2289	2398	3723	3948	4077	3853	1637	100	2773	2187	4249	263	258	2247	170	1605	4569	3750	3501	3471	4561	883	897	807	977	4666	1076
3568	779	4081	2981	1673	1811	2341	2584	1365	2432	1405	1254	1401	1004	4788	1273	2223	4471	3711	1725	2219	1399	4067	4051	1303	2206	3158	2627	5051	3272	3642	2254	100	4444	2925	4804	4811	2211	3716	4554	3106	4744	2541	428	1586	349	3236	584	3002	2586	3796	4204	4979	816	1155	3282	3400	3494	3007	3841	3967	4705	1696	4771	336	3026	4288	1831	2859	4006	2610	3782	2274	4859	955	3321	3926	4023	3938	3419	4847	4417	276	938	2612	4071	1780	197	2865	4206	3975	3973	3914	3621	1443	3815	2311	4729	2698	4813	3231
1200	4994	1927	2258	2456	1000	4913	1473	3898	733	4597	4412	3085	3124	680	2680	4757	4330	2179	3284	1415	5050	3696	4152	1294	2437	829	2527	3272	5051	1879	3930	266	307	4199	4237	1737	4045	2028	1863	1532	2717	4245	804	1363	2039	1005	421	1809	2449	4588	3647	1568	2741	505	1848	3395	4830	571	3414	2904	1486	351	3922	1504	1740	2158	3437	1500	400	1882	1325	2491	3553	924	1466	528	1847	3415	3993	3639	4451	2777	778	4760	1937	5035	3427	4498	2466	2075	1023	100	2307	4226	2278	2255	4658	2592	684	3487
1242	4693	2818	622	959	1520	2003	1195	3663	1929	3131	3033	1938	2288	4799	3112	1669	1883	2793	3483	1952	1744	305	1044	4665	1267	2721	2553	3642	1879	5051	3623	4394	2579	814	2447	4433	1608	4800	4344	4779	2008	3046	230	4637	3814	668	4896	650	1564	2479	839	3749	5001	819	1321	713	4334	3705	1969	243	4559	1069	987	1203	1767	2365	2169	2001	3104	2968	538	2060	3172	2709	458	470	150	781	4377	2262	376	2631	3905	4337	1003	100	3585	3089	2703	569	826	434	4364	1893	4148	4558	2065	1331	1014	4043
1571	1610	391	4780	519	1612	3861	975	2736	5048	4602	1146	2495	2488	1433	3063	326	1807	788	4172	3408	4271	5002	2364	1290	2323	3315	2448	2254	3930	3623	5051	3304	2482	915	1213	4131	1562	4583	2828	1841	3584	2929	1171	664	1705	2002	2373	2462	2813	1919	2391	1446	4786	1164	806	4282	226	2790	2013	100	3856	2104	1249	4232	4408	1620	3425	911	100	2350	3526	3563	2485	372	3345	2745	4636	3927	3897	4861	5040	2326	100	194	578	691	4064	570	4017	919	3239	4965	1845	1985	2149	1275	3260	2903	3443	3721
4381	2632	2663	3564	1537	4594	2005	3835	4633	566	1788	3717	1766	4521	4095	2496	1452	4158	3987	3745	2103	4982	1376	641	3155	4487	2711	4088	100	266	4394	3304	5051	2100	2756	429	4916	735	3445	3603	2744	2802	4722	2972	2908	1728	2936	1481	4393	3396	2063	5044	1132	1277	4266	1991	409	3901	902	480	2191	4313	958	410	2034	337	2348	4838	3100	4607	2004	3770	4571	3728	4154	4375	3159	3517	3146	906	4276	2135	694	100	2025	3857	2507	2375	2105	2889	4185	2111	3579	184	2656	979	3182	2898	384	4319	3402
597	3161	1636	2990	1609	3724	177	4939	393	2578	4048	3047	3075	1629	2170	303	1199	3324	3240	1957	1157	4664	3672	4736	4093	980	2427	1377	4444	307	2579	2482	2100	5051	4945	1939	2424	4022	2430	3037	647	5017	259	1773	4311	1715	4107	441	100	3105	1905	3278	284	1261	2320	4396	3510	2644	3747	1426	4209	1984	1280	4140	4783	4102	3598	1599	1519	1850	881	3849	3890	4491	2367	3353	4128	1801	1141	1965	3092	3422	1182	100	3986	222	553	2993	848	787	2428	4895	1918	3266	2440	3035	4365	636	720	1129	2654
2915	100	4843	4216	2957	4058	2523	1888	100	2669	1270	1988	754	3486	811	4406	520	914	4411	551	2617	4842	864	4018	262	368	2189	1119	2925	4199	814	915	2756	4945	5051	1908	1709	3629	3832	3377	1594	4101	4046	4430	3754	2607	796	925	2719	1354	3863	4434	2839	4508	1693	146	1169	4033	2419	4316	117	1813	3935	3773	4250	2706	1902	1414	1634	1545	1743	1179	1295	1009	2368	4076	3153	1539	1917	1343	100	1796	585	4767	2850	1931	5026	4703	2585	3858	461	2762	986	563	1302	2670	760	1950	992	3557	1161
3751	3873	3763	746	4483	1427	4151	3250	4539	3054	4599	1834	2737	4927	1048	3013	1246	2306	260	1815	2248	2906	2109	662	1589	822	4180	798	4804	4237	2447	1213	429	1939	1908	5051	2930	4466	2024	3466	1379	2912	1437	4825	345	4009	3371	4322	471	3951	1687	2580	1595	2572	100	3846	3945	4142	1189	3511	3264	4818	2849	4251	3258	4533	3238	2199	3428	1296	3665	3441	175	3374	100	4716	2641	2959	3532	3843	3489	4392	2707	2598	852	1619	840	3156	3719	2046	3915	4021	1899	3594	1425	2829	3120	1027	3638	4163	805
1750	4479	3676	513	2879	1494	4968	1512	3779	124	3714	4177	3947	5042	4712	706	3052	4222	2481	608	3565	1996	2672	1384	4967	1852	4331	4955	4811	1737	4433	4131	4916	2424	1709	2930	5051	1185	4437	3612	1502	113	1352	743	923	4964	2019	2950	4769	4356	870	4991	4518	4615	1073	4601	1584	3959	4737	1535	1092	4791	3684	4438	4332	700	2892	3941	3225	1211	3099	100	658	100	1359	2616	2414	669	4450	2805	2212	1465	3128	2538	3470	3650	4372	3079	198	2664	4844	1064	4279	3677	2544	2909	1428	1381	271	2098	2371
4555	4278	4443	4741	3851	4239	312	1821	468	439	2301	688	2932	2687	2476	1234	1947	4890	248	100	5025	364	379	642	100	3167	1842	1591	2211	4045	1608	1562	735	4022	3629	4466	1185	5051	2016	2798	4052	1484	2072	1652	530	3290	3237	4464	4057	3068	1253	1606	4897	4672	1461	2026	2824	134	4321	4879	1534	1183	790	1943	4902	100	4472	3968	1244	3788	2724	544	482	2594	4481	978	2380	3042	2513	3337	246	3911	3087	744	2837	960	3916	2186	3111	1101	3626	1990	3478	3582	4535	3883	1173	2794	835	1909	486
2943	2425	4289	4037	4526	1459	2880	4777	3195	4778	3812	730	2029	213	4357	3644	2310	2766	4277	3277	2874	2997	2157	167	373	722	1135	2661	3716	2028	4800	4583	3445	2430	3832	2024	4437	2016	5051	154	1327	4954	1951	3083	2934	1691	1782	673	793	1002	1120	868	4870	2765	1860	1419	2099	3093	174	3686	459	821	100	893	397	1497	710	133	1361	899	4756	2204	2806	3301	4517	3432	3048	4183	890	4308	102	377	2256	503	2608	2609	2866	687	4580	785	1148	3682	4999	3016	511	3509	1819	2393	1049	153	412
1493	1707	165	1089	2077	3578	4090	2823	3695	100	2979	4490	1563	5009	803	4384	665	4620	361	440	692	1170	1711	4988	3004	2435	2030	2336	4554	1863	4344	2828	3603	3037	3377	3466	3612	2798	154	5051	105	100	3950	4937	2715	4103	1175	1462	1140	3210	930	3183	512	203	4339	3181	1752	605	4300	2177	1980	1380	1559	844	1252	4802	4510	1467	4835	3729	4031	2827	545	3844	1081	3556	1764	3748	947	2788	3706	4429	3472	1480	4343	3367	100	2643	4733	1420	3086	1095	4207	3326	4442	4502	3810	2473	3902	3694	3753
2846	801	3807	2847	2525	1060	1551	2035	2901	3247	3826	4978	1281	994	2073	100	3586	3222	4765	3888	2054	1464	2509	950	1126	3611	3030	3969	3106	1532	4779	1841	2744	647	1594	1379	1502	4052	1327	105	5051	4547	3253	3962	4677	1436	1783	404	2647	1582	3080	118	5015	3924	3150	4603	100	1449	3824	161	874	1276	1395	4235	100	2145	4815	3506	926	4643	4980	4520	1698	2162	3447	4538	4996	3017	2940	2864	4123	3918	3325	2045	1986	250	946	4130	1896	3704	4668	2604	4297	3657	2655	1925	228	446	3885	4477	1201
1421	601	279	2928	4082	1647	183	789	1278	3200	2512	432	264	1774	2379	4680	4576	882	3177	2059	543	2183	2214	2426	607	325	745	4642	4744	2717	2008	3584	2802	5017	4101	2912	113	1484	4954	100	4547	5051	4465	2761	3781	3549	2017	3045	873	204	3996	4233	1926	2568	884	4948	1649	831	534	2382	3528	2044	2384	648	2411	100	944	1556	1028	3338	1177	3446	3980	1892	1308	3094	1713	4872	1335	4219	2569	4824	2141	502	4511	4846	265	275	846	3736	3116	1648	876	1075	2042	2477	185	1626	872	3450	4829
4378	3467	2749	2701	933	3540	2958	2565	3636	2355	2366	3722	2009	3298	4866	363	1611	3114	1680	1668	2883	3379	2638	1151	4675	1822	3273	2893	2541	4245	3046	2929	4722	259	4046	1437	1352	2072	1951	3950	3253	4465	5051	971	1257	1798	4628	3589	2975	3256	3590	1488	4805	4926	2540	2854	4354	270	2076	3608	100	527	1139	3539	2349	1872	4200	492	4860	2840	3544	2980	1964	4452	2381	1208	797	1067	2770	1166	1407	3806	1816	218	476	466	358	334	2590	1024	4156	993	2066	2084	3525	3251	155	755	2081	1082	966
4147	2110	2948	3015	818	3378	2344	3892	3917	3157	3246	1112	3217	2956	832	4812	3403	3785	4627	4494	2500	2951	4468	100	2811	1983	123	1624	428	804	230	1171	2972	1773	4430	4825	743	1652	3083	4937	3962	2761	971	5051	4115	2006	1469	1653	1333	2434	4178	4338	2726	3372	617	1301	1117	1416	3641	1824	965	1121	568	4987	3312	3637	4475	4957	1392	3800	4577	4275	1110	4883	4710	4274	3193	1402	5043	2501	1514	1374	2300	2835	4072	4424	2977	3617	2810	2305	1418	4563	4284	289	2333	478	1832	2815	2370	100	1163
3053	3234	3411	3088	3583	3362	2318	582	1475	2489	4685	685	3108	450	3316	3943	1854	4189	3454	3380	4386	4650	657	1039	1656	1805	2884	2947	1586	1363	4637	664	2908	4311	3754	345	923	530	2934	2715	4677	3781	1257	4115	5051	991	983	1692	4304	3744	2517	2224	1099	417	1247	3123	2343	2233	1375	2922	3039	2061	4435	1510	594	1544	2917	238	252	2020	4570	4403	2633	3566	1468	871	1444	4730	4798	1891	5030	4191	4420	100	5037	828	4061	3070	1730	2166	453	1047	3653	4004	558	2574	4135	1912	4104	2963	1704
4369	2071	3599	4020	494	866	4629	3149	2857	4720	2184	3248	4255	2831	3966	1868	3444	1558	1553	2800	4648	995	4956	5023	4273	3864	3008	424	349	2039	3814	1705	1728	1715	2607	4009	4964	3290	1691	4103	1436	3549	1798	2006	991	5051	2153	4940	1833	3554	4029	1390	912	2987	4855	2679	2895	100	2295	1283	4054	2445	1142	2272	3799	2139	257	1111	4138	4416	3978	2733	1823	1288	2665	2637	233	3382	1587	3780	1554	3879	309	1907	3884	2821	4449	3424	4679	4826	2776	903	4099	1523	2246	3538	1865	631	1825	2463	3842
2408	1621	576	1992	1924	3658	229	401	2671	4820	799	100	3125	2444	2217	3685	4752	2521	2962	3502	2550	718	422	1241	4267	3845	1802	2386	3236	1005	668	2002	2936	4107	796	3371	2019	3237	1782	1175	1783	2017	4628	1469	983	2153	5051	4174	3839	4595	2845	103	3605	4943	2194	3011	3693	1630	3792	2755	4007	100	477	2047	4616	2685	3746	1873	3867	3601	3743	2611	4460	100	1994	100	4281	4473	2516	1285	3690	3069	1541	3533	163	4283	1654	100	4762	3852	4144	2595	4062	3607	3308	2230	2615	3224	3205	4293	610
973	3805	948	1781	2998	2317	2087	3689	4374	109	3340	2629	3859	1355	4653	4947	2992	3347	1574	317	4462	100	3018	3499	1724	1409	3688	211	584	421	4896	2373	1481	441	925	4322	2950	4464	673	1462	404	3045	3589	1653	1692	4940	4174	5051	2027	4572	200	4208	4676	1053	2605	2899	2250	3571	1496	4527	4075	234	452	3348	1460	629	4179	2331	2321	4409	4500	702	381	4165	407	3211	241	856	2293	2400	4971	3836	135	1706	2970	2281	1220	766	195	3514	3363	624	4011	3385	2873	290	3323	272	1803	328	2330
2868	2014	1765	4933	5049	4116	4108	465	620	4692	1600	3791	2178	4467	4385	1314	580	3067	475	2887	1575	2156	1209	2175	4166	2933	1216	3208	3002	1809	650	2462	4393	100	2719	471	4769	4057	793	1140	2647	873	2975	1333	4304	1833	3839	2027	5051	572	4194	4773	1373	1763	4515	2577	1149	3357	3057	2613	2123	1603	2601	1020	4213	4864	885	762	3192	2792	3115	4546	4814	3218	2160	4772	1791	2298	1866	1616	1304	4694	842	1933	1102	3056	4146	3169	3998	4706	335	1814	1828	1549	1238	4822	3840	3265	4882	4362	4389
299	1695	100	3390	4600	1150	1839	267	815	4892	4784	333	1618	1755	2870	3130	4608	3664	1505	565	737	2531	1631	3091	3498	100	2421	1735	2586	2449	1564	2813	3396	3105	1354	3951	4356	3068	1002	3210	1582	204	3256	2434	3744	3554	4595	4572	572	5051	4073	158	2422	3963	2924	464	4347	752	3227	1508	3634	4218	3009	1001	4862	2112	4853	283	298	3118	3910	2325	2050	4958	4162	483	1472	3168	1542	2660	2738	4317	4819	3296	4836	732	3762	4775	1016	447	1887	3295	2243	2329	3542	2688	3820	535	2292	4906	300
3699	4137	1837	232	4713	2838	1667	100	4264	2484	904	5029	2273	4674	3132	1156	3871	4034	1154	2774	703	353	4657	2094	1729	2049	4540	775	3796	4588	2479	1919	2063	1905	3863	1687	870	1253	1120	930	3080	3996	3590	4178	2517	4029	2845	200	4194	4073	5051	2312	1429	5024	2225	3541	4509	2816	3082	330	3912	529	3631	491	2536	3971	3394	1137	1176	4350	3288	4598	3081	1522	3299	2376	1962	1077	1204	4287	3757	2122	304	438	3410	3459	2705	3074	3819	4153	4587	100	425	4579	220	2888	4401	249	2268	4759	100
3021	2245	3872	742	4731	1127	517	2907	1347	1790	1168	2819	549	4868	2570	1315	1543	3588	4184	411	2394	2881	2518	3572	1970	4639	239	4134	4204	3647	839	2391	5044	3278	4434	2580	4991	1606	868	3183	118	4233	1488	4338	2224	1390	103	4208	4773	158	2312	5051	786	3848	1397	1160	2228	4285	3165	2931	100	4333	3595	2048	3220	2209	1759	285	1625	515	4118	4687	4880	3899	510	4690	2328	4040	3769	4236	1602	2796	2734	3255	3732	1432	2021	4234	2129	3707	3110	2528	2294	2722	4552	4950	3635	2976	858	4578	3630
1901	4787	1159	4714	1903	4732	1827	2203	2405	1898	3604	4536	4119	3244	2984	474	182	168	3025	1074	354	715	2499	3186	1607	4217	838	782	4979	1568	3749	1446	1132	284	2839	1595	4518	4897	4870	512	5015	1926	4805	2726	1099	912	3605	4676	1373	2422	1429	786	5051	4656	245	1269	3660	2192	2377	3562	639	1978	4792	2566	2406	219	4738	370	1293	2270	1457	3648	1727	1019	100	2966	100	255	2420	1635	2492	369	192	2782	462	375	311	1959	1894	100	3889	2999	663	3339	3758	4663	1524	4223	4160	1492	556
380	635	3245	1181	4903	4907	808	709	3207	564	1084	3464	1963	4315	592	4920	3829	451	1874	3518	3997	3433	1753	1878	1911	4544	1188	4575	816	2741	5001	4786	1277	1261	4508	2572	4615	4672	2765	203	3924	2568	4926	3372	417	2987	4943	1053	1763	3963	5024	3848	4656	5051	3484	403	774	4094	1697	875	2181	655	3739	4686	3404	777	4314	824	734	100	604	3327	455	1408	4188	1388	776	1521	637	1869	1578	4359	100	3133	1122	1638	3373	3733	339	457	567	4649	4457	4904	3019	4254	100	2335	2208	507	894
2478	2861	2727	4700	2645	4145	623	768	4231	546	3476	4230	2620	3006	2557	2494	3496	1115	1217	4532	1640	3283	2053	1843	2064	3143	4083	4241	1155	505	819	1164	4266	2320	1693	100	1073	1461	1860	4339	3150	884	2540	617	1247	4855	2194	2605	4515	2924	2225	1397	245	3484	5051	4358	4929	4336	137	1995	189	1387	3825	898	941	3593	2786	4078	2079	1701	1646	1033	3507	4634	143	3784	126	4097	837	4447	1058	3632	2353	2126	3519	318	3098	3649	3673	3550	3121	4202	280	2920	1258	1248	4718	2119	3383	1006	3531
2502	4192	1422	131	152	3646	2413	3570	1916	2436	3349	4874	2659	1795	2347	1679	676	1708	5032	4257	4551	3813	4900	3097	2374	3249	140	1403	3282	1848	1321	806	1991	4396	146	3846	4601	2026	1419	3181	4603	4948	2854	1301	3123	2679	3011	2899	2577	464	3541	1160	1269	403	4358	5051	3189	1470	1503	4593	1116	3919	2460	1590	4911	1920	2562	1061	2142	3305	1666	1723	1215	4522	827	3003	640	4198	251	413	4707	2399	855	4739	4265	2140	1070	1857	3543	2812	2567	1045	2067	1940	3188	562	100	683	1720	4087	2283
603	3577	2237	2982	670	3418	2125	4990	4542	4125	487	1364	408	3399	1615	176	2913	2452	2433	322	2356	342	3271	3176	4610	4042	1757	4240	3400	3395	713	4282	409	3510	1169	3945	1584	2824	2099	1752	100	1649	4354	1117	2343	2895	3693	2250	1149	4347	4509	2228	3660	774	4929	3189	5051	4827	3101	1577	3384	1167	4662	575	3818	2291	112	3300	1487	296	1657	3022	1561	2702	1889	3310	4841	3891	2853	2442	4259	385	1299	1085	2718	3346	4619	1322	4225	3084	1769	3320	2974	3516	2789	1672	4565	4640	3187	3522	2991
1218	100	2946	4340	4106	3359	2475	4008	4949	3536	4292	2362	4969	3142	1910	1205	1292	4167	600	3523	4484	4673	378	888	2167	758	1745	615	3494	4830	4334	226	3901	2644	4033	4142	3959	134	3093	605	1449	831	270	1416	2233	100	1630	3571	3357	752	2816	4285	2192	4094	4336	1470	4827	5051	100	4848	3196	3254	887	4898	3293	3803	579	3490	2851	100	4834	3567	4387	3095	4448	4877	1900	2752	100	1971	1369	3575	2911	693	224	2339	3558	3865	4797	990	4413	1445	306	5036	810	2747	1754	323	4651	2844	2241
3667	2143	2297	3469	1976	1038	1097	2919	3328	1345	981	4410	389	489	1641	4041	508	1474	2571	917	1518	4523	3297	886	199	2729	3613	4530	3007	571	3705	2790	902	3747	2419	1189	4737	4321	174	4300	3824	534	2076	3641	1375	2295	3792	1496	3057	3227	3082	3165	2377	1697	137	1503	3101	100	5051	4796	2361	2751	2438	5016	2862	2337	190	4305	3448	4342	970	4697	2652	4193	1237	3989	4960	216	2197	4195	3317	656	3527	454	100	2952	1143	1792	4919	3166	4605	1198	100	2696	2763	521	1214	3979	3992	716	2624
4030	4959	4053	2467	2260	4684	2498	1555	4851	2216	2666	1040	2358	4352	3985	496	1088	3895	4474	4327	4809	849	4302	4485	1516	3783	2161	1581	3841	3414	1969	2013	480	1426	4316	3511	1535	4879	3686	2177	161	2382	3608	1824	2922	1283	2755	4527	2613	1508	330	2931	3562	875	1995	4593	1577	4848	4796	5051	4252	1557	188	2591	1871	467	956	4253	3893	2007	4455	4832	3964	1441	2524	540	627	1592	853	4589	3868	3235	2443	3449	5047	2634	577	2754	4654	1914	484	4504	431	2086	2232	3303	4683	442	100	1080	756
4320	4027	1476	3043	1935	2396	100	3600	4865	3059	1953	2856	1661	4803	4092	2941	2768	1307	1239	4323	4379	3285	4758	4709	2690	3477	5033	221	3967	2904	243	100	2191	4209	117	3264	1092	1534	459	1980	874	3528	100	965	3039	4054	4007	4075	2123	3634	3912	100	639	2181	189	1116	3384	3196	2361	4252	5051	4923	2410	1202	4806	3103	532	4458	4992	2686	367	3481	4190	4228	2082	3440	4068	2971	3574	4121	3776	3435	525	2825	3492	4723	2748	3691	2871	3894	741	125	583	896	1530	5021	162	1136	3755	4652	2195
614	159	3038	4550	4397	488	3229	2732	1982	2252	2944	1655	4887	4734	3645	2207	1413	4781	2683	3332	1921	3913	3073	581	621	3990	3764	2986	4705	1486	4559	3856	4313	1984	1813	4818	4791	1183	821	1380	1276	2044	527	1121	2061	2445	100	234	1603	4218	529	4333	1978	655	1387	3919	1167	3254	2751	1557	4923	5051	547	4845	2180	4301	1328	3129	2563	2771	3697	1598	2146	2033	4817	4229	3742	1310	3049	4746	2511	1700	288	696	1826	2905	2453	217	1817	1768	1439	2296	4446	3184	4667	3270	1928	1351	3882	574	1124
3405	1450	1694	1676	813	2515	1454	1585	101	395	1583	4568	2450	1515	3932	1356	100	4735	1689	301	100	2863	1103	1447	293	2662	3904	1491	1696	351	1069	2104	958	1280	3935	2849	3684	790	100	1559	1395	2384	1139	568	4435	1142	477	452	2601	3009	3631	3595	4792	3739	3825	2460	4662	887	2438	188	2410	547	5051	100	3358	2558	1490	4303	4169	1812	3995	2279	682	3771	905	2176	2097	1771	3955	4440	2210	3416	2461	3066	366	1026	4286	2808	1063	613	935	4839	1221	2051	3178	207	1675	1789	2730	1660	2746
2506	1622	697	2402	4774	4625	1946	4507	3939	4566	1265	3715	357	4262	3822	1756	516	984	3407	3816	1569	4059	588	3569	1041	1975	1643	3512	4771	3922	987	1249	410	4140	3773	4251	4438	1943	893	844	4235	648	3539	4987	1510	2272	2047	3348	1020	1001	491	2048	2566	4686	898	1590	575	4898	5016	2591	1202	4845	100	5051	4545	2519	3420	2673	414	4671	1477	4512	1853	2914	3366	4025	1152	1336	2657	1614	4632	2900	4858	3503	1313	3798	2148	3386	4351	1230	2510	2334	3874	173	4418	4497	4028	2127	362	3148	4306
4928	4141	445	751	4591	1877	2508	1065	4624	2628	3619	4270	972	1533	100	1145	1604	2630	937	4856	598	1881	1738	704	1808	3334	4423	430	336	1504	1203	4232	2034	4783	4250	3258	4332	4902	397	1252	100	2411	2349	3312	594	3799	4616	1460	4213	4862	2536	3220	2406	3404	941	4911	3818	3293	2862	1871	4806	2180	3358	4545	5051	2134	2564	240	100	4556	4766	1051	3145	892	3767	1094	2843	3811	2713	3573	4070	4100	4630	3703	4782	121	4367	539	294	5006	3610	3827	2418	830	690	4328	812	3401	616	427	910
1010	2490	3389	4463	365	4298	1739	3144	463	879	4753	2817	2154	2238	4899	3360	1424	2767	667	1570	3365	1453	3355	3833	3175	2667	4764	3952	3026	1740	1767	4408	337	4102	2706	4533	700	100	1497	4802	2145	100	1872	3637	1544	2139	2685	629	4864	2112	3971	2209	219	777	3593	1920	2291	3803	2337	467	3103	4301	2558	2519	2134	5051	3936	2700	1245	4582	3429	4974	3772	4014	3828	4439	3909	3928	498	3809	4514	1360	2164	4074	3280	3491	1300	1936	863	4875	1007	202	1319	618	595	4888	3263	4932	324	4368	4893
4066	2649	1617	1495	1240	3591	4003	104	1286	4975	3655	2451	3652	1021	4944	3801	3279	1233	4176	2174	3268	100	4164	390	3233	4117	4318	3412	4288	2158	2365	1620	2348	3598	1902	3238	2892	4472	710	4510	4815	944	4200	4475	2917	257	3746	4179	885	4853	3394	1759	4738	4314	2786	2562	112	579	190	956	532	1328	1490	3420	2564	3936	5051	4426	356	2890	836	3668	350	3139	1588	4708	2172	114	4035	2739	2921	4726	3957	2573	5031	5041	100	2055	2052	3090	2392	472	319	178	1104	634	2668	1105	1340	1758	4114
4790	2417	1440	4816	3001	1113	3180	1274	4399	1222	315	1776	132	1961	4187	1870	2235	2619	3102	473	1385	3214	4224	2397	1096	3535	100	2926	1831	3437	2169	3425	4838	1599	1414	2199	3941	3968	133	1467	3506	1556	492	4957	238	1111	1873	2331	762	283	1137	285	370	824	4078	1061	3300	3490	4305	4253	4458	3129	4303	2673	240	2700	4426	5051	1055	100	2130	164	3737	969	2299	2088	2277	1305	4549	2351	1144	2113	2091	3530	901	3515	3152	2340	3147	2543	1731	1644	1098	3633	2651	242	2869	1702	2221	2093	2012
1192	2967	3050	3713	2537	3866	922	490	4574	2764	860	1844	4691	4908	3209	5014	3333	2916	4478	4016	862	1628	2218	1430	4307	1945	2069	1875	2859	1500	2001	911	3100	1519	1634	3428	3225	1244	1361	4835	926	1028	4860	1392	252	4138	3867	2321	3192	298	1176	1625	1293	734	2079	2142	1487	2851	3448	3893	4992	2563	4169	414	100	1245	356	1055	5051	108	773	2018	3163	2240	4886	3609	1337	4036	3958	859	3954	2304	3977	4260	3548	4480	2529	2159	851	1050	191	557	4711	4181	2964	4660	1434	2559	3670	2600	2415
4740	1162	4617	4258	2092	3592	1806	1264	2938	3937	4310	4776	2121	1663	1046	2804	3306	3122	2532	2309	3485	2949	1674	1960	1972	151	2439	3381	4006	400	3104	100	4607	1850	1545	1296	1211	3788	899	3729	4643	3338	2840	3800	2020	4416	3601	4409	2792	3118	4350	515	2270	100	1701	3305	296	100	4342	2007	2686	2771	1812	4671	4556	4582	2890	100	108	5051	3794	501	1849	2150	1501	3413	943	3949	4537	2155	231	3062	4291	4476	111	1775	3314	559	916	932	1485	2465	4682	4878	3456	346	1923	4055	2965	771	2927
2589	253	1309	2650	5004	1922	4268	3662	2043	2814	3627	1260	4562	3906	383	854	3970	2784	3760	1059	1357	3292	1966	748	4065	210	2860	4516	2610	1882	2968	2350	2004	881	1743	3665	3099	2724	4756	4031	4980	1177	3544	4577	4570	3978	3743	4500	3115	3910	3288	4118	1457	604	1646	1666	1657	4834	970	4455	367	3697	3995	1477	4766	3429	836	2130	773	3794	5051	1406	4618	2303	1196	1284	2830	3291	701	2772	3741	3134	3731	2520	4197	3837	712	1282	3855	3614	130	2832	536	750	2360	3560	4211	302	2897	100	3060
4215	2085	4909	2242	214	1506	1404	4488	4840	4936	3174	1567	1318	1627	4026	908	3430	1207	763	726	444	2954	4626	2735	2996	4586	3351	4402	3782	1325	538	3526	3770	3849	1179	3441	100	544	2204	2827	4520	3446	2980	4275	4403	2733	2611	702	4546	2325	4598	4687	3648	3327	1033	1723	3022	3567	4697	4832	3481	1598	2279	4512	1051	4974	3668	164	2018	501	1406	5051	3850	2923	4604	3202	1547	3999	1109	1517	4084	256	1855	2468	2469	518	759	4089	4854	3546	1639	4681	4391	4080	3051	4505	3596	2961	4793	4205	314
3036	3465	869	4564	1804	3942	382	3920	338	2504	3727	3398	3286	1794	313	2080	399	2236	2202	878	3027	2994	3946	2546	949	1861	1529	961	2274	2491	2060	3563	4571	3890	1295	175	658	482	2806	545	1698	3980	1964	1110	2633	1823	4460	381	4814	2050	3081	4880	1727	455	3507	1215	1561	4387	2652	3964	4190	2146	682	1853	3145	3772	350	3737	3163	1849	4618	3850	5051	2757	4917	3877	4699	3929	2251	5011	794	2636	3786	1029	3461	1025	100	3160	3875	2128	100	1944	1974	4905	4644	4405	1223	1043	4659	209	1344
1836	142	825	274	3774	554	2547	2780	1435	3194	4203	2173	4421	3759	1685	3643	2694	3529	1862	2234	1498	2626	4383	1291	1999	3981	666	1229	4859	3553	3172	2485	3728	4491	1009	3374	100	2594	3301	3844	2162	1892	4452	4883	3566	1288	100	4165	3218	4958	1522	3899	1019	1408	4634	4522	2702	3095	4193	1441	4228	2033	3771	2914	892	4014	3139	969	2240	2150	2303	2923	2757	5051	1184	4972	1272	4244	4346	4807	4611	3455	2807	1714	2132	2101	3878	1760	3552	1197	1897	1566	2549	2056	1800	3438	3269	1012	542	2188	456
100	1332	3708	2389	2089	4951	4985	3991	2480	2464	4930	352	2083	2231	2342	1651	2302	1734	4329	4353	100	2387	1186	3141	1243	3701	2720	2289	955	924	2709	372	4154	2367	2368	100	1359	4481	4517	1081	3447	1308	2381	4710	1468	2665	1994	407	2160	4162	3299	510	100	4188	143	827	1889	4448	1237	2524	2082	4817	905	3366	3767	3828	1588	2299	4886	1501	1196	4604	4917	1184	5051	5034	344	4024	928	1042	1579	4519	4248	3692	609	2313	406	316	611	1736	1997	2945	3336	2429	967	1228	3421	865	4789	1479	180
2457	5028	3107	954	1915	1086	2556	1716	533	4126	4499	504	3775	1036	4013	5007	433	660	1719	957	3458	2822	1271	3453	2935	5018	2596	2398	3321	1466	458	3345	4375	3353	4076	4716	2616	978	3432	3556	4538	3094	1208	4274	871	2637	100	3211	4772	483	2376	4690	2966	1388	3784	3003	3310	4877	3989	540	3440	4229	2176	4025	1094	4439	4708	2088	3609	3413	1284	3202	3877	4972	5034	5051	1107	2534	3982	541	4085	3808	653	2383	2259	4623	4661	1678	435	2459	3778	2078	3451	1131	857	1383	1876	4214	1998	3368	573
4366	1717	4645	2165	1550	2995	1904	205	625	5012	927	1118	677	964	3460	2877	1366	2939	3113	3243	2222	4748	2244	3342	4143	4091	2533	3723	3926	528	470	2745	3159	4128	3153	2641	2414	2380	3048	1764	4996	1713	797	3193	1444	233	4281	241	1791	1472	1962	2328	100	776	126	640	4841	1900	4960	627	4068	3742	2097	1152	2843	3909	2172	2277	1337	943	2830	1547	4699	1272	344	1107	5051	3375	2190	3661	4770	1645	4111	2022	3838	4646	5010	1810	2731	723	3931	2137	4647	3071	4995	4032	929	506	2193	1851	3666
4924	2575	2441	2040	4567	3023	4425	292	2658	3698	2548	1949	187	2257	4482	4299	4573	996	2758	4376	593	4296	3513	4750	4373	1017	2401	3948	4023	1847	150	4636	3517	1801	1539	2959	669	3042	4183	3748	3017	4872	1067	1402	4730	3382	4473	856	2298	3168	1077	4040	255	1521	4097	4198	3891	2752	216	1592	2971	1310	1771	1336	3811	3928	114	1305	4036	3949	3291	3999	3929	4244	4024	2534	3375	5051	4560	4763	2678	1632	3356	3267	646	273	1398	1079	423	3061	3551	1710	100	1531	1489	3680	1712	1411	3257	4168	3179
4891	4534	1747	2271	3834	1317	1342	2646	792	3777	3302	509	3197	4326	2539	4751	1799	695	3974	1018	4696	661	3212	1172	1820	1174	889	4077	3938	3415	781	3927	3146	1141	1917	3532	4450	2513	890	947	2940	1335	2770	5043	4798	1587	2516	2293	1866	1542	1204	3769	2420	637	837	251	2853	100	2197	853	3574	3049	3955	2657	2713	498	4035	4549	3958	4537	701	1109	2251	4346	928	3982	2190	4560	5051	3426	645	3756	3907	1226	3287	3597	2878	3344	2742	4953	2058	4901	4196	1339	3397	2855	3683	4976	3581	2689	2220
269	2712	4745	388	4000	343	705	3674	3185	2894	3138	268	1658	2723	100	4728	4983	100	1751	729	3482	4175	1681	747	193	4295	1180	3853	3419	3993	4377	3897	906	1965	1343	3843	2805	3337	4308	2788	2864	4219	1166	2501	1891	3780	1285	2400	1616	2660	4287	4236	1635	1869	4447	413	2442	1971	4195	4589	4121	4746	4440	1614	3573	3809	2739	2351	859	2155	2772	1517	5011	4807	1042	541	3661	4763	3426	5051	3343	3940	3331	1382	2280	286	1306	1022	4407	4704	2357	5013	736	166	4584	1225	3700	4139	4470	4689	416
394	936	3521	1786	2708	4655	4701	106	3162	321	1108	469	5003	1232	4047	100	235	1880	1948	1721	3479	1746	3508	100	4794	169	976	1637	4847	3639	2262	4861	4276	3092	100	3489	2212	246	102	3706	4123	2569	1407	1514	5030	1554	3690	4971	1304	2738	3757	1602	2492	1578	1058	4707	4259	1369	3317	3868	3776	2511	2210	4632	4070	4514	2921	1144	3954	231	3741	4084	794	4611	1579	4085	4770	2678	645	3343	5051	360	4492	1840	147	3452	3275	3335	962	3488	3044	1684	119	1367	1913	1884	2151	4606	4702	4725	3117
3881	4525	500	418	1298	4641	4921	2282	590	1665	1733	820	2345	895	2606	5039	1858	1266	2983	698	100	4469	1423	1941	4294	586	3000	100	4417	4451	376	5040	2135	3422	1796	4392	1465	3911	377	4429	3918	4824	3806	1374	4191	3879	3069	3836	4694	4317	2122	2796	369	4359	3632	2399	385	3575	656	3235	3435	1700	3416	2900	4100	1360	4726	2113	2304	3062	3134	256	2636	3455	4519	3808	1645	1632	3756	3940	360	5051	1930	3972	2378	1193	2249	1206	689	359	3173	4489	4133	1153	371	2287	4227	2352	550	1353	4915
107	2124	2263	2560	2593	632	974	341	1958	3462	2182	1125	3376	3976	437	3154	3474	531	2576	985	3495	181	499	4493	3041	2740	1987	2773	276	2777	2631	2326	694	1182	585	2707	3128	3087	2256	3472	3325	2141	1816	2300	4420	309	1541	135	842	4819	304	2734	192	100	2353	855	1299	2911	3527	2443	525	288	2461	4858	4630	2164	3957	2091	3977	4291	3731	1855	3786	2807	4248	653	4111	3356	3907	3331	4492	1930	5051	3232	4120	4724	3740	939	4360	2552	4002	4678	880	2385	1015	1785	2359	3718	727	843	2551
2834	2514	921	4456	5020	524	3766	100	2171	2693	4242	2483	3870	753	1391	4884	3752	4461	236	4963	1597	4371	5046	3393	1482	3787	2791	2187	938	778	3905	100	100	100	4767	2598	2538	744	503	1480	2045	502	218	2835	100	1907	3533	1706	1933	3296	438	3255	2782	3133	2126	4739	1085	693	454	3449	2825	696	3066	3503	3703	4074	2573	3530	4260	4476	2520	2468	1029	1714	3692	2383	2022	3267	1226	1382	1840	3972	3232	5051	2781	1954	4019	4415	2308	699	1087	1527	4182	1886	2725	1762	2692	4747	237	3493	4238
968	2728	4785	1690	4247	1726	1526	4894	1528	2354	4609	5008	3029	1973	128	3956	2261	115	4263	4852	2038	1777	2266	3171	1289	1442	2603	4249	2612	4760	4337	194	2025	3986	2850	852	3470	2837	2608	4343	1986	4511	476	4072	5037	3884	163	2970	1102	4836	3410	3732	462	1122	3519	4265	2718	224	100	5047	3492	1826	366	1313	4782	3280	5031	901	3548	111	4197	2469	3461	2132	609	2259	3838	646	3287	2280	147	2378	4120	2781	5051	4513	833	3463	861	823	2545	3409	3606	591	3854	420	4355	3040	3831	1846	3793
100	2969	277	2583	3064	920	4863	3005	1034	913	1329	3761	100	671	4742	3559	4850	3545	3191	942	1906	3434	4414	3669	1451	2403	4496	263	4071	1937	1003	578	3857	222	1931	1619	3650	960	2609	3367	250	4846	466	4424	828	2821	4283	2281	3056	732	3459	1432	375	1638	318	2140	3346	2339	2952	2634	4723	2905	1026	3798	121	3491	5041	3515	4480	1775	3837	518	1025	2101	2313	4623	4646	273	3597	286	3452	1193	4724	1954	4513	5051	3994	867	1525	3318	3802	2623	2875	4638	1100	3203	3219	900	4925	2743	3656
3576	4220	3768	2682	2196	1642	3228	1633	1859	5045	3797	4801	652	2783	212	1312	3361	2264	3965	2108	2597	2867	1573	982	3024	630	3020	258	1780	5035	100	691	2507	553	5026	840	4372	3916	2866	100	946	265	358	2977	4061	4449	1654	1220	4146	3762	2705	2021	311	3373	3098	1070	4619	3558	1143	577	2748	2453	4286	2148	4367	1300	100	3152	2529	3314	712	759	100	3878	406	4661	5010	1398	2878	1306	3275	2249	3740	4019	833	3994	5051	3127	3702	4129	1580	2710	196	5019	4370	2144	355	2032	4010	3309	945
2820	1670	4122	3624	2095	1463	3261	1133	1741	3262	4210	4614	4621	2147	3370	4881	3352	2882	628	4503	5022	2102	1346	122	100	1835	2614	2247	197	3427	3585	4064	2375	2993	4703	3156	3079	2186	687	2643	4130	275	334	3617	3070	3424	100	766	3169	4775	3074	4234	1959	3733	3649	1857	1322	3865	1792	2754	3691	217	2808	3386	539	1936	2055	2340	2159	559	1282	4089	3160	1760	316	1678	1810	1079	3344	1022	3335	1206	939	4415	3463	867	3127	5051	2716	2988	784	3622	2896	4280	841	4631	738	3765	1483	1386	2985
2031	2635	4212	1784	340	2530	834	4997	1062	3230	1546	643	802	4941	3730	4459	1338	374	3896	1867	2493	4828	4309	100	3276	4749	2599	170	2865	4498	3089	570	2105	848	2585	3719	198	3111	4580	4733	1896	846	2590	2810	1730	4679	4762	195	3998	1016	3819	2129	1894	339	3673	3543	4225	4797	4919	4654	2871	1817	1063	4351	294	863	2052	3147	851	916	3855	4854	3875	3552	611	435	2731	423	2742	4407	962	689	4360	2308	861	1525	3702	2716	5051	1993	999	2015	1548	396	3934	387	2215	3442	3738	460	1227
4743	3602	728	4150	3319	2653	3675	4419	3561	4155	951	2942	4612	2797	1263	4548	1368	405	4970	1478	1540	2446	1455	2809	1448	386	127	1605	4206	2466	2703	4017	2889	787	3858	2046	2664	1101	785	1420	3704	3736	1024	2305	2166	4826	3852	3514	4706	447	4153	3707	100	457	3550	2812	3084	990	3166	1914	3894	1768	613	1230	5006	4875	3090	2543	1050	932	3614	3546	2128	1197	1736	2459	723	3061	4953	4704	3488	359	2552	699	823	3318	4129	2988	1993	5051	1057	3423	1596	1090	100	1083	149	1749	4622	136	2803
724	4966	2290	2011	2332	4127	2390	1942	4428	1856	4962	2582	3322	4398	1212	419	1686	443	2472	2106	4495	2036	4719	3547	4727	4871	523	4569	3975	2075	569	919	4185	2428	461	3915	4844	3626	1148	3086	4668	3116	4156	1418	453	2776	4144	3363	335	1887	4587	3110	3889	567	3121	2567	1769	4413	4605	484	741	1439	935	2510	3610	1007	2392	1731	191	1485	130	1639	100	1897	1997	3778	3931	3551	2058	2357	3044	3173	4002	1087	2545	3802	1580	784	999	1057	5051	2486	1977	3213	4557	1078	633	3457	1989	485	1981
1797	1742	4831	783	2062	1830	4348	4669	2872	4261	4524	3014	672	1509	1393	2041	2750	4506	3587	3504	1287	172	3908	5038	2286	681	3734	3750	3973	1023	826	3239	2111	4895	2762	4021	1064	1990	3682	1095	2604	1648	993	4563	1047	903	2595	624	1814	3295	100	2528	2999	4649	4202	1045	3320	1445	1198	4504	125	2296	4839	2334	3827	202	472	1644	557	2465	2832	4681	1944	1566	2945	2078	2137	1710	4901	5013	1684	4489	4678	1527	3409	2623	2710	3622	2015	3423	2486	5051	4977	4049	548	3140	1011	4938	100	3281	877
651	4112	308	2116	686	2114	721	3126	3311	4001	817	4436	714	1350	2454	2542	3725	3651	2555	3313	1560	4922	3534	4050	674	2090	561	3501	3914	100	434	4965	3579	1918	986	1899	4279	3478	4999	4207	4297	876	2066	4284	3653	4099	4062	4011	1828	2243	425	2294	663	4457	280	2067	2974	306	100	431	583	4446	1221	3874	2418	1319	319	1098	4711	4682	536	4391	1974	2549	3336	3451	4647	100	4196	736	119	4133	880	4182	3606	2875	196	2896	1548	1596	1977	4977	5051	3137	4079	157	4427	4670	4501	1593	3010
1091	2876	1072	100	436	4056	4431	4543	4400	415	675	2676	3953	206	988	3341	398	3681	719	2319	2795	3012	3391	100	2648	481	160	3471	3621	2307	4364	1845	184	3266	563	3594	3677	3582	3016	3326	3657	1075	2084	289	4004	1523	3607	3385	1549	2329	4579	2722	3339	4904	2920	1940	3516	5036	2696	2086	896	3184	2051	173	830	618	178	3633	4181	4878	750	4080	4905	2056	2429	1131	3071	1531	1339	166	1367	1153	2385	1886	591	4638	5019	4280	396	1090	3213	4049	3137	5051	619	612	1279	4445	2704	2588	332
1348	596	1349	2677	891	2833	4914	1511	1778	4161	4918	4132	2471	3720	4876	2953	3903	2769	100	4867	2133	3817	2107	3215	3618	1885	2554	4561	1443	4226	1893	1985	2656	2440	1302	1425	2544	4535	511	4442	2655	2042	3525	2333	558	2246	3308	2873	1238	3542	220	4552	3758	3019	1258	3188	2789	810	2763	2232	1530	4667	3178	4418	690	595	1104	2651	2964	3456	2360	3051	4644	1800	967	857	4995	1489	3397	4584	1913	371	1015	2725	3854	1100	4370	841	3934	100	4557	548	4079	619	5051	707	2070	1623	2799	1236	327
1358	4857	2801	495	4453	1008	1932	1210	1732	3072	100	4113	3078	3216	171	1410	2168	2074	4717	4390	329	1362	2535	3983	4404	4823	3221	883	3815	2278	4148	2149	979	3035	2670	2829	2909	3883	3509	4502	1925	2477	3251	478	2574	3538	2230	290	4822	2688	2888	4950	4663	4254	1248	562	1672	2747	521	3303	5021	3270	207	4497	4328	4888	634	242	4660	346	3560	4505	4405	3438	1228	1383	4032	3680	2855	1225	1884	2287	1785	1762	420	3203	2144	4631	387	1083	1078	3140	157	612	707	5051	100	2455	1231	1538	2842
3679	2239	4109	3065	1093	4171	3580	3671	4889	2285	1576	4269	3096	1320	120	347	3988	2989	3055	4044	3136	3823	757	4931	2960	4063	3925	897	2311	2255	4558	1275	3182	4365	760	3120	1428	1173	1819	3810	228	185	155	1832	4135	1865	2615	3323	3840	3820	4401	3635	1524	100	4718	100	4565	1754	1214	4683	162	1928	1675	4028	812	3263	2668	2869	1434	1923	4211	3596	1223	3269	3421	1876	929	1712	3683	3700	2151	4227	2359	2692	4355	3219	355	738	2215	149	633	1011	4427	1279	2070	100	5051	3436	1565	1688	2152
2131	2470	800	1895	4715	2346	2284	537	3620	1371	4039	4432	4833	4124	2848	2363	998	2675	2487	426	3388	4272	909	4531	100	4981	4952	807	4729	4658	2065	3260	2898	636	1950	1027	1381	2794	2393	2473	446	1626	755	2815	1912	631	3224	272	3265	535	249	2976	4223	2335	2119	683	4640	323	3979	442	1136	1351	1789	2127	3401	4932	1105	1702	2559	4055	302	2961	1043	1012	865	4214	506	1411	4976	4139	4606	2352	3718	4747	3040	900	2032	3765	3442	1749	3457	4938	4670	4445	1623	2455	3436	5051	2697	1259	1718
1664	2404	4012	4810	2412	479	3329	749	145	1829	934	4454	2618	1968	4942	291	4885	3712	989	1134	2023	4422	3640	3392	2891	4243	3242	977	2698	2592	1331	2903	384	720	992	3638	271	835	1049	3902	3885	872	2081	2370	4104	1825	3205	1803	4882	2292	2268	858	4160	2208	3383	1720	3187	4651	3992	100	3755	3882	2730	362	616	324	1340	2221	3670	2965	2897	4793	4659	542	4789	1998	2193	3257	3581	4470	4702	550	727	237	3831	4925	4010	1483	3738	4622	1989	100	4501	2704	2799	1231	1565	2697	5051	3252	2779
2316	215	4136	448	2561	3710	1311	2885	3505	3821	2621	761	2587	679	3678	963	2200	4635	2118	953	4173	2322	3876	1013	2787	638	3307	4666	4813	684	1014	3443	4319	1129	3557	4163	2098	1909	153	3694	4477	3450	1082	100	2963	2463	4293	328	4362	4906	4759	4578	1492	507	1006	4087	3522	2844	716	1080	4652	574	1660	3148	427	4368	1758	2093	2600	771	100	4205	209	2188	1479	3368	1851	4168	2689	4689	4725	1353	843	3493	1846	2743	3309	1386	460	136	485	3281	1593	2588	1236	1538	1688	1259	3252	5051	3616
2010	1378	2117	1056	4110	764	4159	3259	3555	1662	552	4038	2265	659	223	3789	1256	2395	5027	1190	1389	2602	148	3961	282	1890	4186	1076	3231	3487	4043	3721	3402	2654	1161	805	2371	486	412	3753	1201	4829	966	1163	1704	3842	610	2330	4389	300	100	3630	556	894	3531	2283	2991	2241	2624	756	2195	1124	2746	4306	910	4893	4114	2012	2415	2927	3060	314	1344	456	180	573	3666	3179	2220	416	3117	4915	2551	4238	3793	3656	945	2985	1227	2803	1981	877	3010	332	327	2842	2152	1718	2779	3616	5051
