7261	2353	3751	1149	4603	120	3682	4328	1326	2662	3514	5054	4925	2116	7099	5694	5176	2972	867	6581	210	4921	1713	6027	4482	4280	2336	4554	3739	1749	519	3457	4404	3996	3908	4616	5457	4970	6272	3088	3578	632	1109	3026	4754	3503	1865	1171	1810	871	7044	3806	4574	2167	6823	5965	1577	2941	2180	6888	930	4943	6882	6925	2451	3762	994	1444	5981	3196	585	481	4676	3050	2236	3871	1089	6017	2880	1018	165	5998	2510	2076	875	120	6604	3701	6284	7075	3557	4440	4609	808	549	800	3037	2792	6841	1303	4586	749	7078	3748	5770	1869	4345	6002	6974	5540	5119	5507	1367	1828	4961	2068	6457	5788	1745	1259	745
2353	7261	6405	2441	6511	4972	2767	213	6954	232	3615	6023	1770	1662	914	2890	5545	1015	3144	3268	2617	6436	1234	772	6236	2012	6440	5516	4959	700	6426	3375	2289	6015	6151	1648	665	5071	5137	300	3696	6602	6190	6957	502	4667	3905	5651	6620	1065	1210	4971	4955	2259	7025	4879	1201	379	6995	2115	3639	3616	6187	5080	715	3949	120	1515	7026	1293	6111	6140	4044	4781	6645	7165	6188	6534	7163	5444	6625	5822	4327	6481	6573	4591	7239	7045	6937	1751	5809	5791	3478	5569	5801	2949	122	4155	4211	1879	2961	120	744	239	2958	1957	6847	2330	5922	915	3698	5553	539	6367	3983	2186	4474	4583	2007	1779	1146
3751	6405	7261	5473	7218	4111	5951	6425	1918	4796	5685	5615	5421	932	4399	5274	5133	1697	4335	1566	2416	2801	2384	5632	6844	3390	5020	3670	7203	4659	5654	2138	3193	624	3524	1725	4057	5906	2419	3016	5643	955	1126	7184	6185	5188	4065	4880	1494	1422	6275	6338	6806	3685	3658	6266	4192	3773	3945	3982	1449	4621	2708	4025	5262	4363	1926	4299	4298	3395	3253	3651	1734	1300	4680	3521	6558	5932	120	1799	5989	156	6763	1842	2429	719	6494	4387	6065	5882	4658	4836	458	2423	1013	708	4309	5069	4169	1827	2928	4496	1506	5588	5132	167	1790	6896	3869	5296	5678	2034	1872	5919	3496	1981	6048	3885	1609	5060	5172
1149	2441	5473	7261	336	1570	2631	2409	5704	3210	1472	3348	5600	6396	3813	2562	5665	6314	6179	2298	890	4774	5843	4673	2420	3572	4209	3881	603	2202	6794	5846	6757	863	3419	2995	5216	6943	7074	592	3553	926	434	7143	2986	3387	2190	3558	1334	7038	4417	320	5324	2291	120	2122	5231	5565	2769	2425	5437	3384	2877	718	7158	6462	3547	4874	3152	789	4995	4726	5920	5808	3649	6611	6517	2048	5360	2845	5006	230	2470	2463	3965	5107	5448	526	881	7188	5383	4599	533	1555	1581	3033	4631	6894	5980	6652	5819	3785	5645	1173	4872	6653	7118	5101	2026	6796	3794	1815	2252	513	1991	2892	2913	120	4753	4279	7010
4603	6511	7218	336	7261	4061	3511	4329	6307	120	2358	903	4117	2483	6033	147	3738	4915	5923	5725	3381	1964	5536	6327	3571	6146	2165	1000	5419	4467	838	1205	5199	1737	3340	2501	928	2194	5493	2335	153	666	6445	4491	4050	5317	3814	4728	2939	5341	2613	7236	5526	7196	6982	2742	227	6132	1706	3833	3278	6238	4877	6135	2342	3254	6884	3073	5629	4179	1194	5566	3070	4171	3489	2517	2216	5701	306	806	453	7246	3807	1010	2040	2675	234	6433	4718	5974	3084	6228	941	2760	758	1855	4565	2527	812	6922	5458	3537	1383	399	6344	3993	6923	3133	470	2258	6131	1772	1954	2144	969	7081	5416	4384	3890	5560	6725
120	4972	4111	1570	4061	7261	6726	4305	6819	2331	4816	5664	2438	1104	3266	6958	778	2477	5692	6476	2577	6491	6591	1384	2976	2314	3150	4611	5336	588	1130	2765	5541	6988	2387	3281	6688	5404	5754	5228	6043	5544	4625	1630	3631	2061	3894	6031	4350	3559	4663	3067	3228	6181	1764	1028	3208	4866	537	6171	7027	935	2243	6632	5929	4832	3124	3800	1121	1077	5580	3077	4224	5698	7083	4897	1914	4523	1137	3850	6063	4373	4848	6525	5385	1170	224	5066	637	2952	1098	5709	5429	2006	3686	5636	6944	5292	6064	3072	120	6634	3786	1103	2743	3333	3027	1500	6196	4236	5378	308	653	1804	3284	5881	3795	2098	3129	5866	2998
3682	2767	5951	2631	3511	6726	7261	3630	1182	4509	5905	1653	4066	1320	4196	3385	3437	441	5871	2123	816	1410	301	1896	3759	5674	2916	4867	4108	6612	6654	2453	5926	6283	1373	6685	4956	4641	6365	4630	2858	5647	1558	2320	1928	6774	784	1280	3183	5348	2329	1547	1114	1047	1944	1541	2929	2274	2273	1788	5138	3501	6814	7070	324	3567	3302	736	1505	2598	1358	2671	4013	6348	3356	6435	3851	5379	429	5329	4136	5691	853	3900	2699	2145	3470	5339	3941	6051	2814	4146	6302	6977	4923	1400	2848	4420	2570	773	5773	5832	1695	2529	120	3994	5601	4023	6657	1972	4905	953	3166	1781	4238	2711	3608	6993	4143	243	6264
4328	213	6425	2409	4329	4305	3630	7261	5460	4648	5524	5322	4422	3318	3810	2111	4622	4352	7142	3039	6805	1646	1465	1510	2594	4410	2515	6499	2583	4738	5957	1811	188	2864	1225	6506	5762	3680	6450	4745	5123	2868	1008	4082	422	3237	4740	5197	2257	5700	3623	508	2071	120	1236	2556	1021	4780	2442	2235	655	1255	2222	3518	4396	4842	2823	2109	258	4711	6370	3620	120	2841	3388	2173	5143	1499	6247	694	4751	3312	2460	389	4069	4360	3455	1264	5358	601	4277	770	2750	1731	7015	3440	6706	726	4237	6930	2299	937	4036	3676	310	226	4973	1260	4570	4016	2266	6221	628	6615	1276	6233	2755	846	3587	4702	4353
1326	6954	1918	5704	6307	6819	1182	5460	7261	1063	1744	2130	2489	5466	4010	1439	1195	520	3500	6648	7194	250	3693	552	4418	7008	3551	5868	6697	5039	1561	3516	2539	2201	840	5736	2921	3653	6465	3727	1735	6546	2867	6100	7234	5299	4629	1424	2311	4697	4675	5347	5028	390	2147	3019	1906	1115	2860	507	3229	1184	6799	6779	4442	4319	2937	5478	4552	5772	3344	4435	3080	6066	5757	7011	5428	3148	1124	408	2272	3232	3273	7131	4109	3534	120	3799	3412	483	2759	1495	3423	4395	7216	5995	3413	5828	1703	6029	2534	367	1134	3959	3716	2152	7166	5535	6953	3263	7031	6382	696	6762	1550	1163	2741	5141	2087	2667	7037
2662	232	4796	3210	120	2331	4509	4648	1063	7261	6150	2847	2505	6437	4909	5896	1715	3104	5858	5456	1314	7229	2454	1488	793	322	5827	2966	2096	6942	1521	650	120	4569	1376	1945	2838	1363	4776	670	4539	6736	1413	4980	2906	6217	1177	4571	5879	3999	5937	6543	4888	5401	543	2585	7200	668	4665	1048	5997	6808	7001	1154	5333	4081	184	240	2730	7023	2584	2771	3958	839	5776	3383	2854	6374	5032	4463	4512	492	2635	4953	5083	540	5769	2688	535	763	6086	2690	6599	6740	5658	126	6136	1905	4461	556	3932	3586	5007	4715	3730	984	1042	1483	4719	751	433	5686	2482	4134	3379	6081	1664	4139	5328	6940	1066
3514	3615	5685	1472	2358	4816	5905	5524	1744	6150	7261	4130	2497	351	5849	2499	6126	6115	7171	4059	7107	5120	5669	554	4773	532	1364	6154	6044	120	576	4321	1143	5372	6619	2924	3292	2666	550	2595	2988	2980	6034	6203	5746	950	4121	6204	2433	5695	7096	6192	7007	2135	509	4072	6336	2078	2905	2268	3957	1434	528	7182	6487	7204	3404	2403	337	2003	3169	1525	1279	1934	4688	4242	1831	970	1843	5470	4186	961	4409	2793	1684	3622	359	1305	4852	5353	4207	2678	260	6513	2659	6728	920	3911	1282	1534	3858	3477	1216	923	2340	1588	4969	1651	4529	6908	5168	3353	2288	358	6256	4133	6107	1732	2485	5525	1627
5054	6023	5615	3348	903	5664	1653	5322	2130	2847	4130	7261	3288	2664	3907	3424	5270	5648	4741	2653	4693	2716	120	6489	6071	821	5045	6139	6583	3307	716	6184	2901	181	690	2251	3177	5400	6268	3601	1257	7047	3942	120	350	6817	6387	3791	5140	3948	2657	1176	6569	4102	815	1580	2379	6521	5247	737	7004	2514	6792	120	1719	1873	3667	5272	261	662	4377	6797	6557	2305	4453	277	2360	1987	1824	1769	431	860	6996	6439	3703	3199	6601	3171	2866	2129	2956	2014	2791	7180	2046	2932	5349	4522	1248	2039	4026	5447	3822	3011	3429	6658	1006	3971	3870	5325	1296	6673	3484	3461	878	1649	3368	3154	779	4366	5297
4925	1770	5421	5600	4117	2438	4066	4422	2489	2505	2497	3288	7261	120	7082	4475	6945	1492	4807	6868	5059	6008	328	5226	5091	5968	465	4493	677	2734	809	5290	1913	674	4628	5718	5987	3323	783	4162	4918	3238	3969	7071	3398	4191	762	4601	1339	971	5450	6219	1619	999	2682	7036	5180	5624	685	186	1387	362	3287	6159	7006	756	567	841	4370	3681	212	6414	6363	4348	5019	1984	2396	6226	3550	4437	607	3352	3195	5900	5002	4376	3071	5721	6729	2019	2074	754	344	4650	4330	1891	6330	6575	1067	2154	5282	636	731	1019	6279	4323	3684	2294	630	3922	6849	6786	851	120	2942	3779	2723	5705	5934	3717	3604
2116	1662	932	6396	2483	1104	1320	3318	5466	6437	351	2664	120	7261	1988	4737	6890	7244	5067	6394	1414	4930	207	3163	4990	2393	6444	785	3294	6595	4784	2706	3326	5798	5509	4957	1676	5661	6991	2300	4546	1961	5187	5975	305	3285	4734	3332	5893	5848	1428	3541	2907	7035	1360	5420	3532	2372	4067	6840	3769	3591	3335	6214	1473	1615	4216	3642	3053	6899	4535	201	5161	2746	4890	5306	6229	120	767	980	3549	5402	2623	2625	2232	472	4561	4906	3986	281	4505	7231	7134	5151	1227	6807	3980	4260	7197	6683	5375	5496	2297	712	3275	2636	455	4253	206	3203	259	5503	2702	5892	4248	417	4803	6262	4679	575	1268
7099	914	4399	3813	6033	3266	4196	3810	4010	4909	5849	3907	7082	1988	7261	5878	1590	2836	612	5703	523	1617	2605	2450	3805	1826	1458	5157	4060	573	4266	3771	157	2859	5021	1375	5259	2875	6137	2395	2715	6891	538	4582	4858	2373	6458	6271	3316	496	1362	794	2552	5479	1717	198	761	1675	4833	3277	295	2049	4403	1432	2057	3519	1046	2751	208	2495	3492	3231	4488	3377	6519	120	5715	2164	1462	2696	7238	917	4215	2430	4750	4527	6026	4696	4455	5835	5386	5243	5224	743	4624	1007	4466	5753	6393	380	4958	2879	2772	3003	1696	2207	278	7090	1302	6642	6087	1086	3329	2002	2974	4405	5891	654	4288	1567	2226
5694	2890	5274	2562	147	6958	3385	2111	1439	5896	2499	3424	4475	4737	5878	7261	3357	2487	2332	5464	3299	7221	2478	2496	4154	6073	1502	4483	6973	3757	6515	120	6117	6635	5443	3637	4752	6738	3399	1101	3956	6577	120	3304	120	5586	1092	6239	4388	4759	2126	1931	4948	7223	2816	120	5950	4940	5667	6058	2157	3479	5326	3744	6282	120	4394	946	4096	5024	4633	120	475	5223	2587	4115	2862	2472	1076	3765	3463	4068	193	2894	5859	4794	4572	3694	144	4113	5398	5660	4433	394	5139	5323	6281	6291	7162	5563	2310	1415	6719	2927	5527	407	4939	4058	1520	4367	2282	2435	4424	4837	6837	5283	1860	307	5759	6960	4567
5176	5545	5133	5665	3738	778	3437	4622	1195	1715	6126	5270	6945	6890	1590	3357	7261	5248	3372	2248	4620	1005	4296	4128	635	4714	5462	6049	3989	7094	2283	4379	4602	3306	1054	6678	6419	1380	3783	1392	5940	6379	1431	2794	2826	6428	2386	6676	3246	6621	6871	4027	6997	5927	7020	2408	174	709	2312	4791	6189	2203	3585	3115	2776	1773	6971	2819	2538	2227	3668	5856	6955	5666	5454	4131	910	4170	2567	2431	5877	919	5579	5804	332	847	2683	4672	6548	6186	215	1238	2029	2410	3581	3579	5038	3157	6570	7150	2839	4259	5613	6299	1113	3564	4755	2698	2318	3426	983	2550	5790	6287	4336	6090	120	906	2159	1127	1813
2972	1015	1697	6314	4915	2477	441	4352	520	3104	6115	5648	1492	7244	2836	2487	5248	7261	120	2457	363	3755	6280	6694	3241	388	5775	975	3131	4831	4411	2234	3303	2295	746	1031	1818	6289	1275	4894	428	3924	1285	6644	629	1325	3926	6608	462	4436	5714	154	6927	7009	1793	6501	204	2465	3367	848	2599	2931	5967	3764	6902	6810	6013	6273	7017	6984	3108	251	4079	3838	2075	4661	3020	2103	1215	2022	6788	6254	6102	5011	2654	4768	2377	2908	5949	4526	3874	6463	952	4486	4176	2309	2086	189	426	2745	6524	4903	1711	6120	845	6985	6072	1291	4018	6860	7121	6375	1298	314	2351	7105	3397	6748	3780	6304	3976
867	3144	4335	6179	5923	5692	5871	7142	3500	5858	7171	4741	4807	5067	612	2332	3372	120	7261	5202	7207	998	120	3264	5571	3134	1032	7040	120	7176	1536	683	5418	2946	5174	6934	2815	6965	2110	6410	6213	4651	2023	3274	3191	3975	2542	6707	2537	811	1677	3830	2668	4148	4827	5315	4684	312	1289	6783	5390	5345	5449	377	2628	2092	7167	3247	6128	3599	3891	1278	2964	5815	3087	6331	4282	6493	3545	4986	2882	4244	5438	918	3552	391	1607	5884	5806	1756	7046	2170	1710	2557	3490	4278	2179	3317	6921	713	2065	2752	852	4426	447	348	791	2685	2212	352	6637	5078	6255	5082	3582	4159	3896	1145	2117	4477	2015
6581	3268	1566	2298	5725	6476	2123	3039	6648	5456	4059	2653	6868	6394	5703	5464	2248	2457	5202	7261	3898	229	958	5004	236	6889	3369	3970	4264	3308	2533	4364	6912	3775	3638	299	5538	2036	3028	5994	6265	120	613	5582	442	7117	901	512	911	5089	4283	2056	623	4812	2691	6852	4749	3012	1803	4568	7104	834	4977	4789	2831	1480	5796	3972	4476	4340	6537	2261	6088	1074	2774	4843	6028	4919	3928	6391	3054	3427	1836	2158	1712	855	2650	5706	4349	1528	5739	680	5933	231	1139	870	3141	6176	5094	6656	1140	3968	5220	4585	6556	1929	5050	4173	211	3836	6596	837	1943	4371	3293	1632	5340	4802	120	5486	1016
210	2617	2416	890	3381	2577	816	6805	7194	1314	7107	4693	5059	1414	523	3299	4620	363	7207	3898	7261	6250	6024	2789	1645	829	254	5567	1822	5928	5854	5508	7068	6456	2059	3358	5814	1901	3065	3770	6523	1730	3265	6816	1692	461	4470	4817	4439	2424	757	884	1310	5724	7222	2166	1624	6833	887	3915	1051	1569	2918	4150	3168	120	6328	3998	3984	6109	2753	883	1348	1543	4255	1228	956	3707	3777	6623	1733	1144	805	162	7179	1456	2893	5314	4076	1069	4691	886	6313	6859	4000	4306	1805	432	6412	6042	451	2464	1017	2219	1816	1791	2843	421	7053	3376	1549	2693	1768	4743	120	6580	6667	6782	2679	6712	3389
4921	6436	2801	4774	1964	6491	1410	1646	250	7229	5120	2716	6008	4930	1617	7221	1005	3755	998	229	6250	7261	1969	2016	2317	931	4550	3128	6014	482	6123	3646	6413	1784	2876	6516	2783	2553	1574	1862	2279	2532	5936	3530	1157	5614	4416	6873	5707	1034	6194	3677	2343	817	7066	4669	7112	5852	6512	2985	3447	6451	5463	6875	7146	6617	2796	3465	1604	3029	2456	864	3205	4643	2658	1342	276	4809	3883	2303	4240	3605	5623	4438	4757	120	2568	5898	3122	4700	2383	2993	2339	728	2432	7233	711	4883	404	2112	4920	176	616	1288	3418	5612	4653	5931	6714	3089	689	120	6165	3878	3450	3847	6003	6566	5795	3943	6742
1713	1234	2384	5843	5536	6591	301	1465	3693	2454	5669	120	328	207	2605	2478	4296	6280	120	958	6024	1969	7261	1699	1529	2971	572	4203	3499	2151	1471	2581	4202	1678	3009	796	5656	5269	3721	6316	6054	3967	2957	6012	1656	2692	765	3893	2575	6910	564	1207	2214	5860	895	7217	303	6883	7054	5740	2446	3570	5568	515	427	6297	444	3910	1861	2728	4088	1631	2428	6662	192	2010	1496	6821	5056	5983	4746	2033	180	2805	5577	5334	3083	4112	5064	1178	5873	3032	804	5727	120	6055	2729	3251	3569	5191	5252	4063	1407	4116	4390	6480	4423	1153	6258	2773	3837	6584	5265	1056	1782	1802	1881	1023	4519	5431	317
6027	772	5632	4673	6327	1384	1896	1510	552	1488	554	6489	5226	3163	2450	2496	4128	6694	3264	5004	2789	2016	1699	7261	2677	3914	6878	7170	4359	6684	3339	7156	675	245	1650	4853	2507	120	2020	4808	2856	6964	5813	2326	4478	7073	1780	2591	4223	6106	1871	3056	701	3371	5885	6830	4120	4020	4195	1741	5273	3382	5330	4019	2401	7224	7092	2140	3431	1548	5112	3832	986	3411	5855	5542	2806	4938	4165	5897	4225	4886	6422	4847	1762	957	4525	3106	6218	4268	2476	4786	1682	2082	5712	732	2502	5359	2619	2579	1397	4302	2736	3930	220	3433	4712	2233	7119	2370	6079	4188	5805	3600	2334	7215	4361	2754	5210	2825	2217
4482	6236	6844	2420	3571	2976	3759	2594	4418	793	4773	6071	5091	4990	3805	4154	635	3241	5571	236	1645	2317	1529	2677	7261	4339	2622	1596	1970	922	2060	2240	272	3034	5824	6842	3004	5439	1652	5534	2777	4617	679	5549	3213	2528	4828	4553	3140	2936	6838	2627	1311	2290	4926	2911	7177	2162	3488	7042	4698	6862	5792	4929	1693	3044	4996	609	376	788	4320	3624	993	6075	2349	907	3712	5035	4927	7072	6813	152	3216	5234	4355	2218	2255	4495	2904	6320	6178	2189	330	954	2119	7124	395	4301	5098	4230	559	203	518	5113	5587	2066	120	284	4551	2813	3460	4275	4093	5249	2406	345	6938	5777	5232	171	2104
4280	2012	3390	3572	6146	2314	5674	4410	7008	322	532	821	5968	2393	1826	6073	4714	388	3134	6889	829	931	2971	3914	4339	7261	5162	2712	2835	1641	4062	4021	141	4334	1200	3236	6318	5338	1246	4135	547	1564	5175	1094	3451	355	5747	5209	4358	6967	1847	3391	3734	1197	1504	1136	335	6053	1112	6825	4145	3491	2611	4917	1797	4681	3855	120	4087	646	6981	879	6769	2090	2686	6062	4402	908	3298	4974	1864	7198	2277	2895	822	774	3468	3349	557	5908	6743	1070	1271	3679	4287	2028	3990	3636	6941	740	2064	1513	5211	7041	4657	2509	5037	6885	3554	5961	6108	4428	479	6467	456	2346	2118	4077	4864	6149	6091
2336	6440	5020	4209	2165	3150	2916	2515	3551	5827	1364	5045	465	6444	1458	1502	5462	5775	1032	3369	254	4550	572	6878	2622	5162	7261	3561	1626	5941	750	1673	2191	4499	4717	4795	120	3938	618	1477	1707	3854	437	6160	1050	1937	5305	810	2390	6332	4189	1212	5803	2638	5087	3100	5555	1132	5227	5043	3573	530	7055	3632	781	3508	6503	5488	525	3947	4662	120	1319	356	1147	6469	7145	4270	5208	2855	4407	835	6021	4479	6356	6994	5584	2369	1637	1226	5962	541	2954	6903	3417	1160	6869	569	2616	346	6552	6919	5241	120	6666	1582	729	882	384	5532	6312	5405	329	1930	4564	6471	521	4084	2127	4006	3766
4554	5516	3670	3881	1000	4611	4867	6499	5868	2966	6154	6139	4493	785	5157	4483	6049	975	7040	3970	5567	3128	4203	7170	1596	2712	3561	7261	1537	4638	3432	6716	3749	4854	6479	3052	2615	3512	1705	6727	4532	2035	2609	3410	6326	5604	6886	5260	4941	5106	2700	6607	1508	7067	4916	1299	5810	4257	354	7062	4701	5606	1451	1165	6939	2176	4792	645	5733	4432	5710	6914	5298	4031	3047	6949	5547	1429	6718	2520	1708	6765	4347	4205	739	4818	7013	1830	4543	5376	4103	5459	3360	6747	959	5655	2571	120	4156	120	5190	1666	3527	2054	2504	1172	498	340	2434	1911	4430	3062	1738	2198	5663	5904	3960	2367	5310	5135	5676
3739	4959	7203	603	5419	5336	4108	2583	6697	2096	6044	6583	677	3294	4060	6973	3989	3131	120	4264	1822	6014	3499	4359	1970	2835	1626	1537	7261	4444	4566	5128	6455	1832	5441	5332	6855	3221	491	3789	4873	2256	1728	6983	6717	5467	1258	5356	120	5186	1956	4705	4964	448	2161	1382	5124	7049	5591	6294	6285	801	5295	1519	1854	3269	943	7208	2187	1927	5268	6303	3219	2943	4286	4891	2518	3439	1460	5053	1188	5163	3314	1766	988	3886	222	1404	1621	562	1586	6215	4968	4343	3103	2206	3831	1478	412	4993	5111	1474	1952	3374	6851	1322	4846	6628	3167	6590	3981	2713	548	4893	5166	5562	2511	1553	4175	3735	2142
1749	700	4659	2202	4467	588	6612	4738	5039	6942	120	3307	2734	6595	573	3757	7094	4831	7176	3308	5928	482	2151	6684	922	1641	5941	4638	4444	7261	896	6978	1729	274	2137	1332	1800	1758	1724	3297	2397	1152	5015	366	536	2530	2747	1982	2978	1960	494	5117	6737	5918	6148	2614	1723	4732	3997	7137	4386	820	302	4341	4092	3331	6398	1487	2063	2516	4326	2220	2102	924	1885	6180	2045	7240	4937	3436	5912	2714	5304	6898	6870	1704	120	5943	2249	120	3804	6231	6112	4694	5103	1601	6432	3341	7133	4024	1540	1418	5204	2362	6670	5913	4464	1241	2887	5013	3671	3049	2091	3607	5092	4015	1778	905	242	3763	644
519	6426	5654	6794	838	1130	6654	5957	1561	1521	576	716	809	4784	4266	6515	2283	4411	1536	2533	5854	6123	1471	3339	2060	4062	750	3432	4566	896	7261	1638	6618	3079	4767	2781	2315	3446	4547	1853	1611	4421	1742	4222	2544	3767	823	2560	4369	6545	1262	5110	5482	1433	1996	4447	3031	660	2620	5446	5475	3674	2225	516	5040	3595	5230	1097	2885	339	4110	769	175	5055	1304	3145	1461	4805	381	3666	2350	2863	1665	3790	1080	1100	4555	1388	3866	1108	3190	2229	3017	1594	1552	2967	4932	2656	7251	3725	1795	7212	120	6498	257	6880	4052	4769	6096	1518	2721	1327	6820	6969	6077	4720	4713	4274	3865	2521	4801
3457	3375	2138	5846	1205	2765	2453	1811	3516	650	4321	6184	5290	2706	3771	120	4379	2234	683	4364	5508	3646	2581	7156	2240	4021	1673	6716	5128	6978	1638	7261	7259	1398	5121	6510	1481	4549	4034	4460	2865	4967	4085	1001	1196	1532	1644	6227	4218	2440	2484	2811	1357	3589	4946	966	4125	405	3576	5025	1838	1585	5409	120	6067	4291	6928	2352	4612	4644	5266	2089	741	5222	4498	4557	2070	7161	1024	6452	1953	5000	4393	5861	2646	5424	2637	5051	3640	1232	3000	238	1608	1938	3848	561	6105	5728	3647	5394	2411	5752	6025	3119	1217	892	2600	6193	3041	5911	669	370	967	5732	3159	3120	2415	6038	4708	1150	5179
4404	2289	3193	6757	5199	5541	5926	188	2539	120	1143	2901	1913	3326	157	6117	4602	3303	5418	6912	7068	6413	4202	675	272	141	2191	3749	6455	1729	6618	7259	7261	5947	3812	4798	4235	6259	4008	1035	951	3867	2934	6306	7024	1082	6502	6998	6157	3663	2837	4878	1823	6035	3841	5061	1535	361	2171	4452	4530	4838	5800	6563	2963	120	1975	3510	6310	4810	2669	1206	3917	1416	2740	2422	3788	1365	6568	2448	1403	5963	2153	4709	4056	2606	2254	1119	1978	1859	3835	130	5238	3826	6040	1850	120	1116	2960	1159	3726	6909	6680	3593	5914	6711	4756	4080	5797	4141	4181	5722	6333	2455	5742	6864	2602	7110	3515	6138	5970
3996	6015	624	863	1737	6988	6283	2864	2201	4569	5372	181	674	5798	2859	6635	3306	2295	2946	3775	6456	1784	1678	245	3034	4334	4499	4854	1832	274	3079	1398	5947	7261	5250	5938	5319	6732	6225	4047	4813	3596	6496	6403	369	2933	4489	2984	3075	7100	5452	6622	2184	6963	286	3778	5255	5964	1668	5206	3175	5851	6801	4962	495	177	2199	1844	1190	7034	5611	3311	1164	2270	5048	5445	4011	1544	4966	4859	4324	1229	4804	120	676	3654	3453	6430	6787	1554	4761	5355	5171	5158	6416	2172	4747	2121	4269	7125	1966	2013	5215	5397	6223	3483	6216	6406	4469	4315	1663	1141	6542	5469	5693	6162	160	3733	704	3428	2264
3908	6151	3524	3419	3340	2387	1373	1225	840	1376	6619	690	4628	5509	5021	5443	1054	746	5174	3638	2059	2876	3009	1650	5824	1200	4717	6479	5441	2137	4767	5121	3812	5250	7261	6263	473	6784	4462	5672	5713	2996	469	1168	2391	1866	1266	164	6402	3406	4101	6309	5178	1701	3718	3580	997	4763	1936	1370	6351	4178	4263	1151	1516	5887	5969	6641	3043	3007	1932	4933	6339	2643	6651	574	1088	872	5886	120	3338	5411	158	5177	4494	2840	1722	6211	714	6675	4634	5116	3271	6845	5520	2717	2253	1625	6767	4262	1175	912	3728	3442	6500	5487	343	2639	6650	3414	5955	3487	2597	120	463	5331	169	6576	1924	5697	5407
4616	1648	1725	2995	2501	3281	6685	6506	5736	1945	2924	2251	5718	4957	1375	3637	6678	1031	6934	299	3358	6516	796	4853	6842	3236	4795	3052	5332	1332	2781	6510	4798	5938	6263	7261	6989	4449	6121	3577	396	651	4228	4545	120	2418	3752	4649	4293	511	3946	3497	3244	5838	3880	1897	6020	6835	5708	5986	2641	6359	4104	2058	3606	5720	216	467	1181	6397	3211	527	4952	1902	3170	5254	2125	6163	2382	1470	1825	3507	3660	4979	120	2633	2097	2055	5434	4654	5474	5468	3248	6834	4787	987	2997	1072	1142	6531	602	3380	1886	678	5743	2513	610	4014	7181	3008	6710	150	2018	1628	2338	1517	5599	4513	3151	1726	5046
5457	665	4057	5216	928	6688	4956	5762	2921	2838	3292	3177	5987	1676	5259	4752	6419	1818	2815	5538	5814	2783	5656	2507	3004	6318	120	2615	6855	1800	2315	1481	4235	5319	473	6989	7261	6696	1030	4383	2001	1427	5034	3469	6085	2735	2705	1321	2223	3845	6536	995	2851	1527	5506	5267	505	2265	1033	5184	6130	3542	5426	6582	5780	7093	3528	582	2486	3792	2134	187	6389	1239	3160	1118	2099	4841	185	4685	1026	4083	2973	659	2052	4227	1344	1720	2962	1948	7201	1336	3525	4548	6392	6866	6597	6296	6815	6578	5784	688	656	710	1240	5076	5888	6698	120	647	965	2120	7189	1785	1681	6781	4310	398	5490	1128	7014
4970	5071	5906	6943	2194	5404	4641	3680	3653	1363	2666	5400	3323	5661	2875	6738	1380	6289	6965	2036	1901	2553	5269	120	5439	5338	3938	3512	3221	1758	3446	4549	6259	6732	6784	4449	6696	7261	599	5501	6911	5522	1378	1369	1603	161	3498	2626	1341	3458	3673	6518	1131	824	1613	217	4073	6453	4528	5489	4325	2701	797	5730	6560	6626	2443	2676	5785	6790	6700	3758	5850	6672	5634	1792	4820	3540	3816	2400	945	1858	6352	3937	5731	179	1399	682	4099	2284	4516	6449	4775	360	6124	5415	5393	5504	378	5823	6361	6237	3370	1562	3546	6791	237	1559	4415	120	942	7209	3346	6089	1252	1180	1747	7116	4945	3556	849
6272	5137	2419	7074	5493	5754	6365	6450	6465	4776	550	6268	783	6991	6137	3399	3783	1275	2110	3028	3065	1574	3721	2020	1652	1246	618	1705	491	1724	4547	4034	4008	6225	4462	6121	1030	599	7261	836	5242	1091	5042	4868	6119	2213	5628	7136	3801	1523	755	5484	6360	6076	4999	487	4668	401	279	6671	1454	1099	3135	6630	4045	3815	5930	120	4233	2155	143	2790	4098	5596	6795	1622	648	1623	2038	6261	5225	3760	2834	5921	3038	6409	4354	6372	6200	3899	1371	6474	5271	2467	183	3257	4518	6098	4149	1361	4706	3824	4558	850	7211	4107	6603	3336	2543	963	600	6177	2106	6540	6759	7154	1783	1538	1497	2649	792
3088	300	3016	592	2335	5228	4630	4745	3727	670	2595	3601	4162	2300	2395	1101	1392	4894	6410	5994	3770	1862	6316	4808	5534	4135	1477	6727	3789	3297	1853	4460	1035	4047	5672	3577	4383	5501	836	7261	717	5552	120	1423	2827	861	5829	6643	205	2461	595	4951	5057	4770	3974	5125	6760	2328	4944	4790	3295	7178	2376	2302	5737	6677	4241	3255	5278	1714	1245	1464	723	6798	1417	2322	1393	4876	5436	3533	3015	7021	6074	6006	2124	4304	2861	1078	5300	196	5726	1284	5857	1323	5652	3081	1316	4289	6252	6756	5807	293	1396	4492	1908	1977	4308	3849	1958	3950	1819	2982	4635	2412	6197	3715	7227	3320	5221	2780	4100
3578	3696	5643	3553	153	6043	2858	5123	1735	4539	2988	1257	4918	4546	2715	3956	5940	428	6213	6265	6523	2279	6054	2856	2777	547	1707	4532	4873	2397	1611	2865	951	4813	5713	396	2001	6911	5242	717	7261	5362	2337	1606	1893	681	5286	3877	3310	6349	1220	5136	6032	4992	5455	5108	5257	2101	5196	3456	436	6161	4871	1450	6613	3723	3720	4800	3363	2821	2462	4147	7050	6232	1878	6956	4448	2327	2363	3714	1346	4250	6340	6598	4618	5874	3464	4521	1219	5901	6755	120	2323	6646	1597	643	1761	1821	1038	900	6876	6701	5895	6508	2810	4735	4994	120	6562	2953	6959	7126	3742	4704	5956	6097	1251	2536	3441	638	5607
632	6602	955	926	666	5544	5647	2868	6546	6736	2980	7047	3238	1961	6891	6577	6379	3924	4651	120	1730	2532	3967	6964	4617	1564	3854	2035	2256	1152	4421	4967	3867	3596	2996	651	1427	5522	1091	5552	5362	7261	2308	3256	5258	3296	4562	6270	524	6172	3705	6992	413	7012	4261	6659	3068	3290	1350	5246	1531	2188	1669	270	5414	631	1612	2582	1469	4245	6723	4185	7095	6484	7190	1204	5127	6401	3661	7128	2077	1787	2021	5635	6636	2925	1814	6832	3076	1020	3702	6141	2196	1848	349	6900	5811	3892	4177	5593	996	4670	1765	4965	5327	1939	3808	4811	353	1426	3198	477	1421	5093	1727	4785	7043	4161	6980	6544	6321
1109	6190	1126	434	6445	4625	1558	1008	2867	1413	6034	3942	3969	5187	538	120	1431	1285	2023	613	3265	5936	2957	5813	679	5175	437	2609	1728	5015	1742	4085	2934	6496	469	4228	5034	1378	5042	120	2337	2308	7261	5367	4094	6383	5289	661	5194	449	544	2549	4267	1122	6691	1166	2652	323	7048	5500	2788	3846	6142	6016	4500	4153	4793	6295	3583	7103	4899	5992	7185	7148	4881	142	368	4834	4501	1105	1249	933	5088	120	6000	7152	3036	6533	2041	3188	1884	4208	3929	7242	3978	6368	5530	3189	497	2250	5842	4984	1894	5894	977	5741	6198	5781	6702	1389	2224	4213	2645	604	5396	5782	4895	6924	5578	2766	1857
3026	6957	7184	7143	4491	1630	2320	4082	6100	4980	6203	120	7071	5975	4582	3304	2794	6644	3274	5582	6816	3530	6012	2326	5549	1094	6160	3410	6983	366	4222	1001	6306	6403	1168	4545	3469	1369	4868	1423	1606	3256	5367	7261	6166	5515	7123	2228	6447	5229	673	4322	2293	2239	2491	686	4686	5368	1852	641	5435	5996	1522	6507	4118	1647	5105	6735	4779	2647	382	2050	5659	2032	2523	3126	5075	5357	2588	5778	1509	5865	3074	4212	1942	1658	6731	5631	6080	3610	2512	6022	2833	3420	1022	4138	4578	5786	5164	5403	3979	2508	464	1882	410	5233	5716	1261	5205	6663	5837	4151	2632	6371	611	4655	7225	3737	2795	3250	6705
4754	502	6185	2986	4050	3631	1928	422	7234	2906	5746	350	3398	305	4858	120	2826	629	3191	442	1692	1157	1656	4478	3213	3451	1050	6326	6717	536	2544	1196	7024	369	2391	120	6085	1603	6119	2827	1893	5258	4094	6166	7261	4936	7260	5044	1441	1592	3035	5883	4106	2940	3665	2301	5207	7199	3913	5380	3746	271	6772	5976	6317	3633	423	2011	1774	529	3761	1223	2959	3218	3953	4788	3174	5100	6975	1691	6094	2610	1583	5288	5982	4490	120	1052	197	1123	5802	5799	4401	2782	1401	6269	5072	639	2088	828	2208	411	5533	3966	3182	2850	296	3536	1209	2136	6809	5755	596	6703	3245	869	4375	4950	1909	6917	2195
3503	4667	5188	3387	5317	2061	6774	3237	5299	6217	950	6817	4191	3285	2373	5586	6428	1325	3975	7117	461	5614	2692	7073	2528	355	1937	5604	5467	2530	3767	1532	1082	2933	1866	2418	2735	161	2213	861	681	3296	6383	5515	4936	7261	4429	4560	5079	290	642	3434	2965	5185	4119	1890	6609	6278	1974	1895	3829	3013	120	5293	4229	6547	5592	4232	925	1230	5610	3901	916	1155	6346	657	2883	1095	5451	120	4105	780	6539	734	6158	1045	5354	3626	4239	1198	6892	6668	4845	6724	1191	4534	6715	974	5068	6640	6376	5099	3709	3105	2898	2909	3403	4772	5915	3091	1526	5395	7132	291	5277	5999	2221	266	4001	6173	5129
1865	3905	4065	2190	3814	3894	784	4740	4629	1177	4121	6387	762	4734	6458	1092	2386	3926	2542	901	4470	4416	765	1780	4828	5747	5305	6886	1258	2747	823	1644	6502	4489	1266	3752	2705	3498	5628	5829	5286	4562	5289	7123	7260	4429	7261	6693	7061	571	4934	6776	819	3634	3560	6730	149	2775	2174	3802	275	4637	364	2828	1605	3793	7130	5723	120	893	1922	6990	6549	4782	3772	3364	5115	1138	3602	3064	6337	3611	4086	4777	1542	5399	3852	6555	3220	5537	4576	2493	3588	3823	1501	5505	3473	3270	4028	2143	3597	134	1721	1490	4885	1863	6390	2490	1584	3445	5556	471	705	7151	4457	3544	268	6208	3443	3058	985
1171	5651	4880	3558	4728	6031	1280	5197	1424	4571	6204	3791	4601	3332	6271	6239	6676	6608	6707	512	4817	6873	3893	2591	4553	5209	810	5260	5356	1982	2560	6227	6998	2984	164	4649	1321	2626	7136	6643	3877	6270	661	2228	5044	4560	6693	7261	1004	5321	1391	120	6245	443	2670	1283	6514	565	4563	120	3617	3025	1679	6935	4985	621	6987	1090	4722	4830	6526	4829	4419	3373	4584	6470	5279	5764	120	3272	6047	1447	191	5513	1655	2205	2241	7113	1568	2707	1466	2398	7030	2748	2725	3708	5412	3662	5381	1920	6212	724	6664	5847	4434	4312	4300	3123	7228	877	553	263	6829	968	5047	6561	127	6001	1598	3860	326
1810	6620	1494	1334	2939	4350	3183	2257	2311	5879	2433	5140	1339	5893	3316	4388	3246	462	2537	911	4439	5707	2575	4223	3140	4358	2390	4941	120	2978	4369	4218	6157	3075	6402	4293	2223	1341	3801	205	3310	524	5194	6447	1441	5079	7061	1004	7261	1039	4038	4030	6638	606	929	2139	1286	858	6647	6288	2945	4140	2458	563	4480	3781	1308	3904	1629	4160	499	4307	2563	3925	3944	2269	5622	5149	170	6528	1253	2977	1083	3482	1807	4924	5192	3754	1962	7106	1812	1563	6854	3935	2994	3186	634	1840	6335	5491	4064	4947	6966	6771	5351	5558	6863	6836	2554	3931	3289	4579	6687	2651	4797	3121	5200	1798	3864	3472	2374
871	1065	1422	7038	5341	3559	5348	5700	4697	3999	5695	3948	971	5848	496	4759	6621	4436	811	5089	2424	1034	6910	6106	2936	6967	6332	5106	5186	1960	6545	2440	3663	7100	3406	511	3845	3458	1523	2461	6349	6172	449	5229	1592	290	571	5321	1039	7261	2731	2405	6920	4458	2920	3337	2468	120	6905	4005	1839	2531	5971	4158	577	3345	2017	4204	551	2192	1979	1096	2276	5984	795	6588	172	6357	7245	4344	1340	1968	3300	5294	3493	4089	5675	6078	5748	2739	2566	1290	4378	3526	1167	2278	2024	4783	255	7219	385	2881	256	4294	4273	5499	2786	4126	5374	7022	209	3903	4053	5371	7079	5410	1420	1156	294	5681	1868
7044	1210	6275	4417	2613	4663	2329	3623	4675	5937	7096	2657	5450	1428	1362	2126	6871	5714	1677	4283	757	6194	564	1871	6838	1847	4189	2700	1956	494	1262	2484	2837	5452	4101	3946	6536	3673	755	595	1220	3705	544	673	3035	642	4934	1391	4038	2731	7261	898	1254	262	3409	6734	4332	6961	2271	4127	241	2357	1214	5942	493	120	1593	4901	3861	764	5833	2873	531	5148	4863	5430	542	583	4503	5821	589	2803	6147	3101	1880	6345	3506	5201	4002	4199	759	5662	546	5744	1440	2987	4037	6749	1277	2359	671	1012	6191	6976	3361	4214	4748	4206	1998	7147	4896	2437	5523	992	1892	3713	640	5472	6550	3192	3988
3806	4971	6338	320	7236	3067	1547	508	5347	6543	6192	1176	6219	3541	794	1931	4027	154	3830	2056	884	3677	1207	3056	2627	3391	1212	6607	4705	5117	5110	2811	4878	6622	6309	3497	995	6518	5484	4951	5136	6992	2549	4322	5883	3434	6776	120	4030	2405	898	7261	1995	415	2704	960	2672	5564	1224	5735	454	137	2469	6400	684	5287	4157	3444	4515	1307	964	1189	2718	5902	7087	3401	252	2897	173	6600	510	5953	3422	5521	6380	6887	1102	3475	2799	1133	1660	7205	4356	1808	1634	4172	3217	2053	615	4963	4556	627	4198	1759	2062	4137	6745	3584	6478	132	120	6824	460	3239	1643	7064	3689	6856	445	2871	4456
4574	4955	6806	5324	5526	3228	1114	2071	5028	4888	7007	6569	1619	2907	2552	4948	6997	6927	2668	623	1310	2343	2214	701	1311	3734	5803	1508	4964	6737	5482	1357	1823	2184	5178	3244	2851	1131	6360	5057	6032	413	4267	2293	4106	2965	819	6245	6638	6920	1254	1995	7261	2547	4258	4029	6342	446	120	7187	459	6853	7052	1295	2466	7098	4043	3023	2999	7120	6104	6861	4989	3916	3612	1856	6364	4406	7080	2500	1888	1084	120	3731	2970	128	2802	555	1064	2080	476	4692	6459	5594	1425	5492	2093	309	693	5502	4976	936	3085	6116	3594	4851	6950	5284	1983	4632	5193	235	2808	4164	1186	4614	6839	313	1524	3736	6915
2167	2259	3685	2291	7196	6181	1047	120	390	5401	2135	4102	999	7035	5479	7223	5927	7009	4148	4812	5724	817	5860	3371	2290	1197	2638	7067	448	5918	1433	3589	6035	6963	1701	5838	1527	824	6076	4770	4992	7012	1122	2239	2940	5185	3634	443	606	4458	262	415	2547	7261	3362	397	2680	7232	1366	2900	3977	5626	1402	249	4981	5189	2473	4900	1446	5147	2210	6828	6298	844	2069	4592	859	7088	6441	3143	3125	6551	3776	5630	5696	6486	6753	4254	4580	854	6206	6929	3598	298	5702	3964	452	3180	2281	2267	2665	136	5583	888	6785	6267	1161	1476	4122	5427	5373	6495	2546	6019	4758	120	2427	5311	6381	3060	5009
6823	7025	3658	120	6982	1764	1944	1236	2147	543	509	815	2682	1360	1717	2816	7020	1793	4827	2691	7222	7066	895	5885	4926	1504	5087	4916	2161	6148	1996	4946	3841	286	3718	3880	5506	1613	4999	3974	5455	4261	6691	2491	3665	4119	3560	2670	929	2920	3409	2704	4258	3362	7261	1919	3161	2375	4695	6415	7065	2031	4882	3386	3227	2175	2886	1910	6606	6249	4385	6355	5991	4508	5364	1709	6407	831	1475	5880	1049	4857	6329	5275	4600	5281	2872	1060	766	4931	2726	6385	7002	1794	6378	3194	2804	3856	4144	1680	6754	2724	4778	6155	4413	3683	5812	1933	484	4541	4766	2634	2072	5183	5548	782	5668	6780	4626	440	5086
5965	4879	6266	2122	2742	1028	1541	2556	3019	2585	4072	1580	7036	5420	198	120	2408	6501	5315	6852	2166	4669	7217	6830	2911	1136	3100	1299	1382	2614	4447	966	5061	3778	3580	1897	5267	217	487	5125	5108	6659	1166	686	2301	1890	6730	1283	2139	3337	6734	960	4029	397	1919	7261	4510	6036	4671	1867	3252	4606	2244	5361	3523	2361	478	3467	466	722	5423	4736	5316	3001	6018	6170	5616	3415	6046	5312	938	3592	7253	6241	4046	7028	5979	5077	3224	4856	3669	5862	1301	6093	3099	6690	3568	4844	6388	2388	5605	1846	6209	1057	6681	1817	6572	6366	7085	5495	4982	6509	6324	1989	6739	4183	4922	5907	4997	120	1489
1577	1201	4192	5231	227	3208	2929	1021	1906	7200	6336	2379	5180	3532	761	5950	174	204	4684	4749	1624	7112	303	4120	7177	335	5555	5810	5124	1723	3031	4125	1535	5255	997	6020	505	4073	4668	6760	5257	3068	2652	4686	5207	6609	149	6514	1286	2468	4332	2672	6342	2680	3161	4510	7261	2494	707	1997	1085	4849	6913	1753	2181	3566	4910	5633	658	1670	4055	6631	7214	1949	5346	1837	1459	1491	5003	5581	120	6290	5841	6709	2426	269	3200	6733	1877	4201	6554	3309	1442	6846	2445	2601	120	6881	6879	1412	393	4398	7247	2246	6567	2321	120	4771	5237	2555	7084	1633	3520	2364	3006	748	4180	3179	4017	1457	6195
2941	379	3773	5565	6132	4866	2274	4780	1115	668	2078	6521	5624	2372	1675	4940	709	2465	312	3012	6833	5852	6883	4020	2162	6053	1132	4257	7049	4732	660	405	361	5964	4763	6835	2265	6453	401	2328	2101	3290	323	5368	7199	6278	2775	565	858	120	6961	5564	446	7232	2375	6036	2494	7261	927	120	5236	1829	6614	5543	2148	5130	4656	2917	3962	6286	1455	3840	3495	3240	1419	7077	4814	545	4590	5765	6202	699	3040	1618	168	6114	1849	1512	6592	667	4699	2526	4193	5081	3204	5425	3590	4861	3466	1331	830	5625	608	4682	129	1486	5036	1468	2919	3992	5670	6427	7159	2938	3117	6168	6811	3505	6030	5729	703
2180	6995	3945	2769	1706	537	2273	2442	2860	4665	2905	5247	685	4067	4833	5667	2312	3367	1289	1803	887	6512	7054	4195	3488	1112	5227	354	5591	3997	2620	3576	2171	1668	1936	5708	1033	4528	279	4944	5196	1350	7048	1852	3913	1974	2174	4563	6647	6905	2271	1224	120	1366	4695	4671	707	927	7261	7057	3774	1993	5440	2402	4032	2008	4012	3743	120	6220	584	4182	1169	374	6127	5173	4285	652	664	1796	2899	730	799	3659	5480	1040	3882	702	3378	3635	6129	4821	2525	1452	856	973	5750	6101	5844	1107	4459	2540	6746	873	2896	6979	6421	3729	3863	3291	5413	6347	3116	7129	1265	218	1587	6831	3207	1377	504
6888	2115	3982	2425	3833	6171	1788	2235	507	1048	2268	737	186	6840	3277	6058	4791	848	6783	4568	3915	2985	5740	1741	7042	6825	5043	7062	6294	7137	5446	5025	4452	5206	1370	5986	5184	5489	6671	4790	3456	5246	5500	641	5380	1895	3802	120	6288	4005	4127	5735	7187	2900	6415	1867	1997	120	7057	7261	753	3202	6766	6095	3092	4167	625	1174	5872	4687	457	7063	1353	5539	3809	1874	5442	4954	2903	1980	4935	4707	6947	3400	1771	3825	1786	1835	7097	4533	2005	894	6277	316	1533	5406	4912	5240	3184	5096	3797	3421	4247	2209	1235	4190	5554	3927	6713	5417	1059	5529	2260	1602	4983	506	2238	4619	3452	3741	2874
930	3639	1449	5437	3278	7027	5138	655	3229	5997	3957	7004	1387	3769	295	2157	6189	2599	5390	7104	1051	3447	2446	5273	4698	4145	3573	4701	6285	4386	5475	1838	4530	3175	6351	2641	6130	4325	1454	3295	436	1531	2788	5435	3746	3829	275	3617	2945	1839	241	454	459	3977	7065	3252	1085	5236	3774	753	7261	3575	3153	1041	6244	3107	2757	3565	3618	3147	6624	5830	3562	1698	5916	2306	120	3936	5145	5518	1411	2968	253	1438	3118	228	225	2475	2178	4988	6092	578	3230	5870	6052	1755	3513	2930	5817	7029	5766	6660	5010	2149	7237	5461	2368	1951	283	1636	4184	7122	2215	3664	5391	6125	814	5779	2756	6477	6323
4943	3616	4621	3384	6238	935	3501	1255	1184	6808	1434	2514	362	3591	2049	3479	2203	2931	5345	834	1569	6451	3570	3382	6862	3491	530	5606	801	820	3674	1585	4838	5851	4178	6359	3542	2701	1099	7178	6161	2188	3846	5996	271	3013	4637	3025	4140	2531	2357	137	6853	5626	2031	4606	4849	1829	1993	3202	3575	7261	2800	982	3425	7258	2764	5761	6334	1179	120	1445	1579	3438	6386	6246	3055	6325	6962	5644	4960	2818	7138	5677	3747	6199	120	6041	6483	4889	6505	4217	3531	3046	2592	3405	5343	1263	7226	3002	5150	2719	3621	5690	3625	1635	5650	4575	6260	5422	4051	5738	347	4337	6818	7059	1014	6773	4733	485	1940
6882	6187	2708	2877	4877	2243	6814	2222	6799	7001	528	6792	3287	3335	4403	5326	3585	5967	5449	4977	2918	5463	5568	5330	5792	2611	7055	1451	5295	302	2225	5409	5800	6801	4263	4104	5426	797	3135	2376	4871	1669	6142	1522	6772	120	364	1679	2458	5971	1214	2469	7052	1402	4882	2244	6913	6614	5440	6766	3153	2800	7261	4723	1345	5993	3138	6362	3094	3243	5169	420	1806	1087	6633	1870	862	2094	2844	1916	6770	698	1746	4408	1994	3939	4911	3818	5680	3315	3906	5198	2479	7202	4090	940	4824	5408	4729	6061	7195	6488	331	2522	1479	6775	2564	6251	4389	2085	534	4445	5561	341	2128	2923	3842	3868	978	4382	1694
6925	5080	4025	718	6135	6632	7070	3518	6779	1154	7182	120	6159	6214	1432	3744	3115	3764	377	4789	4150	6875	515	4019	4929	4917	3632	1165	1519	4341	516	120	6563	4962	1151	2058	6582	5730	6630	2302	1450	270	6016	6507	5976	5293	2828	6935	563	4158	5942	6400	1295	249	3386	5361	1753	5543	2402	6095	1041	982	4723	7261	4049	2197	5948	1514	1899	6174	4168	4380	2313	5711	3095	5512	1359	2325	2703	2822	803	593	4577	3063	5023	4536	6354	6424	6438	2612	6408	2991	4129	6559	1935	2572	5528	5954	2548	145	5572	1036	3563	3872	6669	880	1639	1117	3695	6538	6932	1571	6468	1202	3609	3355	2354	3102	4815	833	5531
2451	715	5262	7158	2342	5929	324	4396	4442	5333	6487	1719	7006	1473	2057	6282	2776	6902	2628	2831	3168	7146	427	2401	1693	1797	781	6939	1854	4092	5040	6067	2963	495	1516	3606	5780	6560	4045	5737	6613	5414	4500	4118	6317	4229	1605	4985	4480	577	493	684	2466	4981	3227	3523	2181	2148	4032	3092	6244	3425	1345	4049	7261	7255	1356	6699	7248	2778	3342	1199	4855	5771	2348	5679	1352	5910	7069	1269	3156	1545	120	3476	4689	2829	6695	5142	4724	6156	3643	4884	3112	1273	1158	1898	4589	7140	2992	3030	371	221	2561	1125	1043	2969	2607	4314	579	5318	6464	6145	3722	4987	2630	2160	5114	6778	120	2492	1752
3762	3949	4363	6462	3254	4832	3567	4842	4319	4081	7204	1873	756	1615	3519	120	1773	6810	2092	1480	120	6617	6297	7224	3044	4681	3508	2176	3269	3331	3595	4291	120	177	5887	5720	7093	6626	3815	6677	3723	631	4153	1647	3633	6547	3793	621	3781	3345	120	5287	7098	5189	2175	2361	3566	5130	2008	4167	3107	7258	5993	2197	7255	7261	2947	1801	3235	2784	5109	1614	4374	4078	1659	2891	5787	2842	1306	6113	124	4502	2389	558	5370	3699	403	626	4033	5973	2849	7115	2204	4604	7153	1557	289	1193	2912	7076	5939	214	2727	4760	6874	5944	2037	1750	3130	3675	3215	3697	1700	522	5917	200	3142	5144	4487	6083	4642
994	120	1926	3547	6884	3124	3302	2823	2937	184	3404	3667	567	4216	1046	4394	6971	6013	7167	5796	6328	2796	444	7092	4996	3855	6503	4792	943	6398	5230	6928	1975	2199	5969	216	3528	2443	5930	4241	3720	1612	4793	5105	423	5592	7130	6987	1308	2017	1593	4157	4043	2473	2886	478	4910	4656	4012	625	2757	2764	3138	5948	1356	2947	7261	2888	3750	500	5598	3619	7141	3066	4095	1883	6060	4640	6553	3995	802	2185	3888	3535	138	1702	4391	1318	5377	720	1667	1315	474	2051	6750	6045	5366	1329	4042	4613	1250	1011	3740	4826	120	5309	4338	5519	489	3952	885	5637	2237	3887	7254	6764	5160	6877	4166	807	5639
1444	1515	4299	4874	3073	3800	736	2109	5478	240	2403	5272	841	3642	2751	946	2819	6273	3247	3972	3998	3465	3910	2140	609	120	5488	645	7208	1487	1097	2352	3510	1844	6641	467	582	2676	120	3255	4800	2582	6295	6735	2011	4232	5723	1090	3904	4204	4901	3444	3023	4900	1910	3467	5633	2917	3743	1174	3565	5761	6362	1514	6699	1801	2888	7261	4998	3644	194	6485	490	297	2642	2506	3448	4446	120	1915	2242	1372	697	120	904	2902	5146	976	4342	7060	4004	2211	120	120	1025	7000	6257	4683	1453	813	4520	566	5517	2738	5899	6377	5617	2107	972	4573	6319	1718	5768	6586	7213	4450	6689	5017	962	6986	1337
5981	7026	4298	3152	5629	1121	1505	258	4552	2730	337	261	4370	3053	208	4096	2538	7017	6128	4476	3984	1604	1861	3431	376	4087	525	5733	2187	2063	2885	4612	6310	1190	3043	1181	2486	5785	4233	5278	3363	1469	3583	4779	1774	925	120	4722	1629	551	3861	4515	2999	1446	6606	466	658	3962	120	5872	3618	6334	3094	1899	7248	3235	3750	4998	7261	4174	4978	1887	4372	5485	5219	4397	5313	5005	1986	2535	597	1990	586	5477	4454	7192	5365	5030	5263	6167	2169	5751	6906	832	3652	2084	5159	4451	6007	4091	6144	5689	3641	517	7108	333	2183	3817	6789	3486	1775	7172	6210	6720	1530	3687	4913	5026	5551	868	223
3196	1293	3395	789	4179	1077	2598	4711	5772	7023	2003	662	3681	6899	2495	5024	2227	6984	3599	4340	6109	3029	2728	1548	788	646	3947	4432	1927	2516	339	4644	4810	7034	3007	6397	3792	6790	2155	1714	2821	4245	7103	2647	529	1230	893	4830	4160	2192	764	1307	7120	5147	6249	722	1670	6286	6220	4687	3147	1179	3243	6174	2778	2784	500	3644	4174	7261	6399	1081	6434	4290	1576	2565	2950	1071	120	1267	4646	4295	3756	3645	4333	4608	1185	1390	1917	7206	1763	4507	7102	4587	2648	3895	244	3234	6594	6183	6850	5640	1328	2113	1294	4514	3648	419	3301	2574	2392	3093	4431	5831	3096	5008	1575	6341	488	4303	3226
585	6111	3253	4995	1194	5580	1358	6370	3344	2584	3169	4377	212	4535	3492	4633	3668	3108	3891	6537	2753	2456	4088	5112	4320	6981	4662	5710	5268	4326	4110	5266	2669	5611	1932	3211	2134	6700	143	1245	2462	6723	4899	382	3761	5610	1922	6526	499	1979	5833	964	6104	2210	4385	5423	4055	1455	584	457	6624	120	5169	4168	3342	5109	5598	194	4978	6399	7261	1247	2414	1003	4035	6649	6153	2573	5890	5084	4636	1976	6311	3185	1716	2439	843	3343	902	7005	1055	4497	5952	6522	6629	3334	2824	3827	1183	1287	4647	2044	5760	3005	3768	1061	2385	3862	400	199	3059	386	1925	285	2722	4441	5935	3724	3973	2009	2596
481	6140	3651	4726	5566	3077	2671	3620	4435	2771	1525	6797	6414	201	3231	120	5856	251	1278	2261	883	864	1631	3832	3624	879	120	6914	6303	2220	769	2089	1206	3311	4933	527	187	3758	2790	1464	4147	4185	5992	2050	1223	3901	6990	4829	4307	1096	2873	1189	6861	6828	6355	4736	6631	3840	4182	7063	5830	1445	420	4380	1199	1614	3619	6485	1887	1081	1247	7261	416	1037	1556	4942	3690	6243	282	1760	6793	1546	3136	1493	2983	4265	3158	6721	6005	913	1689	1406	4869	7186	1776	747	4097	4645	2407	5280	6804	687	5214	4187	5839	6916	4351	2846	1062	409	1405	2674	2673	2785	1297	6322	3137	3098	6350	4365	3920
4676	4044	1734	5920	3070	4224	4013	120	3080	3958	1279	6557	6363	5161	4488	475	6955	4079	2964	6088	1348	3205	2428	986	993	6769	1319	5298	3219	2102	175	741	3917	1164	6339	4952	6389	5850	4098	723	7050	7095	7185	5659	2959	916	6549	4419	2563	2276	531	2718	4989	6298	5991	5316	7214	3495	1169	1353	3562	1579	1806	2313	4855	4374	7141	490	4372	6434	2414	416	7261	2100	5337	1313	4721	4596	1959	3517	120	3985	2558	6050	4471	2365	2618	2624	2689	5384	7243	842	1309	7210	3919	1985	5570	5783	5363	1233	5642	2163	5597	1904	1484	1073	7086	4594	691	3435	1841	6605	3884	120	5471	327	1093	383	3711	1573	2768
3050	4781	1300	5808	4171	5698	6348	2841	6066	839	1934	2305	4348	2746	3377	5223	5666	3838	5815	1074	1543	4643	6662	3411	6075	2090	356	4031	2943	924	5055	5222	1416	2270	2643	1902	1239	6672	5596	6798	6232	6484	7148	2032	3218	1155	4782	3373	3925	5984	5148	5902	3916	844	4508	3001	1949	3240	374	5539	1698	3438	1087	5711	5771	4078	3066	297	5485	4290	1003	1037	2100	7261	480	5575	1386	2449	7039	3921	5022	3889	5834	342	7160	6758	5342	6918	2067	6461	3350	4473	325	2732	2341	5344	1256	6527	5001	672	5977	3933	590	5033	5213	120	5745	6442	6420	3392	2347	1192	120	4862	3109	3214	424	120	4538	7173	1820
2236	6645	4680	3649	3489	7083	3356	3388	5757	5776	4688	4453	5019	4890	6519	2587	5454	2075	3087	2774	4255	2658	192	5855	2349	2686	1147	3047	4286	1885	1304	4498	2740	5048	6651	3170	3160	5634	6795	1417	1878	7190	4881	2523	3953	6346	3772	4584	3944	795	4863	7087	3612	2069	5364	6018	5346	1419	6127	3809	5916	6386	6633	3095	2348	1659	4095	2642	5219	1576	4035	1556	5337	480	7261	2710	120	321	1448	120	4041	1686	1620	4276	5763	338	2480	5152	3961	706	6895	2275	3834	7241	3819	3782	7051	4132	6057	2344	1589	3262	5058	2114	3449	7220	287	1685	4605	1385	1029	818	5235	5261	3024	1900	6627	6530	1950	1079	3798
3871	7165	3521	6611	2517	4897	6435	2173	7011	3383	4242	277	1984	5306	120	4115	4131	4661	6331	4843	1228	1342	2010	5542	907	6062	6469	6949	4891	6180	3145	4557	2422	5445	574	5254	1118	1792	1622	2322	6956	1204	142	3126	4788	657	3364	6470	2269	6588	5430	3401	1856	4592	1709	6170	1837	7077	5173	1874	2306	6246	1870	5512	5679	2891	1883	2506	4397	2565	6649	4942	1313	5575	2710	7261	4316	3955	468	3149	6292	2286	2551	6541	2296	6858	4465	891	3700	5719	1674	2108	4731	5465	947	3305	7033	825	7032	2935	3325	1661	3127	3396	2095	182	2681	3502	2586	2356	2316	1845	1213	1642	5573	120	3057	3614	1876	3555	5264
1089	6188	6558	6517	2216	1914	3851	5143	5428	2854	1831	2360	2396	6229	5715	2862	910	3020	4282	6028	956	276	1496	2806	3712	4402	7145	5547	2518	2045	1461	2070	3788	4011	1088	2125	2099	4820	648	1393	4448	5127	368	5075	3174	2883	5115	5279	5622	172	542	252	6364	859	6407	5616	1459	4814	4285	5442	120	3055	862	1359	1352	5787	6060	3448	5313	2950	6153	3690	4721	1386	120	4316	7261	1354	1436	5889	1754	2247	2948	5052	909	695	233	4481	580	5646	1591	2131	3844	3902	2709	1946	2926	5432	3951	6248	2720	2524	2371	6169	7256	5182	1208	5966	4163	5014	3692	2459	7250	1683	1748	865	5155	6353	663	6520	3843
6017	6534	5932	2048	5701	4523	5379	1499	3148	6374	970	1987	6226	120	2164	2472	4170	2103	6493	4919	3707	4809	6821	4938	5035	908	4270	1429	3439	7240	4805	7161	1365	1544	872	6163	4841	3540	1623	4876	2327	6401	4834	5357	5100	1095	1138	5764	5149	6357	583	2897	4406	7088	831	3415	1491	545	652	4954	3936	6325	2094	2325	5910	2842	4640	4446	5005	1071	2573	6243	4596	2449	321	3955	1354	7261	7003	2079	6936	725	944	1833	4537	3351	6692	4652	4839	6084	6616	721	5095	3923	4850	375	3897	5820	2915	5638	6293	2878	3522	1317	2083	5687	619	3603	2399	4400	1599	4914	3820	5012	5559	5027	2762	5301	1312	1967	4234
2880	7163	120	5360	306	1137	429	6247	1124	5032	1843	1824	3550	767	1462	1076	2567	1215	3545	3928	3777	3883	5056	4165	4927	3298	5208	6718	1460	4937	381	1024	6568	4966	5886	2382	185	3816	2038	5436	2363	3661	4501	2588	6975	5451	3602	120	170	7245	4503	173	7080	6441	1475	6046	5003	4590	664	2903	5145	6962	2844	2703	7069	1306	6553	120	1986	120	5890	282	1959	7039	1448	468	1436	7003	7261	6466	605	4904	2381	1654	2603	3051	131	311	1992	4666	2761	202	2230	6059	3165	3164	3162	1941	4627	1218	5990	2758	3327	1347	5392	6948	587	5620	5256	2807	1889	2955	735	5825	6589	1640	1211	3114	620	2231	727
1018	5444	1799	2845	806	3850	5329	694	408	4463	5470	1769	4437	980	2696	3765	2431	2022	4986	6391	6623	2303	5983	5897	7072	4974	2855	2520	5053	3436	3666	6452	2448	4859	120	1470	4685	2400	6261	3533	3714	7128	1105	5778	1691	120	3064	3272	6528	4344	5821	6600	2500	3143	5880	5312	5581	5765	1796	1980	5518	5644	1916	2822	1269	6113	3995	1915	2535	1267	5084	1760	3517	3921	120	3149	5889	2079	6466	7261	265	3934	3991	4730	267	4531	2545	3628	1687	7193	1395	414	2910	5217	6152	373	5303	4677	3082	3629	135	2749	5864	4907	7157	4251	6472	4870	2027	5245	6768	3691	7058	6848	3471	1789	4898	6571	3918	1921	5688
165	6625	5989	5006	453	6063	4136	4751	2272	4512	4186	431	607	3549	7238	3463	5877	6788	2882	3054	1733	4240	4746	4225	6813	1864	4407	1708	1188	5912	2350	1953	1403	4324	3338	1825	1026	945	5225	3015	1346	2077	1249	1509	6094	4105	6337	6047	1253	1340	589	510	1888	3125	1049	938	120	6202	2899	4935	1411	4960	6770	803	3156	124	802	2242	597	4646	4636	6793	120	5022	4041	6292	1754	6936	605	265	7261	2404	4710	760	4226	6240	357	1162	6358	5589	5734	1443	4003	6639	1903	4443	6205	6343	1274	2132	3987	4357	1965	2436	6082	6446	2580	3821	6968	486	4865	2559	2394	2797	990	2695	1875	3313	6369	247	6230
5998	5822	156	230	7246	4373	5691	3312	3232	492	961	860	3352	5402	917	4068	919	6254	4244	3427	1144	3605	2033	4886	152	7198	835	6765	5163	2714	2863	5000	5963	1229	5411	3507	4083	1858	3760	7021	4250	1787	933	5865	2610	780	3611	1447	2977	1968	2803	5953	1084	6551	4857	3592	6290	699	730	4707	2968	2818	698	593	1545	4502	2185	1372	1990	4295	1976	1546	3985	3889	1686	2286	2247	725	4904	3934	2404	7261	5497	591	4362	5453	1106	1242	7257	2604	4292	1187	5653	6182	4221	866	5167	1851	5958	2914	6751	4559	4074	4598	120	738	6224	5840	6110	4114	503	3259	5576	140	2975	5049	120	3879	7109	3657	6411
2510	4327	6763	2470	3807	4848	853	2460	3273	2635	4409	6996	3195	2623	4215	193	5579	6102	5438	1836	805	5623	180	6422	3216	2277	6021	4347	3314	5304	1665	4393	2153	4804	158	3660	2973	6352	2834	6074	6340	2021	5088	3074	1583	6539	4086	191	1083	3300	6147	3422	120	3776	6329	7253	5841	3040	799	6947	253	7138	1746	4577	120	2389	3888	697	586	3756	6311	3136	2558	5834	1620	2551	2948	944	2381	3991	4710	5497	7261	120	4346	5673	6931	365	594	2488	1672	1834	3678	6946	4524	6492	7089	148	3286	1110	1743	5074	4892	5618	5609	3086	2042	6235	3706	2798	3462	3197	1688	1148	6574	7139	2262	2168	2413	4252	2417
2076	6481	1842	2463	1010	6525	3900	389	7131	4953	2793	6439	5900	2625	2430	2894	5804	5011	918	2158	162	4438	2805	4847	5234	2895	4479	4205	1766	6898	3790	5861	4709	120	5177	4979	659	3937	5921	6006	6598	5635	120	4212	5288	734	4777	5513	3482	5294	3101	5521	3731	5630	5275	6241	6709	1618	3659	3400	1438	5677	4408	3063	3476	558	3535	120	5477	3645	3185	1493	6050	342	4276	6541	5052	1833	1654	4730	760	591	120	7261	1616	6274	4281	617	3704	981	3655	4313	1374	1243	3022	5793	7149	4317	5433	1002	7252	6068	5671	5924	3839	120	3394	3529	4070	3330	6122	7155	2644	5307	5382	827	4468	2889	3260	3155	6865
875	6573	2429	3965	2040	5385	2699	4069	4109	5083	1684	3703	5002	2232	4750	5859	332	2654	3552	1712	7179	4757	5577	1762	4355	822	6356	739	988	6870	1080	2646	4056	676	4494	120	2052	5731	3038	2124	4618	6636	6000	1942	5982	6158	1542	1655	1807	3493	1880	6380	2970	5696	4600	4046	2426	168	5480	1771	3118	3747	1994	5023	4689	5370	138	904	4454	4333	1716	2983	4471	7160	5763	2296	909	4537	2603	267	4226	4362	4346	1616	7261	1657	1578	7101	6404	3322	4311	264	752	4610	6037	2809	4764	6674	5031	2733	1231	6301	3416	5649	5514	6741	7168	5853	4272	2541	1068	2481	6207	2744	1503	2156	6242	1539	5062	6872	2474
120	4591	719	5107	2675	1170	2145	4360	3534	540	3622	3199	4376	472	4527	4794	847	4768	391	855	1456	120	5334	957	2218	774	6994	4818	3886	1704	1100	5424	2606	3654	2840	2633	4227	179	6409	4304	5874	2925	7152	1658	4490	1045	5399	2205	4924	4089	6345	6887	128	6486	5281	7028	269	6114	1040	3825	228	6199	3939	4536	2829	3699	1702	2902	7192	4608	2439	4265	2365	6758	338	6858	695	3351	3051	4531	6240	5453	5673	6274	1657	7261	5369	4219	5389	1963	1244	5867	2687	133	6777	7230	6253	4412	1955	438	2519	3319	560	1511	5789	5627	6587	4425	3042	2593	5960	2503	1739	3688	5945	5122	4284	6010	3543	4243	3021
6604	7239	6494	5448	234	224	3470	3455	120	5769	359	6601	3071	4561	6026	4572	2683	2377	1607	2650	2893	2568	3083	4525	2255	3468	5584	7013	222	120	4555	2637	2254	3453	1722	2097	1344	1399	4354	2861	3464	1814	3036	6731	120	5354	3852	2241	5192	5675	3506	1102	2802	6753	2872	5979	3200	1849	3882	1786	225	120	4911	6354	6695	403	4391	5146	5365	1185	843	3158	2618	5342	2480	4465	233	6692	131	2545	357	1106	6931	4281	1578	5369	7261	120	1129	4022	6384	2177	3201	1292	3110	120	3242	3909	1351	2981	2629	4806	372	6826	6175	5285	5603	6103	742	4542	5016	2817	2380	989	4540	7169	4381	1053	4318	4887	991
3701	7045	4387	526	6433	5066	5339	1264	3799	2688	1305	3171	5721	4906	4696	3694	4672	2908	5884	5706	5314	5898	4112	3106	4495	3349	2369	1830	1404	5943	1388	5051	1119	6430	6211	2055	1720	682	6372	1078	4521	6832	6533	5631	1052	3626	6555	7113	3754	6078	5201	3475	555	4254	1060	5077	6733	1512	702	1835	2475	6041	3818	6424	5142	626	1318	976	5030	1390	3343	6721	2624	6918	5152	891	4481	4652	311	3628	1162	1242	365	617	7101	4219	120	7261	2105	3787	5619	3078	6593	4581	4991	4484	6564	6708	4588	1368	5388	3481	5988	6234	3963	1349	633	6827	5869	2857	3365	1809	2697	5557	2770	4040	3178	4504	4414	4007	7056
6284	6937	6065	881	4718	637	3941	5358	3412	535	4852	2866	6729	3986	4455	144	6548	5949	5806	4349	4076	3122	5064	6218	2904	557	1637	4543	1621	2249	3866	3640	1978	6787	714	5434	2962	4099	6200	5300	1219	3076	2041	6080	197	4239	3220	1568	1962	5748	4002	2799	1064	4580	766	3224	1877	6592	3378	7097	2178	6483	5680	6438	4724	4033	5377	4342	5263	1917	902	6005	2689	2067	3961	3700	580	4839	1992	1687	6358	7257	594	3704	6404	5389	1129	2105	7261	3069	318	120	120	4597	6134	5350	163	3347	430	3613	6429	3745	7144	3014	3222	5845	6933	6565	7249	2621	3366	246	2081	1379	2663	5118	1971	6222	5483	1671	2884
7075	1751	5882	7188	5974	2952	6051	601	483	763	5353	2129	2019	281	5835	4113	6186	4526	1756	1528	1069	4700	1178	4268	6320	5908	1226	5376	562	120	1108	1232	1859	1554	6675	4654	1948	2284	3899	196	5901	1020	3188	3610	1123	1198	5537	2707	7106	2739	4199	1133	2080	854	4931	4856	4201	667	3635	4533	4988	4889	3315	2612	6156	5973	720	7060	6167	7206	7005	913	5384	6461	706	5719	5646	6084	4666	7193	5589	2604	2488	981	3322	1963	4022	3787	3069	7261	4674	3146	857	3018	2989	3249	4123	2025	178	6535	3656	2047	874	2852	3954	2830	3407	6300	6704	5102	6039	2576	2498	5308	649	1757	581	1237	4071	6682	1335
3557	5809	4658	5383	3084	1098	2814	4277	2759	6086	4207	2956	2074	4505	5386	5398	215	3874	7046	5739	4691	2383	5873	2476	6178	6743	5962	4103	1586	3804	3190	3000	3835	4761	4634	5474	7201	4516	1371	5726	6755	3702	1884	2512	5802	6892	4576	1466	1812	2566	759	1660	476	6206	2726	3669	6554	4699	6129	2005	6092	6505	3906	6408	3643	2849	1667	4004	2169	1763	1055	1689	7243	3350	6895	1674	1591	6616	2761	1395	5734	4292	1672	3655	4311	1244	6384	5619	318	4674	7261	5029	3261	5972	6201	501	2366	570	3279	5063	120	4639	5476	4664	1560	1565	6475	2578	5641	6418	4485	6070	1408	3873	3408	2569	5826	2694	3212	3539	5387
4440	5791	4836	4599	6228	5709	4146	770	1495	2690	2678	2014	754	7231	5243	5660	1238	6463	2170	680	886	2993	3032	4786	2189	1070	541	5459	6215	6231	2229	238	130	5355	5116	5468	1336	6449	6474	1284	120	6141	4208	6022	5799	6668	2493	2398	1563	1290	5662	7205	4692	6929	6385	5862	3309	2526	4821	894	578	4217	5198	2991	4884	7115	1315	2211	5751	4507	4497	1406	842	4473	2275	2108	2131	721	202	414	1443	1187	1834	4313	264	5867	2177	3078	120	3146	5029	7261	334	3912	2990	3494	5203	139	6011	3474	3719	6305	5585	3187	5320	5498	6901	2444	6761	6164	4517	1498	6904	2870	1203	5156	392	5657	1912	4220	1947
4609	3478	458	533	941	5429	6302	2750	3423	6599	260	2791	344	7134	5224	4433	2029	952	1710	5933	6313	2339	804	1682	330	1271	2954	3360	4968	6112	3017	1608	5238	5171	3271	3248	3525	4775	5271	5857	2323	2196	3929	2833	4401	4845	3588	7030	6854	4378	546	4356	6459	3598	7002	1301	1442	4193	2525	6277	3230	3531	2479	4129	3112	2204	474	120	6906	7102	5952	4869	1309	325	3834	4731	3844	5095	2230	2910	4003	5653	3678	1374	752	2687	3201	6593	120	857	3261	334	7261	5170	2944	6822	6803	6056	6133	2832	4860	1338	4825	5621	3784	3324	3402	288	4271	3853	934	6118	897	5041	2661	5253	2345	5131	5244	2200	826
808	5569	2423	1555	2760	2006	6977	1731	4395	6740	6513	7180	4650	5151	743	394	2410	4486	2557	231	6859	728	5727	2082	954	3679	6903	6747	4343	4694	1594	1938	3826	5158	6845	6834	4548	360	2467	1323	6646	1848	7242	3420	2782	6724	3823	2748	3935	3526	5744	1808	5594	298	1794	6093	6846	5081	1452	316	5870	3046	7202	6559	1273	4604	2051	120	832	4587	6522	7186	7210	2732	7241	5465	3902	3923	6059	5217	6639	6182	6946	1243	4610	133	1292	4581	4597	3018	5972	3912	5170	7261	4607	3090	4210	2000	2589	4823	5818	3430	3875	5276	4124	2608	2245	899	5767	4799	6610	120	3504	7127	6004	3393	5925	5876	6395	5699	4197
549	5801	1013	1581	758	3686	4923	7015	7216	5658	2659	2046	4330	1227	4624	5139	3581	4176	3490	1139	4000	2432	120	5712	2119	4287	3417	959	3103	5103	1552	3848	6040	6416	5520	4787	6392	6124	183	5652	1597	349	3978	1022	1401	1191	1501	2725	2994	1167	1440	1634	1425	5702	6378	3099	2445	3204	856	1533	6052	2592	4090	1935	1158	7153	6750	1025	3652	2648	6629	1776	3919	2341	3819	947	2709	4850	3165	6152	1903	4221	4524	3022	6037	6777	3110	4991	6134	2989	6201	2990	2944	4607	7261	3283	2304	6926	2640	5134	6504	3859	6897	2812	3048	4835	6532	2660	450	7164	949	2590	3828	5104	3796	7235	3111	3223	3321	304	2763
800	2949	708	3033	1855	5636	1400	3440	5995	126	6728	2932	1891	6807	1007	5323	3579	2309	4278	870	4306	7233	6055	732	7124	2028	1160	5655	2206	1601	2967	561	1850	2172	2717	987	6866	5415	3257	3081	643	6900	6368	4138	6269	4534	5505	3708	3186	2278	2987	4172	5492	3964	3194	6690	2601	5425	973	5406	1755	3405	940	2572	1898	1557	6045	7000	2084	3895	3334	747	1985	5344	3782	3305	1946	375	3164	373	4443	866	6492	5793	2809	7230	120	4484	5350	3249	501	3494	6822	3090	3283	7261	1355	3940	5065	790	4009	2146	776	5181	4744	4975	5756	1222	3113	7111	4039	5684	6999	6423	1120	125	5794	6744	4623	3061	6952
3037	122	4309	4631	4565	6944	2848	6706	3413	6136	920	5349	6330	3980	4466	6281	5038	2086	2179	3141	1805	711	2729	2502	395	3990	6869	2571	3831	6432	4932	6105	120	4747	2253	2997	6597	5393	4518	1316	1761	5811	5530	4578	5072	6715	3473	5412	634	2024	4037	3217	2093	452	2804	3568	120	3590	5750	4912	3513	5343	4824	5528	4589	289	5366	6257	5159	244	2824	4097	5570	1256	7051	7033	2926	3897	3162	5303	6205	5167	7089	7149	4764	6253	3242	6564	163	4123	2366	5203	6803	4210	2304	1355	7261	1330	3485	4908	2452	5251	5574	5717	787	4840	3267	1690	1324	1740	4054	4200	2787	4725	939	6431	1027	514	406	2979	622
2792	4155	5069	6894	2527	5292	4420	726	5828	1905	3911	4522	6575	4260	5753	6291	3157	189	3317	6176	432	4883	3251	5359	4301	3636	569	120	1478	3341	2656	5728	1116	2121	1625	1072	6296	5504	6098	4289	1821	3892	3189	5786	639	974	3270	3662	1840	4783	6749	2053	309	3180	3856	4844	6881	4861	6101	5240	2930	1263	5408	5954	7140	1193	1329	4683	4451	3234	3827	4645	5783	6527	4132	825	5432	5820	1941	4677	6343	1851	148	4317	6674	4412	3909	6708	3347	2025	570	139	6056	2000	6926	3940	1330	7261	120	6473	3139	3803	4678	2684	2779	6752	6099	2182	1600	1999	273	798	2287	1135	190	7091	3276	4716	219	151	5550
6841	4211	4169	5980	812	6064	2570	4237	1703	4461	1282	1248	1067	7197	6393	7162	6570	426	6921	5094	6412	404	3569	2619	5098	6941	2616	4156	412	7133	7251	3647	2960	4269	6767	1142	6815	378	4149	6252	1038	4177	497	5164	2088	5068	4028	5381	6335	255	1277	615	693	2281	4144	6388	6879	3466	5844	3184	5817	7226	4729	2548	2992	2912	4042	1453	6007	6594	1183	2407	5363	5001	6057	7032	3951	2915	4627	3082	1274	5958	3286	5433	5031	1955	1351	4588	430	178	3279	6011	6133	2589	2640	5065	3485	120	7261	614	3459	120	5212	3097	5126	7191	6812	7183	6686	120	3233	6276	315	6373	4231	2869	6800	5510	4928	5608	5070
1303	1879	1827	6652	6922	3072	773	6930	6029	556	1534	2039	2154	6683	380	5563	7150	2745	713	6656	6042	2112	5191	2579	4230	740	346	120	4993	4024	3725	5394	1159	7125	4262	6531	6578	5823	1361	6756	900	5593	2250	5403	828	6640	2143	1920	5491	7219	2359	4963	5502	2267	1680	2388	1412	1331	1107	5096	7029	3002	6061	145	3030	7076	4613	813	4091	6183	1287	5280	1233	672	2344	2935	6248	5638	1218	3629	2132	2914	1110	1002	2733	438	2981	1368	3613	6535	5063	3474	2832	4823	5134	790	4908	6473	614	7261	5481	5758	4427	7175	2421	4742	2853	5985	4368	1343	3538	2150	2324	4739	5291	5595	6907	2004	5165	6417	1907
4586	2961	2928	5819	5458	120	5773	2299	2534	3932	3858	4026	5282	5375	4958	2310	2839	6524	2065	1140	451	4920	5252	1397	559	2064	6552	5190	5111	1540	1795	2411	3726	1966	1175	602	5784	6361	4706	5807	6876	996	5842	3979	2208	6376	3597	6212	4064	385	671	4556	4976	2665	6754	5605	393	830	4459	3797	5766	5150	7195	5572	371	5939	1250	4520	6144	6850	4647	6804	5642	5977	1589	3325	2720	6293	5990	135	3987	6751	1743	7252	1231	2519	2629	5388	6429	3656	120	3719	4860	5818	6504	4009	2452	3139	3459	5481	7261	5946	1777	5018	3354	5863	1009	1507	733	3732	5239	6857	6722	418	5875	6665	3753	5085	6490	2280	2030
749	120	4496	3785	3537	6634	5832	937	367	3586	3477	5447	636	5496	2879	1415	4259	4903	2752	3968	2464	176	4063	4302	203	1513	6919	1666	1474	1418	7212	5752	6909	2013	912	3380	688	6237	3824	293	6701	4670	4984	2508	411	5099	134	724	4947	2881	1012	627	936	136	2724	1846	4398	5625	2540	3421	6660	2719	6488	1036	221	214	1011	566	5689	5640	2044	687	2163	3933	3262	1661	2524	2878	2758	2749	4357	4559	5074	6068	6301	3319	4806	3481	3745	2047	4639	6305	1338	3430	3859	2146	5251	3803	120	5758	5946	7261	6679	2307	2378	4297	1973	2333	1463	5749	195	6069	5602	1923	4703	2133	3176	3627	387	5903	2141
7078	744	1506	5645	1383	3786	1695	4036	1134	5007	1216	3822	731	2297	2772	6719	5613	1711	852	5220	1017	616	1407	2736	518	5211	5241	3527	1952	5204	120	6025	6680	5215	3728	1886	656	3370	4558	1396	5895	1765	1894	464	5533	3709	1721	6664	6966	256	6191	4198	3085	5583	4778	6209	7247	608	6746	4247	5010	3621	331	3563	2561	2727	3740	5517	3641	1328	5760	5214	5597	590	5058	3127	2371	3522	3327	5864	1965	4074	4892	5671	3416	560	372	5988	7144	874	5476	5585	4825	3875	6897	776	5574	4678	5212	4427	1777	6679	7261	3181	120	1467	5302	4902	5816	5511	1272	6443	7114	692	4048	280	6843	3258	4593	1767	6893
3748	239	5588	1173	399	1103	2529	3676	3959	4715	923	3011	1019	712	3003	2927	6299	6120	4426	4585	2219	1288	4116	3930	5113	7041	120	2054	3374	2362	6498	3119	3593	5397	3442	678	710	1562	850	4492	6508	4965	5894	1882	3966	3105	1490	5847	6771	4294	6976	1759	6116	888	6155	1057	2246	4682	873	2209	2149	5690	2522	3872	1125	4760	4826	2738	517	2113	3005	4187	1904	5033	2114	3396	6169	1317	1347	4907	2436	4598	5618	5924	5649	1511	6826	6234	3014	2852	4664	3187	5621	5276	2812	5181	5717	2684	3097	7175	5018	2307	3181	7261	3672	4142	6802	1572	2043	5195	6448	3206	248	159	146	6585	5683	1281	4506	5774	3650
5770	2958	5132	4872	6344	2743	120	310	3716	3730	2340	3429	6279	3275	1696	5527	1113	845	447	6556	1816	3418	4390	220	5587	4657	6666	2504	6851	6670	257	1217	5914	6223	6500	5743	1240	3546	7211	1908	2810	5327	977	410	3182	2898	4885	4434	5351	4273	3361	2062	3594	6785	4413	6681	6567	129	2896	1235	7237	3625	1479	6669	1043	6874	120	5899	7108	1294	3768	5839	1484	5213	3449	2095	7256	2083	5392	7157	6082	120	5609	3839	5514	5789	6175	3963	3222	3954	1560	5320	3784	4124	3048	4744	787	2779	5126	2421	3354	2378	120	3672	7261	1270	1394	4256	4246	6529	5335	2355	2471	123	1610	4819	121	6655	1381	5090	1333
1869	1957	167	6653	3993	3333	3994	226	2152	984	1588	6658	4323	2636	2207	407	3564	6985	348	1929	1791	5612	6480	3433	2066	2509	1582	1172	1322	5913	6880	892	6711	3483	5487	2513	5076	6791	4107	1977	4735	1939	5741	5233	2850	2909	1863	4312	5558	5499	4214	4137	4851	6267	3683	1817	2321	1486	6979	4190	5461	1635	6775	880	2969	5944	5309	6377	333	4514	1061	6916	1073	120	7220	182	5182	5687	6948	4251	6446	738	3086	120	6741	5627	5285	1349	5845	2830	1565	5498	3324	2608	4835	4975	4840	6752	7191	4742	5863	4297	1467	4142	1270	7261	5682	5097	319	435	1058	3574	5959	5836	2922	6970	6308	4075	7019	4660	5978
4345	6847	1790	7118	6923	3027	5601	4973	7166	1042	4969	1006	3684	455	278	4939	4755	6072	791	5050	2843	4653	4423	4712	120	5037	729	498	4846	4464	4052	2600	4756	6216	343	610	5888	237	6603	4308	4994	3808	6198	5716	296	3403	6390	4300	6863	2786	4748	6745	6950	1161	5812	6572	120	5036	6421	5554	2368	5650	2564	1639	2607	2037	4338	5617	2183	3648	2385	4351	7086	5745	287	2681	1208	619	587	6472	2580	6224	2042	3394	7168	6587	5603	633	6933	3407	6475	6901	3402	2245	6532	5756	3267	6099	6812	2853	1009	1973	5302	6802	1394	5682	7261	5909	6579	2263	4511	948	4595	786	777	4875	2292	3172	1075	2447	1485
6002	2330	6896	5101	3133	1500	4023	1260	5535	1483	1651	3971	2294	4253	7090	4058	2698	1291	2685	4173	421	5931	1153	2233	284	6885	882	340	6628	1241	4769	6193	4080	6406	2639	4014	6698	1559	3336	3849	120	4811	5781	1261	3536	4772	2490	3123	6836	4126	4206	3584	5284	1476	1933	6366	4771	1468	3729	3927	1951	4575	6251	1117	4314	1750	5519	2107	3817	419	3862	2846	4594	6442	1685	3502	5966	3603	5620	4870	3821	5840	6235	3529	5853	4425	6103	6827	6565	6300	2578	2444	288	899	2660	1222	1690	2182	7183	5985	1507	2333	4902	1572	4256	5097	5909	7261	3280	1435	3811	2737	3548	402	6009	2319	3045	6482	3209	1430	775
6974	5922	3869	2026	470	6196	6657	4570	6953	4719	4529	3870	630	206	1302	1520	2318	4018	2212	211	7053	6714	6258	7119	4551	3554	384	2434	3167	2887	6096	3041	5797	4469	6650	7181	120	4415	2543	1958	6562	353	6702	5205	1209	5915	1584	7228	2554	5374	1998	6478	1983	4122	484	7085	5237	2919	3863	6713	283	6260	4389	3695	579	3130	489	972	6789	3301	400	1062	691	6420	4605	2586	4163	2399	5256	2027	6968	6110	3706	4070	4272	3042	742	5869	7249	6704	5641	6761	4271	5767	450	3113	1324	1600	6686	4368	733	1463	5816	2043	4246	319	6579	3280	7261	1551	4249	3132	6951	7016	4765	4472	3876	4949	7018	1044	6497
5540	915	5296	6796	2258	4236	1972	4016	3263	751	6908	5325	3922	3203	6642	4367	3426	6860	352	3836	3376	3089	2773	2370	2813	5961	5532	1911	6590	5013	1518	5911	4141	4315	3414	3008	647	120	963	3950	2953	1426	1389	6663	2136	3091	3445	877	3931	7022	7147	132	4632	5427	4541	5495	2555	3992	3291	5417	1636	5422	2085	6538	5318	3675	3952	4573	3486	2574	199	409	3435	3392	1385	2356	5014	4400	2807	5245	486	4114	2798	3330	2541	2593	4542	2857	2621	5102	6418	6164	3853	4799	7164	7111	1740	1999	120	1343	3732	5749	5511	5195	6529	435	2263	1435	1551	7261	5352	6454	4331	155	120	1111	3328	2193	7135	6867	4392
5119	3698	5678	3794	6131	5378	4905	2266	7031	433	5168	1296	6849	259	6087	2282	983	7121	6637	6596	1549	689	3837	6079	3460	6108	6312	4430	3981	3671	2721	669	4181	1663	5955	6710	965	942	600	1819	6959	3198	2224	5837	6809	1526	5556	553	3289	209	4896	120	5193	5373	4766	4982	7084	5670	5413	1059	4184	4051	534	6932	6464	3215	885	6319	1775	2392	3059	1405	1841	2347	1029	2316	3692	1599	1889	6768	4865	503	3462	6122	1068	5960	5016	3365	3366	6039	4485	4517	934	6610	949	4039	4054	273	3233	3538	5239	195	1272	6448	5335	1058	4511	3811	4249	5352	7261	7174	4822	4615	1482	6972	768	5218	4690	889	5590
5507	5553	2034	1815	1772	308	953	6221	6382	5686	3353	6673	6786	5503	1086	2435	2550	6375	5078	837	2693	120	6584	4188	4275	4428	5405	3062	2713	3049	1327	370	5722	1141	3487	150	2120	7209	6177	2982	7126	477	4213	4151	5755	5395	471	263	4579	3903	2437	6824	235	6495	2634	6509	1633	6427	6347	5529	7122	5738	4445	1571	6145	3697	5637	1718	7172	3093	386	2674	6605	1192	818	1845	2459	4914	2955	3691	2559	3259	3197	7155	2481	2503	2817	1809	246	2576	6070	1498	6118	120	2590	5684	4200	798	6276	2150	6857	6069	6443	3206	2355	3574	948	2737	3132	6454	7174	7261	598	3509	6143	2951	4152	3857	2285	5154	6661
1367	539	1872	2252	1954	653	3166	628	696	2482	2288	3484	851	2702	3329	4424	5790	1298	6255	1943	1768	6165	5265	5805	4093	479	329	1738	548	2091	6820	967	6333	6542	2597	2018	7189	3346	2106	4635	3742	1421	2645	2632	596	7132	705	6829	6687	4053	5523	460	2808	2546	2072	6324	3520	7159	3116	2260	2215	347	5561	6468	3722	1700	2237	5768	6210	4431	1925	2673	3884	120	5235	1213	7250	3820	735	7058	2394	5576	1688	2644	6207	1739	2380	2697	2081	2498	1408	6904	897	3504	3828	6999	2787	2287	315	2324	6722	5602	7114	248	2471	5959	4595	3548	6951	4331	4822	598	7261	3173	1221	568	1736	4544	166	4762	120
1828	6367	5919	513	2144	1804	1781	6615	6762	4134	358	3461	120	5892	2002	4837	6287	314	5082	4371	4743	3878	1056	3600	5249	6467	1930	2198	4893	3607	6969	5732	2455	5469	120	1628	1785	6089	6540	2412	4704	5093	604	6371	6703	291	7151	968	2651	5371	992	3239	4164	6019	5183	1989	2364	2938	7129	1602	3664	4337	341	1202	4987	522	3887	6586	6720	5831	285	2785	120	4862	5261	1642	1683	5012	5825	6848	2797	140	1148	5307	2744	3688	989	5557	1379	5308	3873	2870	5041	7127	5104	6423	4725	1135	6373	4739	418	1923	692	159	123	5836	786	402	7016	155	4615	3509	3173	7261	3225	3359	5494	1595	425	6315	2655
4961	3983	3496	1991	969	3284	4238	1276	1550	3379	6256	878	2942	4248	2974	6837	4336	2351	3582	3293	120	3450	1782	2334	2406	456	4564	5663	5166	5092	6077	3159	5742	5693	463	2338	1681	1252	6759	6197	5956	1727	5396	611	3245	5277	4457	5047	4797	7079	1892	1643	1186	4758	5548	6739	3006	3117	1265	4983	5391	6818	2128	3609	2630	5917	7254	7213	1530	3096	2722	1297	5471	3109	3024	5573	1748	5559	6589	3471	990	2975	6574	5382	1503	5945	4540	2770	2663	649	3408	1203	2661	6004	3796	1120	939	190	4231	5291	5875	4703	4048	146	1610	2922	777	6009	4765	120	1482	6143	1221	3225	7261	6460	5073	3010	771	1437	4194
2068	2186	1981	2892	7081	5881	2711	6233	1163	6081	4133	1649	3779	417	4405	5283	6090	7105	4159	1632	6580	3847	1802	7215	345	2346	6471	5904	5562	4015	4720	3120	6864	6162	5331	1517	6781	1180	7154	3715	6097	4785	5782	4655	869	5999	3544	6561	3121	5410	3713	7064	4614	120	782	4183	748	6168	218	506	6125	7059	2923	3355	2160	200	6764	4450	3687	5008	4441	6322	327	3214	1900	120	865	5027	1640	1789	2695	5049	7139	827	2156	5122	7169	4040	5118	1757	2569	5156	5253	3393	7235	125	6431	7091	2869	5595	6665	2133	280	6585	4819	6970	4875	2319	4472	1111	6972	2951	568	3359	6460	7261	979	5153	3282	292	2820
6457	4474	6048	2913	5416	3795	3608	2755	2741	1664	6107	3368	2723	4803	5891	1860	120	3397	3896	5340	6667	6003	1881	4361	6938	2118	521	3960	2511	1778	4713	2415	2602	160	169	5599	4310	1747	1783	7227	1251	7043	4895	7225	4375	2221	268	127	5200	1420	640	3689	6839	2427	5668	4922	4180	6811	1587	2238	814	1014	3842	2354	5114	3142	5160	6689	4913	1575	5935	3137	1093	424	6627	3057	5155	2762	1211	4898	1875	120	2262	4468	6242	4284	4381	3178	1971	581	5826	392	2345	5925	3111	5794	1027	3276	6800	6907	3753	3176	6843	5683	121	6308	2292	3045	3876	3328	768	4152	1736	5494	5073	979	7261	3454	4727	1409	2073
5788	4583	3885	120	4384	2098	6993	846	5141	4139	1732	3154	5705	6262	654	307	906	6748	1145	4802	6782	6566	1023	2754	5777	4077	4084	2367	1553	905	4274	6038	7110	3733	6576	4513	398	7116	1538	3320	2536	4161	6924	3737	4950	266	6208	6001	1798	1156	5472	6856	313	5311	6780	5907	3179	3505	6831	4619	5779	6773	3868	3102	6778	5144	6877	5017	5026	6341	3724	3098	383	120	6530	3614	6353	5301	3114	6571	3313	3879	2168	2889	1539	6010	1053	4504	6222	1237	2694	5657	5131	5876	3223	6744	514	4716	5510	2004	5085	3627	3258	1281	6655	4075	3172	6482	4949	2193	5218	3857	4544	1595	3010	5153	3454	7261	921	876	439
1745	2007	1609	4753	3890	3129	4143	3587	2087	5328	2485	779	5934	4679	4288	5759	2159	3780	2117	120	2679	5795	4519	5210	5232	4864	2127	5310	4175	242	3865	4708	3515	704	1924	3151	5490	4945	1497	5221	3441	6980	5578	2795	1909	4001	3443	1598	3864	294	6550	445	1524	6381	4626	4997	4017	6030	3207	3452	2756	4733	978	4815	120	4487	4166	962	5551	488	3973	6350	3711	4538	1950	1876	663	1312	620	3918	6369	7109	2413	3260	5062	3543	4318	4414	5483	4071	3212	1912	5244	6395	3321	4623	406	219	4928	5165	6490	387	4593	4506	1381	7019	1075	3209	7018	7135	4690	2285	166	425	771	3282	4727	921	7261	3710	3480
1259	1779	5060	4279	5560	5866	243	4702	2667	6940	5525	4366	3717	575	1567	6960	1127	6304	4477	5486	6712	3943	5431	2825	171	6149	4006	5135	3735	3763	2521	1150	6138	3428	5697	1726	1128	3556	2649	2780	638	6544	2766	3250	6917	6173	3058	3860	3472	5681	3192	2871	3736	3060	440	120	1457	5729	1377	3741	6477	485	4382	833	2492	6083	807	6986	868	4303	2009	4365	1573	7173	1079	3555	6520	1967	2231	1921	247	3657	4252	3155	6872	4243	4887	4007	1671	6682	3539	4220	2200	5699	304	3061	2979	151	5608	6417	2280	5903	1767	5774	5090	4660	2447	1430	1044	6867	889	5154	4762	6315	1437	292	1409	876	3710	7261	5546
745	1146	5172	7010	6725	2998	6264	4353	7037	1066	1627	5297	3604	1268	2226	4567	1813	3976	2015	1016	3389	6742	317	2217	2104	6091	3766	5676	2142	644	4801	5179	5970	2264	5407	5046	7014	849	792	4100	5607	6321	1857	6705	2195	5129	985	326	2374	1868	3988	4456	6915	5009	5086	1489	6195	703	504	2874	6323	1940	1694	5531	1752	4642	5639	1337	223	3226	2596	3920	2768	1820	3798	5264	3843	4234	727	5688	6230	6411	2417	6865	2474	3021	991	7056	2884	1335	5387	1947	826	4197	2763	6952	622	5550	5070	1907	2030	2141	6893	3650	1333	5978	1485	775	6497	4392	5590	6661	120	2655	4194	2820	2073	439	3480	5546	7261
