6106	110	1291	914	3466	1362	2922	1807	2548	3449	5853	2773	1515	2277	5026	4970	3017	4234	1547	2316	3921	6089	3059	551	1034	4481	782	2862	336	1053	5904	2327	5928	2229	4458	558	4799	1120	981	4447	6074	1918	110	2241	4806	5995	3429	4745	4750	5674	235	3626	3367	3776	2281	684	110	4835	1520	1726	4065	2944	3235	5023	5482	147	2563	5108	1970	3178	132	2358	2873	1956	3303	1094	3240	5580	4650	3726	2691	2952	2353	3600	1716	3790	5544	4060	2474	5388	194	765	4029	1265	3229	4305	2354	2202	1286	6013	2131	2132	507	697	2877	1509	250	552	3820	1447	4513
110	6106	1546	1082	793	3679	2566	1401	2504	313	1658	4262	110	844	1777	4676	2107	3961	3571	4201	1426	184	2613	1102	110	4439	1747	375	1387	1086	2938	3930	1485	6048	2663	921	756	4081	2227	3332	234	2787	5613	4949	4356	1411	5201	4243	5223	4106	3270	3847	3673	390	2863	5000	4341	2896	5306	832	4686	2758	355	5942	3064	2118	4689	4494	1133	1654	720	1631	1615	287	1778	2080	5682	2558	419	2522	2700	1071	2338	117	2523	2662	5539	3742	2595	3504	110	3801	4255	3211	672	2228	5958	1914	498	6008	4741	5353	3953	3305	5133	3462	260	4019	2839	2545	4762
1291	1546	6106	5094	2004	5176	2455	1059	1069	5883	906	3983	3249	1005	5494	3698	4551	5277	161	5800	2540	4943	3400	2001	996	4163	2552	535	5548	1905	307	1108	170	1196	5752	3402	5505	2752	3692	2794	5961	1937	4668	4058	4959	2364	5689	5600	1730	1920	1121	1752	1078	3998	5660	4022	4206	110	3861	2101	4666	713	4355	1060	5659	4829	3008	2519	1756	753	5633	4239	2197	761	5610	1935	1824	1296	4463	3062	2683	3173	2772	4050	3828	533	5787	4233	1856	4533	5357	4656	4396	3097	2342	3834	2848	718	856	5378	3568	1627	3757	1184	3126	2977	254	4966	4595	2844	5502
914	1082	5094	6106	2312	5501	5127	3738	5558	137	2570	2468	2291	5457	1873	678	4947	3376	3926	789	4627	5141	5476	532	2068	5620	501	6019	1200	1578	2113	3243	1700	3329	2788	5069	5978	4994	5788	1090	4938	5949	2451	4704	486	5936	4194	1227	171	1223	1765	3641	4751	110	1122	3872	4866	3419	2812	3027	1762	2143	1814	2369	2482	5504	284	2829	4075	1810	3602	1107	110	3860	1738	3296	2962	2515	438	5048	5645	4975	1691	110	5611	4499	4565	575	5716	297	4338	295	3666	4927	1149	274	2078	1748	1701	5805	5174	1338	4218	1675	2693	314	460	2694	1263	1542	4547
3466	793	2004	2312	6106	1135	4682	4039	4541	4240	3846	1314	2987	5886	1124	1298	3028	3224	5250	2898	4228	4892	1881	2360	607	4919	1475	4986	2648	4743	2749	2265	830	1817	4979	3382	5081	226	657	4168	1433	4847	2655	3612	2711	3715	1674	5554	1644	4869	4044	3241	5088	4946	4725	768	5537	3668	5775	3734	6071	3918	1162	2425	2321	3148	3787	2311	3593	5080	2417	5042	4169	2147	4989	5347	5177	990	984	3176	5113	5953	2673	2525	142	3453	4558	5706	5601	1254	4798	5619	4292	4826	4303	2250	934	2966	3956	935	110	3827	3299	3867	3352	3343	2855	6057	4733	3796	4156
1362	3679	5176	5501	1135	6106	3960	2891	5418	3478	2063	4872	1165	3409	524	6012	3680	5024	1889	3497	442	2912	3596	1183	2998	665	2218	5442	1780	3929	2760	5593	5726	5955	1428	3147	5184	2769	3823	4891	4275	3152	545	3844	4491	4426	343	3492	292	4210	5658	1167	2018	2130	3714	5754	110	4838	4653	4311	2015	5810	4493	1058	1907	3760	3837	5962	1957	1852	3098	3888	5439	5424	1409	4764	3124	3536	3307	2217	1508	4662	3919	3415	2220	5932	3049	3502	2256	2527	1245	5585	3180	3713	4837	1785	408	3330	5506	4297	5510	4567	1909	2206	2767	2298	3642	2123	2071	2902	4221
2922	2566	2455	5127	4682	3960	6106	1145	4566	4785	135	1154	3869	732	4368	2397	177	5899	2115	2918	4555	1322	4503	1469	3479	4346	5368	1975	3862	5404	5171	2568	860	4926	2828	1484	1347	3762	6088	5712	3276	2589	4298	3403	4204	792	4327	4699	3640	690	492	1331	5161	5192	4833	1099	2448	3177	5241	2372	198	4709	2196	197	4049	110	3475	1013	1728	2630	3360	3954	3174	4359	2194	5338	3989	3610	239	3613	4964	5149	4952	1055	232	2056	3722	1456	4282	2840	217	2744	2958	3121	3348	642	4353	2521	4727	1793	2105	489	1915	3808	2974	5930	5115	1908	326	810	1602
1807	1401	1059	3738	4039	2891	1145	6106	3753	150	188	5274	1597	563	1482	5126	1349	3192	2335	2359	2444	4323	110	2518	3773	5925	4932	129	5679	369	1749	4611	5162	820	603	5692	4498	5335	5435	6052	4527	2437	5606	231	5483	1938	6034	3407	6044	6100	700	5691	5890	3510	4283	124	5197	110	1307	3146	638	1859	4336	2008	3340	3356	1855	3515	2874	241	1955	3951	846	4690	4433	942	5977	3586	4445	5499	4155	6042	4918	752	333	707	1913	6073	5151	3775	5185	4813	3765	1622	3763	6035	479	3996	1346	3498	4531	5280	2433	3727	3622	857	2947	2404	4003	4758	597
2548	2504	1069	5558	4541	5418	4566	3753	6106	2064	4251	221	2093	2960	1940	5534	328	3341	3181	5735	2908	130	4902	1459	4913	3684	5902	808	3700	1039	1396	3236	407	3514	4579	3077	4322	648	5910	303	264	6017	706	2254	737	804	5437	4442	4328	1842	5020	1534	1976	5570	2044	5195	710	1944	1636	1708	4083	3080	5550	2060	5051	483	4756	744	5588	1722	5178	3705	3320	5095	3716	4147	3254	2019	4824	5005	5833	1789	5759	1981	1607	5464	5559	3507	2731	1006	4801	3480	5231	1687	110	5792	1092	1333	3416	3221	2635	915	970	2252	4108	2715	2375	1647	605	6104	4717
3449	313	5883	137	4240	3478	4785	150	2064	6106	5657	2098	4027	2637	2740	4411	1773	3151	4996	3890	731	4736	3592	1481	3584	4934	1684	245	594	5855	3380	437	3257	5920	5693	806	3886	4428	1689	5473	4620	2876	5924	271	110	1377	1445	4267	4773	2571	4365	5456	1736	4480	429	4198	5947	5575	3743	366	318	904	4309	2208	4259	4280	4476	4045	1079	5683	525	1805	4100	798	5705	5652	181	277	3615	965	518	4731	949	4225	3271	894	2300	2030	3218	771	3558	5008	1794	4040	1983	5480	3322	1533	3916	1572	1554	110	560	113	5917	5204	1899	3634	4146	3447	5662
5853	1658	906	2570	3846	2063	135	188	4251	5657	6106	5884	3624	110	2366	2885	1118	2911	5675	1408	1354	4467	236	523	1954	3392	5686	1962	2379	2251	5552	490	349	1651	2815	5637	4818	362	2043	5305	530	3976	3436	110	4864	502	3965	3910	5193	2494	1011	3388	5455	337	2488	1849	462	3491	604	555	5369	2852	1166	5270	4015	5690	4459	3164	2939	237	2317	4252	963	2932	3289	3609	3839	5194	4268	780	2556	2322	1872	3477	816	3906	263	4781	306	3701	276	757	3617	2292	169	2099	3362	4726	119	4692	5538	845	1986	1180	6084	1211	586	5064	2717	6025	358
2773	4262	3983	2468	1314	4872	1154	5274	221	2098	5884	6106	1215	3309	2991	1464	4370	1854	962	4893	110	1061	5359	4354	3138	3643	3667	4063	5313	791	3291	4407	3884	2167	5950	2203	224	4853	500	1827	384	4777	3408	655	1710	4248	624	3171	3182	3045	2048	5487	4691	5018	4617	4117	4860	4092	6054	5160	2927	4178	4119	5771	2617	2423	876	5867	3007	5496	5858	2239	2784	4516	848	3977	1380	396	4326	488	1283	1746	5074	5564	6047	584	5004	3538	2087	4041	1405	1130	1598	729	4930	1825	2195	5256	4969	3608	201	6091	2047	5921	864	5470	1720	4839	2432	5485	4536
1515	110	3249	2291	2987	1165	3869	1597	2093	4027	3624	1215	6106	818	950	812	3070	5294	4811	615	3424	738	1160	5235	2033	5790	4738	3858	5720	2817	5870	4804	2763	2895	5328	6064	5963	3805	5354	1185	110	5815	2644	4166	2951	4678	3371	1492	5348	3557	3215	5729	4921	301	2152	3629	2182	1306	2586	1990	3433	4345	1105	4937	505	1992	452	291	723	5276	829	4332	2028	1340	5607	5083	4387	4183	1025	4152	3163	3019	5837	5291	1113	5676	317	1077	1626	3759	813	5228	4115	5569	2304	811	5998	3607	2249	5612	3056	110	877	5265	471	5102	4412	2487	702	3496	4664
2277	844	1005	5457	5886	3409	732	563	2960	2637	110	3309	818	6106	4622	1063	2046	5433	2151	1302	4394	5245	2618	4226	3792	1168	163	623	5450	4279	3455	5742	1234	5960	5814	110	2074	2730	5929	985	3086	2305	2036	5997	4532	5384	2796	4056	3769	387	2625	4120	5500	4416	3003	5802	3140	2341	5650	866	1979	5919	647	4031	1519	5255	2302	5933	5202	5518	1410	5887	4068	110	4436	110	1194	4136	2575	3390	3394	3184	2035	4589	4631	2606	537	3142	315	747	3349	2791	2400	4430	3578	2117	3718	4957	2689	5871	1934	5025	463	4339	2564	3686	5996	939	2346	4077	1075
5026	1777	5494	1873	1124	524	4368	1482	1940	2740	2366	2991	950	4622	6106	1371	2943	4217	298	1264	3339	4214	1952	508	1216	2800	5640	3774	2419	2340	4775	3681	3050	1017	3655	5103	5565	2401	3010	1068	259	5926	968	2037	1681	1544	1129	4193	1769	2555	3445	2445	6038	2042	625	2266	2479	335	4538	4606	379	2681	5362	499	1670	3238	5120	4796	5261	5365	2059	4539	5370	111	3194	1532	3193	1321	5723	4882	2837	2183	4231	5071	1950	5297	4774	3135	587	664	3548	3134	3139	5267	5038	1311	4742	776	4127	4089	157	110	4517	3234	148	3187	2497	1775	199	2969	3058
4970	4676	3698	678	1298	6012	2397	5126	5534	4411	2885	1464	812	1063	1371	6106	3970	3364	3168	3902	3495	5495	947	160	4580	4222	2259	1883	5027	2707	4253	1673	1219	6075	3656	4109	4728	3454	4431	3625	4519	922	4030	121	1348	3166	4922	3912	3975	1370	4263	1719	1457	191	110	4250	3365	4410	1449	4266	4780	4261	5431	4904	3114	3577	5688	4744	974	2349	3063	1188	5702	4404	796	127	5352	374	4771	5206	4515	447	5233	110	3093	110	931	3501	3900	1594	954	2299	567	2886	5425	5101	4562	1656	4945	2332	342	3967	3021	4965	1980	1328	391	1840	903	5778	1574
3017	2107	4551	4947	3028	3680	177	1349	328	1773	1118	4370	3070	2046	2943	3970	6106	1894	591	3618	4277	3894	2279	905	5912	2088	5576	2345	207	1668	255	3432	4457	4748	2026	4142	824	1639	1993	4401	3012	3752	359	3319	5644	1693	1966	802	2588	2734	1643	3671	5436	1529	703	5380	1559	110	815	4479	3780	1155	4186	2091	3001	166	110	1734	3707	5941	5146	380	5259	1146	1022	5681	1553	2303	3897	427	4790	1031	4624	215	3845	1868	1015	519	2541	2659	4654	1111	932	392	5139	4437	5281	268	3109	2243	1412	4435	528	3843	5592	1600	5271	1796	448	2680	2867
4234	3961	5277	3376	3224	5024	5899	3192	3341	3151	2911	1854	5294	5433	4217	3364	1894	6106	546	4683	4867	3756	1367	2846	4808	3724	5668	3170	794	899	2713	4462	4770	4383	2116	3599	3893	1804	1439	2856	725	1864	3297	2146	4380	1649	853	4674	5872	4936	1231	323	2184	4976	210	3116	6096	4321	1137	416	5591	5290	2185	4363	715	5469	5718	1489	4988	4977	571	1103	4506	179	1731	850	2799	110	5777	4001	5219	4705	2090	1924	3277	1268	5046	3947	2684	3081	5968	5208	952	5130	2761	4372	1251	5329	2858	3095	3363	1390	516	3685	4399	5624	971	3689	745	3799	4597
1547	3571	161	3926	5250	1889	2115	2335	3181	4996	5675	962	4811	2151	298	3168	591	546	6106	4254	5529	3711	110	3396	4816	3509	4899	2664	4834	4908	1599	2682	2039	514	831	2804	3078	404	449	4005	2055	1330	589	4723	5843	3732	5664	6081	5009	218	2670	2054	5776	5971	542	3185	3285	2512	4702	3974	5945	2611	2632	5665	865	4289	3945	5882	4732	5311	4817	4583	2733	873	4176	5039	1030	456	3871	2921	261	110	3269	4794	5736	1182	4424	5656	2646	5944	4358	5989	4850	4629	3986	3207	4621	4821	289	4991	1961	3512	3755	5685	4505	3740	1170	1524	3149	635	4800
2316	4201	5800	789	2898	3497	2918	2359	5735	3890	1408	4893	615	1302	1264	3902	3618	4683	4254	6106	1638	5848	979	110	3072	5492	389	3798	2727	5134	3378	110	3848	4486	3286	2357	4805	3046	4929	5821	395	4967	4482	2214	455	1476	4544	1581	4395	3528	3327	2290	4687	1865	2179	2361	5622	3950	1884	5391	5412	115	6049	2580	2636	2428	4453	895	4237	5757	299	3022	2935	573	5879	3068	4216	2065	1232	5254	3937	5123	610	5117	279	1279	3377	4522	2431	5400	5816	4906	3652	2973	5288	1662	3132	4982	3665	1705	5875	5289	762	1205	5200	3605	4958	4924	4172	4854	3389
3921	1426	2540	4627	4228	442	4555	2444	2908	731	1354	110	3424	4394	3339	3495	4277	4867	5529	1638	6106	1175	1150	1386	3898	5324	2615	2719	1010	1550	4648	4649	3939	302	3370	5609	3540	2757	1888	167	3782	1972	1478	2268	4608	2144	4164	670	1056	3889	2496	2245	2992	5155	2835	1110	110	5596	4559	5244	2464	5561	5847	760	2027	5717	5671	3204	5545	4286	4842	3991	2466	1016	701	2759	4184	1630	2726	6026	453	1382	2850	1516	2849	1727	3587	5415	3658	331	2774	3293	509	4787	711	994	4144	6050	5486	1272	3852	2963	3411	321	2454	4070	5969	3444	1451	332	5286
6089	184	4943	5141	4892	2912	1322	4323	130	4736	4467	1061	738	5245	4214	5495	3894	3756	3711	5848	1175	6106	5638	5332	681	2263	3959	190	110	2485	5387	2959	3696	5701	1655	2177	2811	600	2652	3654	4586	4405	1100	4151	4646	1648	3531	5336	1048	5714	521	739	986	459	3635	1562	3646	833	549	5275	2753	714	1383	5211	4639	1858	2385	5966	721	2038	612	727	3611	2778	3675	4669	1420	5845	4278	3471	4997	674	3188	3082	3346	897	206	577	3952	2365	5371	640	1152	2534	1202	3547	1560	988	3623	1841	5621	497	2154	4269	4418	2940	3569	2997	3472	4208	809
3059	2613	3400	5476	1881	3596	4503	110	4902	3592	236	5359	1160	2618	1952	947	2279	1367	110	979	1150	5638	6106	2690	5355	1486	617	2271	2392	2993	1571	5449	2324	2420	6029	1057	5301	5625	4642	2533	3379	2368	5022	4114	5468	4174	2192	3262	3574	5803	1262	5405	209	4284	4125	477	5432	3239	1916	1525	4980	3154	2293	1364	4557	4393	4488	305	3034	2174	2569	4803	2176	2878	4585	4271	1718	2248	3948	3172	6032	2626	2337	4066	288	2583	3391	4276	2095	405	2083	944	2710	3767	687	3830	3530	3102	2984	1725	1585	4071	4421	5249	2832	1256	6033	2052	2703	4059	1764
551	1102	2001	532	2360	1183	1469	2518	1459	1481	523	4354	5235	4226	508	160	905	2846	3396	110	1386	5332	2690	6106	3242	5839	2139	2190	3009	5519	2136	3556	3282	3261	110	1988	110	1592	402	4507	3490	2232	4245	6077	165	4992	3524	6087	1569	6099	3915	3582	3000	3545	4846	3552	3566	5516	5086	3841	5724	5974	5763	3567	1429	4397	1424	2619	3412	5099	4910	110	116	2490	1393	2163	493	1724	4746	3441	2584	5136	821	4391	550	2393	4554	1438	4037	641	1798	4018	2449	3895	4398	2352	5302	5876	925	3440	6067	3534	1083	1776	2720	1173	2261	5114	4325	1045	5135
1034	110	996	2068	607	2998	3479	3773	4913	3584	1954	3138	2033	3792	1216	4580	5912	4808	4816	3072	3898	681	5355	3242	6106	2350	2381	2953	2732	5916	4999	5643	110	4093	3106	4915	619	5028	1444	5142	5832	838	2964	300	443	6040	4677	2572	4920	4470	881	1091	2270	4711	601	4735	1523	4928	4652	2320	4315	4008	1294	4840	4698	3227	3431	1106	3191	403	3288	1480	2456	913	3594	144	3421	1892	4504	4318	743	2704	5915	5220	110	1416	4434	3729	3278	1240	1540	2970	2296	3850	1312	3508	1246	3006	1632	1206	3788	1717	1528	2780	1292	159	513	1418	3588	1043	4793
4481	4439	4163	5620	4919	665	4346	5925	3684	4934	3392	3643	5790	1168	2800	4222	2088	3724	3509	5492	5324	2263	1486	5839	2350	6106	110	4211	3804	4905	2866	5861	5402	924	2656	2470	3576	3119	2394	4605	5225	1537	2770	2853	2672	5343	1609	1946	3226	592	1897	6027	685	422	2768	2175	599	4104	5700	2604	3250	5447	1494	6065	3859	238	5891	4195	2793	4258	3325	2016	1097	352	1435	5992	2675	3489	110	956	764	565	310	2493	1682	5173	4497	1604	1140	3223	3814	4381	5243	110	1964	3328	1074	5755	2578	4386	3256	4107	1808	1699	146	3943	4971	693	4573	1493	3645
782	1747	2552	501	1475	2218	5368	4932	5902	1684	5686	3667	4738	163	5640	2259	5576	5668	4899	389	2615	3959	617	2139	2381	110	6106	4601	989	4141	3657	4875	2061	3639	1579	2553	439	1430	4464	2207	540	2407	5780	4941	4212	4121	1948	1148	5703	2957	2936	491	992	3483	4552	2100	3620	2543	5266	4563	4985	3312	3565	3373	5097	3039	3857	3791	3561	2881	5608	1919	2551	4316	5001	204	3101	4697	378	2983	3789	5484	2034	4469	2119	5153	373	5715	5147	4714	2699	4588	1159	1739	2948	1249	1885	1466	5630	1407	1365	5207	5150	1733	5967	2764	293	5540	3350	4487	4495
2862	375	535	6019	4986	5442	1975	129	808	245	1962	4063	3858	623	3774	1883	2345	3170	2664	3798	2719	190	2271	2190	2953	4211	4601	6106	5019	2824	4543	1963	3430	1688	5363	1443	5825	2158	1002	3029	651	474	805	125	1646	3175	2406	357	1510	3842	4643	4956	544	5198	339	1147	3470	4845	114	4752	5427	1242	470	5423	3503	1235	1977	4013	2919	5337	3201	388	469	1366	2409	5203	4710	2900	1882	2396	5315	1828	1886	3517	350	2723	4885	5528	4663	110	1209	1035	2387	3911	4887	4641	3118	2538	3216	4187	928	5725	1501	4432	5445	2729	2051	3195	4273	458	4024
336	1387	5548	1200	2648	1780	3862	5679	3700	594	2379	5313	5720	5450	2419	5027	207	794	4834	2727	1010	110	2392	3009	2732	3804	989	5019	6106	1800	5389	825	871	4584	1136	244	2708	4306	4788	2818	1238	1308	5734	3525	1417	1392	3485	4570	3810	5057	596	2999	2435	3342	4484	4578	5639	4288	4761	1942	110	1413	3616	5892	2289	5918	5344	4105	2164	2660	1214	2535	1425	5340	4568	1821	2813	2370	1947	817	5128	2235	3092	110	2503	178	5846	128	1040	6062	4025	2510	3800	5401	5695	5909	627	1199	4098	1757	1112	4158	5263	4740	2549	118	3079	4632	5737	2705	5599
1053	1086	1905	1578	4743	3929	5404	369	1039	5855	2251	791	2817	4279	2340	2707	1668	899	4908	5134	1550	2485	2993	5519	5916	4905	4141	2824	1800	6106	5390	3213	3066	2380	406	4000	186	5493	3197	5217	344	1440	3275	6037	3190	958	1818	2161	1198	6082	5399	3934	2511	5976	1833	3283	1353	3476	3560	3795	6002	4111	3749	5062	2526	1127	5905	3683	4778	2782	5819	539	3467	2402	4002	4215	1327	2272	4610	5811	1044	1455	3460	283	2924	786	480	6095	2600	3920	3573	1741	4340	2145	730	631	4695	5934	2819	1324	3735	164	5246	3157	966	5903	110	898	398	4614	441
5904	2938	307	2113	2749	2760	5171	1749	1396	3380	5552	3291	5870	3455	4775	4253	255	2713	1599	3378	4648	5387	1571	2136	4999	2866	3657	4543	5389	5390	6106	4010	140	3052	2155	1737	1660	4378	1998	5900	3678	5799	3784	5003	1870	2695	1530	5709	5678	4768	1361	1801	410	4502	2530	5524	372	3104	3162	5212	2920	1117	2507	110	3546	5626	1863	5383	3374	1995	5834	3358	1210	2000	712	202	454	1352	633	5029	3737	3519	394	3856	4721	2389	1277	515	2395	882	6030	2868	2501	3992	5865	1759	2439	2081	5954	386	2199	3038	2830	3633	5309	3368	3907	2461	5523	5021	5869
2327	3930	1108	3243	2265	5593	2568	4611	3236	437	490	4407	4804	5742	3681	1673	3432	4462	2682	110	4649	2959	5449	3556	5643	5861	4875	1963	825	3213	4010	6106	3281	3016	5935	677	1029	4550	3004	2806	1164	1637	2230	2022	1603	5303	1138	2319	110	110	5140	1588	5397	1830	2869	2336	1139	763	5109	1186	5084	1590	4658	3247	880	4512	4126	2486	1900	451	5740	2282	4043	4809	4379	1453	4364	2624	892	2124	5983	4546	3628	3980	4514	3731	5035	4443	531	5673	1910	1047	867	3575	991	3554	5646	3202	3739	742	1404	2351	294	110	5618	6041	2904	2085	3865	5594	1893
5928	1485	170	1700	830	5726	860	5162	407	3257	349	3884	2763	1234	3050	1219	4457	4770	2039	3848	3939	3696	2324	3282	110	5402	2061	3430	871	3066	140	3281	6106	3306	1573	5988	511	5011	1999	2762	4402	3115	1563	4179	5854	2412	6023	2225	154	5356	5614	5067	5262	180	1423	3108	3631	5068	869	5137	4931	6039	705	1721	2889	4720	6085	4521	1169	2854	5708	2567	2398	2601	3636	5417	1310	2467	1545	5730	5556	3819	3287	5530	4033	2006	886	5583	1274	5753	3942	1491	6051	3493	6086	1917	360	5252	1217	2725	5491	3033	4942	5121	1398	4823	3913	466	909	2747	3292
2229	6048	1196	3329	1817	5955	4926	820	3514	5920	1651	2167	2895	5960	1017	6075	4748	4383	514	4486	302	5701	2420	3261	4093	924	3639	1688	4584	2380	3052	3016	3306	6106	2264	1452	2025	6060	855	3651	3255	6003	5562	735	1141	2314	4232	2267	2565	1984	506	3710	3785	5269	3051	4978	5180	6076	1381	1982	1427	4696	5282	4772	1610	2988	608	5923	5746	345	5913	2283	4265	4415	5789	3315	5873	5677	3840	3896	2012	1786	5096	2480	3669	5053	252	3245	110	2647	2458	1583	4021	3794	2995	5474	3931	691	4511	2909	534	2446	1266	3682	5761	2608	4903	967	2343	933	2654
4458	2663	5752	2788	4979	1428	2828	603	4579	5693	2815	5950	5328	5814	3655	3656	2026	2116	831	3286	3370	1655	6029	110	3106	2656	1579	5363	1136	406	2155	5935	1573	2264	6106	1843	652	3523	5156	4477	2847	2135	3564	3813	4425	688	3957	4343	716	5310	4766	2280	3231	5461	214	4320	3205	5222	5322	2386	145	2057	1225	1707	1473	2990	3208	4895	4599	5603	1003	3866	5649	3963	2592	941	3264	3353	4103	5050	3344	5772	751	5451	3821	5054	3025	5672	4382	4569	1556	5012	110	3397	4474	3311	5517	1000	5515	414	4235	1945	4673	308	5376	2331	4131	4199	282	1878	4450
558	921	3402	5069	3382	3147	1484	5692	3077	806	5637	2203	6064	110	5103	4109	4142	3599	2804	2357	5609	2177	1057	1988	4915	2470	2553	1443	244	4000	1737	677	5988	1452	1843	6106	4651	4901	465	2528	1866	3604	1389	4612	5138	2643	4888	418	3816	2384	5710	5446	4413	4427	4848	1181	5014	2173	3747	3511	4466	5209	3590	2242	2945	4863	3958	1301	1337	1742	4287	4465	3591	5458	4851	663	2134	2688	482	5279	385	698	5258	2775	3533	959	2741	3159	481	141	4701	4830	4530	4460	4034	6058	2971	3144	5844	1580	383	110	1465	733	1415	2127	4556	2067	1512	2786	2050
4799	756	5505	5978	5081	5184	1347	4498	4322	3886	4818	224	5963	2074	5565	4728	824	3893	3078	4805	3540	2811	5301	110	619	3576	439	5825	2708	186	1660	1029	511	2025	652	4651	6106	2798	5749	1640	2930	3232	1875	3570	5981	4783	849	2023	4334	2981	3284	3527	2742	2972	4331	433	5627	4272	5798	5878	3876	3413	1635	3754	4681	5793	1172	5232	247	4116	3137	5531	2668	4739	4870	5894	3580	5655	5573	420	4693	1513	972	5118	5006	5533	2676	1318	1565	1460	5045	2942	487	1049	2447	5704	2560	5784	3702	1468	3167	1760	2499	5085	5927	5443	1014	3143	4069	5632	2542
1120	4081	2752	4994	226	2769	3762	5335	648	4428	362	4853	3805	2730	2401	3454	1639	1804	404	3046	2757	600	5625	1592	5028	3119	1430	2158	4306	5493	4378	4550	5011	6060	3523	4901	2798	6106	110	4661	4518	1109	3323	3459	520	3972	4074	3817	4900	4501	2721	1535	1606	225	2014	1797	1229	3386	1845	5931	205	2421	110	4023	2156	787	1037	2751	4082	5112	5440	1790	155	5191	1645	784	3693	1953	4461	5013	3155	1402	1394	4182	3304	3026	4230	3179	5874	861	2215	1343	1293	778	2166	1197	1400	5465	110	5907	618	5836	1618	1912	3703	983	682	3090	110	1664	1050
981	2227	3692	5788	657	3823	6088	5435	5910	1689	2043	500	5354	5929	3010	4431	1993	1439	449	4929	1888	2652	4642	402	1444	2394	4464	1002	4788	3197	1998	3004	1999	855	5156	465	5749	110	6106	4615	2576	2112	2193	212	3018	3598	5999	1288	1898	3826	3544	1046	4560	3200	2094	6080	4874	5628	2434	1792	1608	2754	4344	3128	2244	2910	2746	3217	2288	517	4712	6098	3832	230	4660	2931	1065	3301	1339	4446	6021	5419	435	1949	5170	4294	893	1576	1357	3541	2550	1959	5016	4865	2610	1568	1289	1474	653	669	2262	393	5765	2641	5078	5801	4454	5132	4274	2864	5411
4447	3332	2794	1090	4168	4891	5712	6052	303	5473	5305	1827	1185	985	1068	3625	4401	2856	4005	5821	167	3654	2533	4507	5142	4605	2207	3029	2818	5217	5900	2806	2762	3651	4477	2528	1640	4661	4615	6106	4260	2129	1671	2975	2441	2329	2002	1358	920	3030	1932	878	2140	361	285	2114	5167	1123	2223	4055	4042	708	4635	3778	3688	2294	1032	1851	5015	4150	1193	2374	5079	4628	3904	1315	4508	5586	1461	3632	267	5373	1359	4084	2377	910	5859	110	5043	5743	3723	4553	2736	4684	2887	5937	4760	2801	3781	123	2961	3011	2631	4079	110	1496	526	5868	4448	4483	110
6074	234	5961	4938	1433	4275	3276	4527	264	4620	530	384	110	3086	259	4519	3012	725	2055	395	3782	4586	3379	3490	5832	5225	540	651	1238	344	3678	1164	4402	3255	2847	1866	2930	4518	2576	4260	6106	2536	5386	1179	4052	139	5520	1862	4667	5906	779	5475	5980	3969	1951	347	4685	4473	4236	5158	5398	5532	4897	1326	4203	1839	327	2443	4190	2706	4700	1007	281	4894	5993	2462	2483	775	2842	5229	2186	3230	1220	3410	5835	2222	5237	2221	1633	5017	536	1971	3875	3251	5895	5240	110	643	5463	969	3156	1779	3550	4009	1026	5479	4886	3672	1772	1244	3659
1918	2787	1937	5949	4847	3152	2589	2437	6017	2876	3976	4777	5815	2305	5926	922	3752	1864	1330	4967	1972	4405	2368	2232	838	1537	2407	474	1308	1440	5799	1637	3115	6003	2135	3604	3232	1109	2112	2129	2536	6106	1317	2246	2017	4820	3899	4707	2285	4625	5572	5334	4509	110	1213	6078	2096	1766	1388	211	671	5698	3465	1171	2687	2743	918	4765	887	5975	3246	883	1511	842	4061	1195	2557	1222	916	5857	4769	4361	2201	1115	6005	1974	1239	5823	2738	2150	3199	4724	4145	3526	2712	5304	1379	772	1290	2657	694	1470	4385	2492	4388	4313	4884	353	2452	1820	4468
110	5613	4668	2451	2655	545	4298	5606	706	5924	3436	3408	2644	2036	968	4030	359	3297	589	4482	1478	1100	5022	4245	2964	2770	5780	805	5734	3275	3784	2230	1563	5562	3564	1389	1875	3323	2193	1671	5386	1317	6106	5421	3209	2892	1712	382	4349	2686	434	4101	4038	4319	6011	5367	280	2915	4754	654	4534	683	4046	3099	2318	4300	602	4422	1596	4492	1601	3069	3928	6022	5897	265	424	900	5605	5512	4057	2585	5172	200	4828	4189	4099	1861	196	3393	1803	2122	5940	2591	3463	5218	3770	1009	5478	2339	1835	4124	3036	1253	3883	365	564	3005	1506	1922	590
2241	4949	4058	4704	3612	3844	3403	231	2254	271	110	655	4166	5997	2037	121	3319	2146	4723	2214	2268	4151	4114	6077	300	2853	4941	125	3525	6037	5003	2022	4179	735	3813	4612	3570	3459	212	2975	1179	2246	5421	6106	5536	3091	5922	3040	3318	5165	2213	158	3807	2587	4923	3708	2053	2041	4006	1187	553	5807	415	2859	2509	1584	570	854	911	4827	1642	1207	3279	5106	2808	3914	801	875	1517	1236	2893	296	5841	2159	1586	4626	1783	5224	122	2843	3123	4296	2875	1313	6068	5061	2082	4095	2792	1490	4574	1838	363	5804	673	3302	428	1143	110	1233	2728
4806	4356	4959	486	2711	4491	4204	5483	737	110	4864	1710	2951	4532	1681	1348	5644	4380	5843	455	4608	4646	5468	165	443	2672	4212	1646	1417	3190	1870	1603	5854	1141	4425	5138	5981	520	3018	2441	4052	2017	3209	5536	6106	5052	3764	1605	1282	1483	5721	4452	2378	3122	781	4308	1258	1867	3882	5654	5783	1064	722	4143	5323	4160	2831	4367	5733	4634	1247	5856	425	3054	3744	4444	1815	3294	1906	5785	5361	3766	5820	3935	5226	2634	3933	4185	5773	2674	862	4819	788	1134	4814	754	666	5154	3516	3982	982	2388	286	3037	3013	3595	4914	133	5951	3903	242
5995	1411	2364	5936	3715	4426	792	1938	804	1377	502	4248	4678	5384	1544	3166	1693	1649	3732	1476	2144	1648	4174	4992	6040	5343	4121	3175	1392	958	2695	5303	2412	2314	688	2643	4783	3972	3598	2329	139	4820	2892	3091	5052	6106	1623	2255	837	2141	5320	696	3075	5416	1541	5827	2826	278	3741	557	4154	430	3404	2162	1521	183	823	4909	3551	606	5122	5822	1273	2062	4406	5863	4857	1587	5770	2642	4916	2371	3674	5541	4593	2200	3606	110	2765	3745	1436	2807	4898	2399	1500	2781	5438	5144	5104	1891	2627	1174	5111	2328	3035	2408	4955	2605	3219	4592	5382
3429	5201	5689	4194	1674	343	4327	6034	5437	1445	3965	624	3371	2796	1129	4922	1966	853	5664	4544	4164	3531	2192	3524	4677	1609	1948	2406	3485	1818	1530	1138	6023	4232	3957	4888	849	4074	5999	2002	5520	3899	1712	5922	3764	1623	6106	110	1085	3936	110	1844	548	4591	3855	5986	562	5350	1690	110	3321	4140	426	3761	3670	901	5768	2755	5507	1978	1089	110	945	1989	316	3725	5308	1837	110	936	4856	746	5164	3405	6020	467	5007	3015	5394	4181	748	3838	790	4571	3589	5230	1320	3206	999	3985	4312	5242	3073	3706	5093	3863	2460	1406	5168	2205	3500
4745	4243	5600	1227	5554	3492	4699	3407	4442	4267	3910	3171	1492	4056	4193	3912	802	4674	6081	1581	670	5336	3262	6087	2572	1946	1148	357	4570	2161	5709	2319	2225	2267	4343	418	2023	3817	1288	1358	1862	4707	382	3040	1605	2255	110	6106	4244	256	3089	5189	2111	2956	5769	2594	4831	3268	4135	859	5159	5129	667	3873	3334	5546	5143	2108	3879	1042	1758	2224	4973	6016	4747	5893	6103	1323	2021	5408	4419	3901	5312	4843	5964	6024	1151	3978	926	2260	5110	1142	3955	3094	4640	5748	1767	4779	2926	3125	473	3474	5511	4086	4129	908	840	2906	3719	229	5549
4750	5223	1730	171	1644	292	3640	6044	4328	4773	5193	3182	5348	3769	1769	3975	2588	5872	5009	4395	1056	1048	3574	1569	4920	3226	5703	1510	3810	1198	5678	110	154	2565	716	3816	4334	4900	1898	920	4667	2285	4349	3318	1282	837	1085	4244	6106	5295	1672	4619	1680	953	4962	110	2980	461	174	2934	1676	1761	1176	5521	3603	2508	636	2685	1375	5236	243	4257	3076	2531	3941	4348	2138	3458	3461	2356	4053	3425	3165	868	2979	1931	5089	4789	2559	1634	4912	4122	5970	440	5514	2189	995	3395	5188	1454	1237	432	5751	1448	581	3932	4953	1285	2310	2219	3366
5674	4106	1920	1223	4869	4210	690	6100	1842	2571	2494	3045	3557	387	2555	1370	2734	4936	218	3528	3889	5714	5803	6099	4470	592	2957	3842	5057	6082	4768	110	5356	1984	5310	2384	2981	4501	3826	3030	5906	4625	2686	5165	1483	2141	3936	256	5295	6106	4703	1555	2607	3381	3041	2348	5694	5060	4993	4657	6070	4528	4256	2506	3733	4441	2929	5696	902	5779	4229	4633	5316	2653	3354	3797	1255	2076	4523	1933	6083	2650	835	5817	3259	2032	583	1397	5366	1715	529	2410	588	5307	1023	2820	1373	4224	4192	3831	1052	5587	2424	1620	4792	2463	4223	257	3225	2427	2865
235	3270	1121	1765	4044	5658	492	700	5020	4365	1011	2048	3215	2625	3445	4263	1643	1231	2670	3327	2496	521	1262	3915	881	1897	2936	4643	596	5399	1361	5140	5614	506	4766	5710	3284	2721	3544	1932	779	5572	434	2213	5721	5320	110	3089	1672	4703	6106	1896	2157	5994	3663	5285	5543	3619	3359	5509	476	5182	4414	5791	3637	1527	1549	3712	3922	4205	3553	2181	4335	1093	5498	2306	5979	2297	1823	5939	1177	2236	2153	4220	5762	3161	2537	2833	4548	3418	3044	4815	5413	2827	5238	2367	1081	5116	2517	1543	2968	5205	3290	4369	728	2233	2890	1816	2347	4594	5406
3626	3847	1752	3641	3241	1167	1331	5691	1534	5456	3388	5487	5729	4120	2445	1719	3671	323	2054	2290	2245	739	5405	3582	1091	6027	491	4956	2999	3934	1801	1588	5067	3710	2280	5446	3527	1535	1046	878	5475	5334	4101	158	4452	696	1844	5189	4619	1555	1896	6106	828	2009	1557	3806	4128	1683	1561	2307	5090	3874	3555	1743	1259	1735	3237	4598	4525	3131	4299	3203	3468	4577	3966	929	5314	3313	6093	110	5595	368	3581	1336	5741	773	2628	5414	2481	3694	4832	338	1228	4475	1768	2716	1012	3158	2287	2709	1507	1368	153	269	203	4392	3923	110	2226	110	4734
3367	3673	1078	4751	5088	2018	5161	5890	1976	1736	5455	4691	4921	5500	6038	1457	5436	2184	5776	4687	2992	986	209	3000	2270	685	992	544	2435	2511	410	5397	5262	3785	3231	4413	2742	1606	4560	2140	5980	4509	4038	3807	2378	3075	548	2111	1680	2607	2157	828	6106	3748	2976	6105	5984	1378	2965	4014	4085	1070	973	1997	613	5157	4133	4672	1781	5403	208	4067	5750	1369	1943	2240	3111	4944	4960	5331	400	4713	4238	195	110	1923	5063	251	2426	2301	5033	1930	4173	3267	3316	2785	3539	5987	2825	5557	2070	2996	611	2914	2198	4582	4844	2172	2554	5731	1522
3776	390	3998	110	4946	2130	5192	3510	5570	4480	337	5018	301	4416	2042	191	1529	4976	5971	1865	5155	459	4284	3545	4711	422	3483	5198	3342	5976	4502	1830	180	5269	5461	4427	2972	225	3200	361	3969	110	4319	2587	3122	5416	4591	2956	953	3381	5994	2009	3748	6106	4330	4302	4730	1434	3653	1084	176	3298	938	110	2639	4939	4423	1659	5181	3186	4337	1994	1895	5434	2363	1902	5467	156	5889	1713	566	3347	5253	4576	2476	1619	5973	4153	3878	927	1968	2834	2539	4933	951	3048	3892	1384	5319	1161	5298	324	4351	5216	2645	836	6063	5092	126	2577	4317
2281	2863	5660	1122	4725	3714	4833	4283	2044	429	2488	4617	2152	3003	625	110	703	210	542	2179	2835	3635	4125	4846	601	2768	4552	339	4484	1833	2530	2869	1423	3051	214	4848	4331	2014	2094	285	1951	1213	6011	4923	781	1541	3855	5769	4962	3041	3663	1557	2976	4330	6106	3057	1925	1813	3084	5885	6090	110	2913	5145	1763	6000	1589	4961	4636	3786	5697	5049	5669	1335	2330	3650	5745	1744	1067	2821	4352	4520	227	6006	5326	5972	1432	554	4537	3420	2103	5851	2756	5284	5358	2489	1770	4671	4729	1677	3968	1740	4609	262	4637	2495	5375	4974	5866	1342	3549
684	5000	4022	3872	768	5754	1099	124	5195	4198	1849	4117	3629	5802	2266	4250	5380	3116	3185	2361	1110	1562	477	3552	4735	2175	2100	1147	4578	3283	5524	2336	3108	4978	4320	1181	433	1797	6080	2114	347	6078	5367	3708	4308	5827	5986	2594	110	2348	5285	3806	6105	4302	3057	6106	2544	2620	2816	5629	2665	1802	2413	5251	2438	1663	572	1652	3802	413	4896	1611	2982	5454	774	3704	4876	4694	943	4471	2861	621	110	2453	1495	5292	4376	2546	4171	185	4429	1088	3295	1304	629	946	3113	2561	1502	2777	1505	1755	1019	4545	3499	2234	2771	5034	3583	2809	650
110	4341	4206	4866	5537	110	2448	5197	710	5947	462	4860	2182	3140	2479	3365	1559	6096	3285	5622	110	3646	5432	3566	1523	599	3620	3470	5639	1353	372	1139	3631	5180	3205	5014	5627	1229	4874	5167	4685	2096	280	2053	1258	2826	562	4831	2980	5694	5543	4128	5984	4730	1925	2544	6106	2901	4360	645	3357	628	5321	5623	4890	5179	4616	4981	3196	1270	110	3905	5409	3473	1178	5082	4064	740	5248	1577	1822	847	5341	1846	3771	1570	4291	3014	3074	3452	1834	4575	3324	1066	2614	2516	639	4995	5828	4137	1698	5568	5914	1422	192	1116	3518	5047	1191	1567	2520
4835	2896	110	3419	3668	4838	3177	110	1944	5575	3491	4092	1306	2341	335	4410	110	4321	2512	3950	5596	833	3239	5516	4928	4104	2543	4845	4288	3476	3104	763	5068	6076	5222	2173	4272	3386	5628	1123	4473	1766	2915	2041	1867	278	5350	3268	461	5060	3619	1683	1378	1434	1813	2620	2901	6106	1965	4489	770	4822	3085	1325	3427	3971	1629	3699	2590	1616	3730	4618	1774	4139	5766	3720	3824	5260	800	1204	5525	2475	2928	5842	1887	4776	1679	4718	110	4175	3709	4373	4812	2745	1157	538	2436	1260	6053	5257	5327	578	3870	175	4400	3885	5513	1221	3189	3437	3825
1520	5306	3861	2812	5775	4653	5241	1307	1636	3743	604	6054	2586	5650	4538	1449	815	1137	4702	1884	4559	549	1916	5086	4652	5700	5266	114	4761	3560	3162	5109	869	1381	5322	3747	5798	1845	2434	2223	4236	1388	4754	4006	3882	3741	1690	4135	174	4993	3359	1561	2965	3653	3084	2816	4360	1965	6106	4028	2651	1319	411	5990	5938	4868	3439	3338	5076	401	858	2574	5597	2257	620	4078	2469	2836	568	1729	5107	1008	421	4972	3053	1024	3758	4188	3387	110	5577	1472	2671	4737	1745	758	3881	2532	4940	5571	1201	579	3973	4948	6101	1782	3105	1518	5497	3198	4020
1726	832	2101	3027	3734	4311	2372	3146	1708	366	555	5160	1990	866	4606	4266	4479	416	3974	5391	5244	5275	1525	3841	2320	2604	4563	4752	1942	3795	5212	1186	5137	1982	2386	3511	5878	5931	1792	4055	5158	211	654	1187	5654	557	110	859	2934	4657	5509	2307	4014	1084	5885	5629	645	4489	4028	6106	717	1028	2903	3442	719	5091	3428	3484	6061	4350	2383	381	1967	1695	2275	803	6066	616	5635	675	614	4954	495	3522	3042	5898	131	783	3887	3351	3253	4861	4716	890	248	5429	1552	4012	5030	1991	5826	4132	3258	4281	1879	1551	1226	222	3836	5268	5840
4065	4686	4666	1762	6071	2015	198	638	4083	318	5369	2927	3433	1979	379	4780	3780	5591	5945	5412	2464	2753	4980	5724	4315	3250	4985	5427	110	6002	2920	5084	4931	1427	145	4466	3876	205	1608	4042	5398	671	4534	553	5783	4154	3321	5159	1676	6070	476	5090	4085	176	6090	2665	3357	770	2651	717	6106	2211	2823	1874	5604	5466	1080	2967	3464	923	1595	5283	4763	2209	759	797	3141	3542	5293	3266	5901	1575	1477	976	5634	4951	2883	2191	1345	997	2640	2946	4526	1062	4456	3103	3962	3273	2513	6031	2612	5957	724	5420	2005	1267	1526	189	2457	1284	309
2944	2758	713	2143	3918	5810	4709	1859	3080	904	2852	4178	4345	5919	2681	4261	1155	5290	2611	115	5561	714	3154	5974	4008	5447	3312	1242	1413	4111	1117	1590	6039	4696	2057	5209	3413	2421	2754	708	5532	5698	683	5807	1064	430	4140	5129	1761	4528	5182	3874	1070	3298	110	1802	628	4822	1319	1028	2211	6106	5661	888	2440	5781	1678	4035	1847	2465	4076	2879	3521	644	5070	766	5273	3751	4196	223	110	879	5943	2313	3043	1958	2478	5330	6045	1809	1826	1936	1929	1788	1702	2658	151	5522	4862	2718	110	2170	4925	2102	4549	3697	987	3451	1252	4333	2355
3235	355	4355	1814	1162	4493	2196	4336	5550	4309	1166	4119	1105	647	5362	5431	4186	2185	2632	6049	5847	1383	2293	5763	1294	1494	3565	470	3616	3749	2507	4658	705	5282	1225	3590	1635	110	4344	4635	4897	3465	4046	415	722	3404	426	667	1176	4256	4414	3555	973	938	2913	2413	5321	3085	411	2903	2823	5661	6106	6001	5809	3924	2735	351	2137	3927	3145	4113	3183	1969	3100	4722	3662	917	2212	2020	726	5481	649	5213	233	1261	3925	3096	3513	2165	6069	3851	5105	4329	891	3031	4304	1499	2097	5360	464	4285	6010	1372	5488	4096	2429	5864	4264	3979	3446
5023	5942	1060	2369	2425	1058	197	2008	2060	2208	5270	5771	4937	4031	499	4904	2091	4363	5665	2580	760	5211	1364	3567	4840	6065	3373	5423	5892	5062	110	3247	1721	4772	1707	2242	3754	4023	3128	3778	1326	1171	3099	2859	4143	2162	3761	3873	5521	2506	5791	1743	1997	110	5145	5251	5623	1325	5990	3442	1874	888	6001	6106	1711	5349	5555	4062	3272	436	2603	4048	2750	4087	2010	2701	3505	319	1538	3772	5598	4797	1278	3908	329	4051	445	4889	1020	253	377	3812	3721	2491	522	1114	4644	5372	1901	5824	2315	6036	1877	1621	609	3385	5183	1208	2880	423	2596
5482	3064	5659	2482	2321	1907	4049	3340	5051	4259	4015	2617	505	1519	1670	3114	3001	715	865	2636	2027	4639	4557	1429	4698	3859	5097	3503	2289	2526	3546	880	2889	1610	1473	2945	4681	2156	2244	3688	4203	2687	2318	2509	5323	1521	3670	3334	3603	3733	3637	1259	613	2639	1763	2438	4890	3427	5938	719	5604	2440	5809	1711	6106	1305	5862	5010	5631	5991	4371	1812	2933	3280	1054	1771	5299	6007	1704	5812	2187	3055	1128	1723	1666	4004	3133	3891	3990	2125	110	5351	4881	3601	3438	370	2169	2414	2623	3448	3854	2459	4438	6015	5374	5767	5037	2049	1257	1360	5684
147	2118	4829	5504	3148	3760	110	3356	483	4280	5690	2423	1992	5255	3238	3577	166	5469	4289	2428	5717	1858	4393	4397	3227	238	3039	1235	5918	1127	5626	4512	4720	2988	2990	4863	5793	787	2910	2294	1839	2743	4300	1584	4160	183	901	5546	2508	4441	1527	1735	5157	4939	6000	1663	5179	3971	4868	5091	5466	5781	3924	5349	1305	6106	2805	2323	246	3597	5441	3274	275	1399	3988	5448	266	110	3336	1332	4715	2168	1356	3426	258	5747	1903	839	2502	5911	4604	1275	1714	2779	4680	4011	4148	2484	1754	5699	676	3627	4054	5880	3399	2872	3212	3811	785	2790	1941
2563	4689	3008	284	3787	3837	3475	1855	4756	4476	4459	876	452	2302	5120	5688	110	5718	3945	4453	5671	2385	4488	1424	3431	5891	3857	1977	5344	5905	1863	4126	6085	608	3208	3958	1172	1037	2746	1032	327	918	602	570	2831	823	5768	5143	636	2929	1549	3237	4133	4423	1589	572	4616	1629	3439	3428	1080	1678	2735	5555	5862	2805	6106	4917	5087	4440	5175	637	2110	4984	5732	5535	3877	4535	3664	1593	3579	1669	2411	348	940	1344	290	4500	1316	3849	2231	5503	2086	3917	143	2797	3375	4485	6056	5713	4963	5124	2851	3909	2789	582	3153	734	2810	4935	2237
5108	4494	2519	2829	2311	5962	1013	3515	744	4045	3164	5867	291	5933	4796	4744	1734	1489	5882	895	3204	5966	305	2619	1106	4195	3791	4013	4105	3683	5383	2486	4521	5923	4895	1301	5232	2751	3217	1851	2443	4765	4422	854	4367	4909	2755	2108	2685	5696	3712	4598	4672	1659	4961	1652	4981	3699	3338	3484	2967	4035	351	4062	5010	2323	4917	6106	3482	5345	1297	2841	686	4390	4389	2917	5040	998	907	4408	2629	1190	1462	2622	1076	3222	2593	1960	6079	4016	172	5641	5642	661	5687	494	870	5758	4647	3383	3750	5152	2505	5508	1857	1442	5602	5377	110	2472	5946
1970	1133	1756	4075	3593	1957	1728	2874	5588	1079	2939	3007	723	5202	5261	974	3707	4988	4732	4237	5545	721	3034	3412	3191	2793	3561	2919	2164	4778	3374	1900	1169	5746	4599	1337	247	4082	2288	5015	4190	887	1596	911	5733	3551	5507	3879	1375	902	3922	4525	1781	5181	4636	3802	3196	2590	5076	6061	3464	1847	2137	3272	5631	246	5087	3482	6106	5422	5553	5031	3314	399	2326	5119	3621	3220	2003	5615	5077	5072	3434	6046	5300	5055	4950	5896	2579	330	5617	709	3210	110	4357	1853	1536	4420	249	1531	5829	3414	1665	4384	4849	4180	1487	5059	3469	3999	2737
3178	1654	753	1810	5080	1852	2630	241	1722	5683	237	5496	5276	5518	5365	2349	5941	4977	5311	5757	4286	2038	2174	5099	403	4258	2881	5337	2660	2782	1995	451	2854	345	5603	1742	4116	5112	517	4150	2706	5975	4492	4827	4634	606	1978	1042	5236	5779	4205	3131	5403	3186	3786	413	1270	1616	401	4350	923	2465	3927	436	5991	3597	4440	5345	5422	6106	2092	1641	312	4490	1295	5982	341	110	4998	110	1355	749	5653	1248	2188	3300	5647	2954	4080	541	3457	1104	660	5782	2669	2696	4795	3660	2011	4375	1871	3537	3829	4134	5590	173	2031	3815	2284	3535	1661
132	720	5633	3602	2417	3098	3360	1955	5178	525	2317	5858	829	1410	2059	3063	5146	571	4817	299	4842	612	2569	4910	3288	3325	5608	3201	1214	5819	5834	5740	5708	5913	1003	4287	3137	5440	4712	1193	4700	3246	1601	1642	1247	5122	1089	1758	243	4229	3553	4299	208	4337	5697	4896	110	3730	858	2383	1595	4076	3145	2603	4371	5441	5175	1297	5553	2092	6106	2882	689	304	2376	3130	110	559	4749	814	2415	750	2333	4165	3736	5073	2075	3779	1566	5186	5756	1192	2916	5719	889	152	3647	512	964	4880	5239	5199	5831	1564	5648	3987	2104	2638	3728	2925	4246
2358	1631	4239	1107	5042	3888	3954	3951	3705	1805	4252	2239	4332	5887	4539	1188	380	1103	4583	3022	3991	727	4803	110	1480	2016	1919	388	2535	539	3358	2282	2567	2283	3866	4465	5531	1790	6098	2374	1007	883	3069	1207	5856	5822	110	2224	4257	4633	2181	3203	4067	1994	5049	1611	3905	4618	2574	381	5283	2879	4113	4048	1812	3274	637	2841	5031	1641	2882	6106	1281	1625	2994	2142	136	2390	1973	1158	874	598	5453	1890	444	3690	1694	320	872	2529	2180	1096	4791	2722	3310	4564	2905	5044	3443	5711	2133	3260	3423	3020	3746	6018	187	325	468	1706	2937
2873	1615	2197	110	4169	5439	3174	846	3320	4100	963	2784	2028	4068	5370	5702	5259	4506	2733	2935	2466	3611	2176	116	2456	1097	2551	469	1425	3467	1210	4043	2398	4265	5649	3591	2668	155	3832	5079	281	1511	3928	3279	425	1273	945	4973	3076	5316	4335	3468	5750	1895	5669	2982	5409	1774	5597	1967	4763	3521	3183	2750	2933	275	2110	686	3314	312	689	1281	6106	3214	2418	110	1414	4123	270	3112	1243	863	5148	5952	4542	3435	1341	475	4630	110	5234	3833	704	4157	4878	912	478	240	5131	2633	3450	3361	5651	5542	2739	3649	110	4540	2838	2274	2238
1956	287	761	3860	2147	5424	4359	4690	5095	798	2932	4516	1340	110	111	4404	1146	179	873	573	1016	2778	2878	2490	913	352	4316	1366	5340	2402	2000	4809	2601	4415	3963	5458	4739	5191	230	4628	4894	842	6022	5106	3054	2062	1989	6016	2531	2653	1093	4577	1369	5434	1335	5454	3473	4139	2257	1695	2209	644	1969	4087	3280	1399	4984	4390	399	4490	304	1625	3214	6106	658	2430	1829	5125	2884	5410	5796	4873	630	5794	799	5888	5813	3543	1617	1446	3422	2599	4161	5471	679	2524	777	2677	496	5589	1751	1153	457	3372	356	5459	3818	993	322	3150	3638
3303	1778	5610	1738	4989	1409	2194	4433	3716	5705	3289	848	5607	4436	3194	796	1022	1731	4176	5879	701	3675	4585	1393	3594	1435	5001	2409	4568	4002	712	4379	3636	5789	2592	4851	4870	1645	4660	3904	5993	4061	5897	2808	3744	4406	316	4747	3941	3354	5498	3966	1943	2363	2330	774	1178	5766	620	2275	759	5070	3100	2010	1054	3988	5732	4389	2326	1295	2376	2994	2418	658	6106	2692	819	884	4784	1985	5838	2802	3127	1591	2597	1351	1488	216	977	2871	569	2748	843	4529	3995	110	4968	4753	2276	668	1928	4159	1558	2089	527	2897	4990	5818	4655	6014	4879
1094	2080	1935	3296	5347	4764	5338	942	4147	5652	3609	3977	5083	110	1532	127	5681	850	5039	3068	2759	4669	4271	2163	144	5992	204	5203	1821	4215	202	1453	5417	3315	941	663	5894	784	2931	1315	2462	1195	265	3914	4444	5863	3725	5893	4348	3797	2306	929	2240	1902	3650	3704	5082	3720	4078	803	797	766	4722	2701	1771	5448	5535	2917	5119	5982	3130	2142	110	2430	2692	6106	5707	3687	2950	2621	5956	4017	5581	3532	2978	3345	1939	1471	4757	3335	5738	3160	5190	3803	4561	2573	4177	5985	4307	3024	2598	2776	3563	2204	1927	576	699	2171	4836	960	3944
3240	5682	1824	2962	5177	3124	3989	5977	3254	181	3839	1380	4387	1194	3193	5352	1553	2799	1030	4216	4184	1420	1718	493	3421	2675	3101	4710	2813	1327	454	4364	1310	5873	3264	2134	3580	3693	1065	4508	2483	2557	424	801	1815	4857	5308	6103	2138	1255	5979	5314	3111	5467	5745	4876	4064	3824	2469	6066	3141	5273	3662	3505	5299	266	3877	5040	3621	341	110	136	1414	1829	819	5707	6106	1548	4191	2148	2120	4270	937	4295	3401	4241	5808	3398	4572	3529	5041	1876	2822	1904	3265	4603	484	2649	1732	5075	2985	5460	2724	5551	4759	3067	741	2857	3981	1696	504
5580	2558	1296	2515	990	3536	3610	3586	2019	277	5194	396	4183	4136	1321	374	2303	110	456	2065	1630	5845	2248	1724	1892	3489	4697	2900	2370	2272	1352	2624	2467	5677	3353	2688	5655	1953	3301	5586	775	1222	900	875	3294	1587	1837	1323	3458	2076	2297	3313	4944	156	1744	4694	740	5260	2836	616	3542	3751	917	319	6007	110	4535	998	3220	110	559	2390	4123	5125	884	3687	1548	6106	5722	1450	5636	3783	4162	1385	1497	1021	595	5346	1667	3337	1051	1250	4247	593	3023	1582	646	5860	4659	1300	4613	3129	795	3946	1218	561	6102	2845	2126	2679	3809
4650	419	4463	438	984	3307	239	4445	4824	3615	4268	4326	1025	2575	5723	4771	3897	5777	3871	1232	2726	4278	3948	4746	4504	110	378	1882	1947	4610	633	892	1545	3840	4103	482	5573	4461	1339	1461	2842	916	5605	1517	1906	5770	110	2021	3461	4523	1823	6093	4960	5889	1067	943	5248	800	568	5635	5293	4196	2212	1538	1704	3336	3664	907	2003	4998	4749	1973	270	2884	4784	2950	4191	5722	6106	2178	2069	5616	3644	1795	5666	3835	632	5196	3562	2079	4590	1458	4149	4167	4207	346	2405	5163	4638	5287	2029	692	162	1041	841	1612	2403	5169	5744	2084	3938
3726	2522	3062	5048	3176	2217	3613	5499	5005	965	780	488	4152	3390	4882	5206	427	4001	2921	5254	6026	3471	3172	3441	4318	956	2983	2396	817	5811	5029	2124	5730	3896	5050	5279	420	5013	4446	3632	5229	5857	5512	1236	5785	2642	936	5408	2356	1933	5939	110	5331	1713	2821	4471	1577	1204	1729	675	3266	223	2020	3772	5812	1332	1593	4408	5615	110	814	1158	3112	5410	1985	2621	2148	1450	2178	6106	1156	4581	5214	472	5396	1098	2362	2667	4227	5728	3695	3853	110	1271	6072	4242	4670	1709	1303	4047	3940	2949	4600	1926	3107	1224	3317	3486	2500	3768	4472
2691	2700	2683	5645	5113	1508	4964	4155	5833	518	2556	1283	3163	3394	2837	4515	4790	5219	261	3937	453	4997	6032	2584	743	764	3789	5315	5128	1044	3737	5983	5556	2012	3344	385	4693	3155	6021	267	2186	4769	4057	2893	5361	4916	4856	4419	4053	6083	1177	5595	400	566	4352	2861	1822	5525	5107	614	5901	110	726	5598	2187	4715	3579	2629	5077	1355	2415	874	1243	5796	5838	5956	2120	5636	2069	1156	6106	3822	5227	4524	2128	662	2210	834	5663	6043	2814	5395	4073	3676	1498	5578	5908	4911	2860	1027	3244	272	5428	2547	1692	1614	2450	957	4200	4706	3406
2952	1071	3173	4975	5953	4662	5149	6042	1789	4731	2322	1746	3019	3184	2183	447	1031	4705	110	5123	1382	674	2626	5136	2704	565	5484	1828	2235	1455	3519	4546	3819	1786	5772	698	1513	1402	5419	5373	3230	4361	2585	296	3766	2371	746	3901	3425	2650	2236	368	4713	3347	4520	621	847	2475	1008	4954	1575	879	5481	4797	3055	2168	1669	1190	5072	749	750	598	863	4873	2802	4017	4270	3783	5616	4581	3822	6106	4679	3964	2308	4449	3061	5579	3520	1686	3691	5850	412	5058	1987	2899	4852	2309	896	4802	574	2160	980	2269	961	1467	1276	1033	4665	1036	3487
2353	2338	2772	1691	2673	3919	4952	4918	5759	949	1872	5074	5837	2035	4231	5233	4624	2090	3269	610	2850	3188	2337	821	5915	310	2034	1886	3092	3460	394	3628	3287	5096	751	5258	972	1394	435	1359	1220	2201	5172	5841	5820	3674	5164	5312	3165	835	2153	3581	4238	5253	227	110	5341	2928	421	495	1477	5943	649	1278	1128	1356	2411	1462	3434	5653	2333	5453	5148	630	3127	5581	937	4162	3644	5214	5227	4679	6106	755	1836	767	5036	5806	510	5339	2106	3384	149	1811	2697	5786	3083	5264	1391	2382	1463	334	2253	1850	3355	5462	397	2334	134	3117	5187
3600	117	4050	110	2525	3415	1055	752	1981	4225	3477	5564	5291	4589	5071	110	215	1924	4794	5117	1516	3082	4066	4391	5220	2493	4469	3517	110	283	3856	3980	5530	2480	5451	2775	5118	4182	1949	4084	3410	1115	200	2159	3935	5541	3405	4843	868	5817	4220	1336	195	4576	6006	2453	1846	5842	4972	3522	976	2313	5213	3908	1723	3426	348	2622	6046	1248	4165	1890	5952	5794	1591	3532	4295	1385	1795	472	4524	3964	755	6106	2941	851	4409	1503	450	5333	1653	2149	1299	3060	3559	2702	5584	503	2344	3793	2024	3614	3002	2803	2216	1269	1329	885	3110	580	5852
1716	2523	3828	5611	142	2220	232	333	1607	3271	816	6047	1113	4631	1950	3093	3845	3277	5736	279	2849	3346	288	550	110	1682	2119	350	2503	2924	4721	4514	4033	3669	3821	3533	5006	3304	5170	2377	5835	6005	4828	1586	5226	4593	6020	5964	2979	3259	5762	5741	110	2476	5326	1495	3771	1887	3053	3042	5634	3043	233	329	1666	258	940	1076	5300	2188	3736	444	4542	799	2597	2978	3401	1497	5666	5396	2128	2308	1836	2941	6106	5727	4219	1101	3777	4417	3868	4209	4032	1087	5364	1374	1848	4719	5489	376	822	182	3506	4362	4767	2058	446	3456	5477	556	2045
3790	2662	533	4499	3453	5932	2056	707	5464	894	3906	584	5676	2606	5297	110	1868	1268	1182	1279	1727	897	2583	2393	1416	5173	5153	2723	178	786	2389	3731	2006	5053	5054	959	5533	3026	4294	910	2222	1974	4189	4626	2634	2200	467	6024	1931	2032	3161	773	1923	1619	5972	5292	1570	4776	1024	5898	4951	1958	1261	4051	4004	5747	1344	3222	5055	3300	5073	3690	3435	5888	1351	3345	4241	1021	3835	1098	662	4449	767	851	5727	6106	2247	626	110	1001	2295	5210	2609	1869	1613	5881	5318	1131	3326	1403	1241	3369	5877	3717	5100	5098	4478	3071	2273	3880	3088
5544	5539	5787	4565	4558	3049	3722	1913	5559	2300	263	5004	317	537	4774	931	1015	5046	4424	3377	3587	206	3391	4554	4434	4497	373	4885	5846	480	1277	5035	886	252	3025	2741	2676	4230	893	5859	5237	1239	4099	1783	3933	3606	5007	1151	5089	583	2537	2628	5063	5973	1432	4376	4291	1679	3758	131	2883	2478	3925	445	3133	1903	290	2593	4950	5647	2075	1694	1341	5813	1488	1939	5808	595	632	2362	2210	3061	5036	4409	4219	2247	6106	6094	4983	5526	4987	1479	5795	4097	827	1753	2766	1431	354	5959	1419	2923	4007	110	4645	4675	3585	6009	4877	4859	1880
4060	3742	4233	575	5706	3502	1456	6073	3507	2030	4781	3538	1077	3142	3135	3501	519	3947	5656	4522	5415	577	4276	1438	3729	1604	5715	5528	128	6095	515	4443	5583	3245	5672	3159	1318	3179	1576	110	2221	5823	1861	5224	4185	110	3015	3978	4789	1397	2833	5414	251	4153	554	2546	3014	4718	4188	783	2191	5330	3096	4889	3891	839	4500	1960	5896	2954	3779	320	475	3543	216	1471	3398	5346	5196	2667	834	5579	5806	1503	1101	626	6094	6106	5056	4118	4403	193	5739	4810	5426	5547	2714	4197	431	4841	4451	371	2783	3417	3661	1441	4602	5527	4825	4755	2373
2474	2595	1856	5716	5601	2256	4282	5151	2731	3218	306	2087	1626	315	587	3900	2541	2684	2646	2431	3658	3952	2095	4037	3278	1140	5147	4663	1040	2600	2395	531	1274	110	4382	481	1565	5874	1357	5043	1633	2738	196	122	5773	2765	5394	926	2559	5366	4548	2481	2426	3878	4537	4171	3074	110	3387	3887	1345	6045	3513	1020	3990	2502	1316	6079	2579	4080	1566	872	4630	1617	977	4757	4572	1667	3562	4227	5663	3520	510	450	3777	110	4983	5056	6106	3949	656	1799	1832	930	5430	5325	2562	3047	2616	5670	1831	1189	2581	948	409	1437	5830	4496	3032	4130	1539
5388	3504	4533	297	1254	2527	2840	3775	1006	771	3701	4041	3759	747	664	1594	2659	3081	5944	5400	331	2365	405	641	1240	3223	4714	110	6062	3920	882	5673	5753	2647	4569	141	1460	861	3541	5743	5017	2150	3393	2843	2674	3745	4181	2260	1634	1715	3418	3694	2301	927	3420	185	3452	4175	110	3351	997	1809	2165	253	2125	5911	3849	4016	330	541	5186	2529	110	1446	2871	3335	3529	3337	2079	5728	6043	1686	5339	5333	4417	1001	5526	4118	3949	6106	4314	168	585	5278	2013	1280	1650	367	4036	5566	228	1126	1996	5247	2473	3331	4249	1504	2422	769	110
194	110	5357	4338	4798	1245	217	5185	4801	3558	276	1405	813	3349	3548	954	4654	5968	4358	5816	2774	5371	2083	1798	1540	3814	2699	1209	4025	3573	6030	1910	3942	2458	1556	4701	5045	2215	2550	3723	536	3199	1803	3123	862	1436	748	5110	4912	529	3044	4832	5033	1968	2103	4429	1834	3709	5577	3253	2640	1826	6069	377	110	4604	2231	172	5617	3457	5756	2180	5234	3422	569	5738	5041	1051	4590	3695	2814	3691	2106	1653	3868	2295	4987	4403	656	4314	6106	2007	4091	1791	2698	1376	5452	6092	2514	112	4607	2278	2077	1212	4170	2666	2870	6059	4858	5002	3997
765	3801	4656	295	5619	5585	2744	4813	3480	5008	757	1130	5228	2791	3134	2299	1111	5208	5989	4906	3293	640	944	4018	2970	4381	4588	1035	2510	1741	2868	1047	1491	1583	5012	4830	2942	1343	1959	4553	1971	4724	2122	4296	4819	2807	3838	1142	4122	2410	4815	338	1930	2834	5851	1088	4575	4373	1472	4861	2946	1936	3851	3812	5351	1275	5503	5641	709	1104	1192	1096	3833	2599	2748	3160	1876	1250	1458	3853	5395	5850	3384	2149	4209	5210	1479	193	1799	168	2007	6106	110	3481	5797	2258	5392	110	120	5948	5560	1624	4324	5582	2498	4855	5849	220	2325	3233	311
4029	4255	4396	3666	4292	3180	2958	3765	5231	1794	3617	1598	4115	2400	3139	567	932	952	4850	3652	509	1152	2710	2449	2296	5243	1159	2387	3800	4340	2501	867	6051	4021	110	4530	487	1293	5016	2736	3875	4145	5940	2875	788	4898	790	3955	5970	588	5413	1228	4173	2539	2756	3295	3324	4812	2671	4716	4526	1929	5105	3721	4881	1714	2086	5642	3210	660	2916	4791	704	4161	843	5190	2822	4247	4149	110	4073	412	149	1299	4032	2609	5795	5739	1832	585	4091	110	6106	4587	4374	622	3263	4623	5393	5444	3494	110	5296	4807	2795	4883	4202	5066	1287	1750	273
1265	3211	3097	4927	4826	3713	3121	1622	1687	4040	2292	729	5569	4430	5267	2886	392	5130	4629	2973	4787	2534	3767	3895	3850	110	1739	3911	5401	2145	3992	3575	3493	3794	3397	4460	1049	778	4865	4684	3251	3526	2591	1313	1134	2399	4571	3094	440	5307	2827	4475	3267	4933	5284	1304	1066	2745	4737	890	1062	1788	4329	2491	3601	2779	3917	661	110	5782	5719	2722	4157	5471	4529	3803	1904	593	4167	1271	3676	5058	1811	3060	1087	1869	4097	4810	930	5278	1791	3481	4587	6106	2040	4786	919	1230	3994	364	975	547	6097	219	1697	4366	6028	3252	5574	5567	5774
3229	672	2342	1149	4303	4837	3348	3763	110	1983	169	4930	2304	3578	5038	5425	5139	2761	3986	5288	711	1202	687	4398	1312	1964	2948	4887	5695	730	5865	991	6086	2995	4474	4034	2447	2166	2610	2887	5895	2712	3463	6068	4814	1500	3589	4640	5514	1023	5238	1768	3316	951	5358	629	2614	1157	1745	248	4456	1702	891	522	3438	4680	143	5687	4357	2669	889	3310	4878	679	3995	4561	3265	3023	4207	6072	1498	1987	2697	3559	5364	1613	827	5426	5430	2013	2698	5797	4374	2040	6106	110	3333	2678	826	1395	5342	4090	5680	5166	5563	4138	110	2066	4301	138	4688
4305	2228	3834	274	2250	1785	642	6035	5792	5480	2099	1825	811	2117	1311	5101	4437	4372	3207	1662	994	3547	3830	2352	3508	3328	1249	4641	5909	631	1759	3554	1917	5474	3311	6058	5704	1197	1568	5937	5240	5304	5218	5061	754	2781	5230	5748	2189	2820	2367	2716	2785	3048	2489	946	2516	538	758	5429	3103	2658	3031	1114	370	4011	2797	494	1853	2696	152	4564	912	2524	110	2573	4603	1582	346	4242	5578	2899	5786	2702	1374	5881	1753	5547	5325	1280	1376	2258	622	4786	110	6106	2894	2602	2442	3136	2121	340	3572	955	5065	4102	5764	4708	2661	4112	1921
2354	5958	2848	2078	934	408	4353	479	1092	3322	3362	2195	5998	3718	4742	4562	5281	1251	4621	3132	4144	1560	3530	5302	1246	1074	1885	3118	627	4695	2439	5646	360	3931	5517	2971	2560	1400	1289	4760	110	1379	3770	2082	666	5438	1320	1767	995	1373	1081	1012	3539	3892	1770	3113	639	2436	3881	1552	3962	151	4304	4644	2169	4148	3375	870	1536	4795	3647	2905	478	777	4968	4177	484	646	2405	4670	5908	4852	3083	5584	1848	5318	2766	2714	2562	1650	5452	5392	3263	919	3333	2894	6106	213	680	4110	1095	2109	5407	3677	5032	4871	3120	543	485	1072	5381
2202	1914	718	1748	2966	3330	2521	3996	1333	1533	4726	5256	3607	4957	776	1656	268	5329	4821	4982	6050	988	3102	5876	3006	5755	1466	2538	1199	5934	2081	3202	5252	691	1000	3144	5784	5465	1474	2801	643	772	1009	4095	5154	5144	3206	4779	3395	4224	5116	3158	5987	1384	4671	2561	4995	1260	2532	4012	3273	5522	1499	5372	2414	2484	4485	5758	4420	3660	512	5044	240	2677	4753	5985	2649	5860	5163	1709	4911	2309	5264	503	4719	1131	1431	4197	3047	367	6092	110	4623	1230	2678	2602	213	6106	3087	2989	4596	1119	5317	4094	659	1334	1860	3248	3308	1132	1657
1286	498	856	1701	3956	5506	4727	1346	3416	3916	119	4969	2249	2689	4127	4945	3109	2858	289	3665	5486	3623	2984	925	1632	2578	5630	3216	4098	2819	5954	3739	1217	4511	5515	5844	3702	110	653	3781	5463	1290	5478	2792	3516	5104	999	2926	5188	4192	2517	2287	2825	5319	4729	1502	5828	6053	4940	5030	2513	4862	2097	1901	2623	1754	6056	4647	249	2011	964	3443	5131	496	2276	4307	1732	4659	4638	1303	2860	896	1391	2344	5489	3326	354	431	2616	4036	2514	120	5393	3994	826	2442	680	3087	6106	2888	1628	3984	2477	1073	4347	110	1125	1004	2072	1911	978
6013	6008	5378	5805	935	4297	1793	3498	3221	1572	4692	3608	5612	5871	4089	2332	2243	3095	4991	1705	1272	1841	1725	3440	1206	4386	1407	4187	1757	1324	386	742	2725	2909	414	1580	1468	5907	669	123	969	2657	2339	1490	3982	1891	3985	3125	1454	3831	1543	2709	5557	1161	1677	2777	4137	5257	5571	1991	6031	2718	5360	5824	3448	5699	5713	3383	1531	4375	4880	5711	2633	5589	668	3024	5075	1300	5287	4047	1027	4802	2382	3793	376	1403	5959	4841	5670	5566	112	5948	5444	364	1395	3136	4110	2989	2888	6106	1685	5385	1363	4342	2391	110	2471	5379	4213	1018	5272
2131	4741	3568	5174	110	5510	2105	4531	2635	1554	5538	201	3056	1934	157	342	1412	3363	1961	5875	3852	5621	1585	6067	3788	3256	1365	928	1112	3735	2199	1404	5491	534	4235	383	3167	618	2262	2961	3156	694	1835	4574	982	2627	4312	473	1237	1052	2968	1507	2070	5298	3968	1505	1698	5327	1201	5826	2612	110	464	2315	3854	676	4963	3750	5829	1871	5239	2133	3450	1751	1928	2598	2985	4613	2029	3940	3244	574	1463	2024	822	1241	1419	4451	1831	228	4607	5560	3494	975	5342	2121	1095	4596	1628	1685	6106	1309	5221	4290	2416	4293	807	2582	6055	1203	1038
2132	5353	1627	1338	3827	4567	489	5280	915	110	845	6091	110	5025	110	3967	4435	1390	3512	5289	2963	497	4071	3534	1717	4107	5207	5725	4158	164	3038	2351	3033	2446	1945	110	1760	5836	393	3011	1779	1470	4124	1838	2388	1174	5242	3474	432	5587	5205	1368	2996	324	1740	1755	5568	578	579	4132	5957	2170	4285	6036	2459	3627	5124	5152	3414	3537	5199	3260	3361	1153	4159	2776	5460	3129	692	2949	272	2160	334	3614	182	3369	2923	371	1189	1126	2278	1624	110	547	4090	340	2109	1119	3984	5385	1309	6106	2955	417	4510	6004	1163	5760	1514	5215	634
507	3953	3757	4218	3299	1909	1915	2433	970	560	1986	2047	877	463	4517	3021	528	516	3755	762	3411	2154	4421	1083	1528	1808	5150	1501	5263	5246	2830	294	4942	1266	4673	1465	2499	1618	5765	2631	3550	4385	3036	363	286	5111	3073	5511	5751	2424	3290	153	611	4351	4609	1019	5914	3870	3973	3258	724	4925	6010	1877	4438	4054	2851	2505	1665	3829	5831	3423	5651	457	1558	3563	2724	795	162	4600	5428	980	2253	3002	3506	5877	4007	2783	2581	1996	2077	4324	5296	6097	5680	3572	5407	5317	2477	1363	5221	2955	6106	4026	3864	2286	852	3228	1144	5667	110
697	3305	1184	1675	3867	2206	3808	3727	2252	113	1180	5921	5265	4339	3234	4965	3843	3685	5685	1205	321	4269	5249	1776	2780	1699	1733	4432	4740	3157	3633	110	5121	3682	308	733	5085	1912	2641	4079	4009	2492	1253	5804	3037	2328	3706	4086	1448	1620	4369	269	2914	5216	262	4545	1422	175	4948	4281	5420	2102	1372	1621	6015	5880	3909	5508	4384	4134	1564	3020	5542	3372	2089	2204	5551	3946	1041	1926	2547	2269	1850	2803	4362	3717	110	3417	948	5247	1212	5582	4807	219	5166	955	3677	4094	1073	4342	4290	417	4026	6106	3169	4310	1819	3488	4088	4377	1421
2877	5133	3126	2693	3352	2767	2974	3622	4108	5917	6084	864	471	2564	148	1980	5592	4399	4505	5200	2454	4418	2832	2720	1292	146	5967	5445	2549	966	5309	5618	1398	5761	5376	1415	5927	3703	5078	110	1026	4388	3883	673	3013	3035	5093	4129	581	4792	728	203	2198	2645	4637	3499	192	4400	6101	1879	2005	4549	5488	609	5374	3399	2789	1857	4849	5590	5648	3746	2739	356	527	1927	4759	1218	841	3107	1692	961	3355	2216	4767	5100	4645	3661	409	2473	4170	2498	2795	1697	5563	5065	5032	659	4347	2391	2416	4510	3864	3169	6106	1787	1806	1703	1350	5472	3648
1509	3462	2977	314	3343	2298	5930	857	2715	5204	1211	5470	5102	3686	3187	1328	1600	5624	3740	3605	4070	2940	1256	1173	159	3943	2764	2729	118	5903	3368	6041	4823	2608	2331	2127	5443	983	5801	1496	5479	4313	365	3302	3595	2408	3863	908	3932	2463	2233	4392	4582	836	2495	2234	1116	3885	1782	1551	1267	3697	4096	3385	5767	2872	582	1442	4180	173	3987	6018	3649	5459	2897	576	3067	561	1612	1224	1614	1467	5462	1269	2058	5098	4675	1441	1437	3331	2666	4855	4883	4366	4138	4102	4871	1334	110	110	4293	6004	2286	4310	1787	6106	3993	2073	4072	695	3065
250	260	254	460	2855	3642	5115	2947	2375	1899	586	1720	4412	5996	2497	391	5271	971	1170	4958	5969	3569	6033	2261	513	4971	293	2051	3079	110	3907	2904	3913	4903	4131	4556	1014	682	4454	526	4886	4884	564	428	4914	4955	2460	840	4953	4223	2890	3923	4844	6063	5375	2771	3518	5513	3105	1226	1526	987	2429	5183	5037	3212	3153	5602	1487	2031	2104	187	110	3818	4990	699	741	6102	2403	3317	2450	1276	397	1329	446	4478	3585	4602	5830	4249	2870	5849	4202	6028	110	5764	3120	1860	1125	2471	807	1163	852	1819	1806	3993	6106	1784	5965	736	3630
552	4019	4966	2694	6057	2123	1908	2404	1647	3634	5064	4839	2487	939	1775	1840	1796	3689	1524	4924	3444	2997	2052	5114	1418	693	5540	3195	4632	898	2461	2085	466	967	4199	2067	3143	3090	5132	5868	3672	353	3005	1143	133	2605	1406	2906	1285	257	1816	110	2172	5092	4974	5034	5047	1221	1518	222	189	3451	5864	1208	2049	3811	734	5377	5059	3815	2638	325	4540	993	5818	2171	2857	2845	5169	3486	957	1033	2334	885	3456	3071	6009	5527	4496	1504	6059	220	5066	3252	2066	4708	543	3248	1004	5379	2582	5760	3228	3488	1703	2073	1784	6106	4455	2907	4782
3820	2839	4595	1263	4733	2071	326	4003	605	4146	2717	2432	702	2346	199	903	448	745	3149	4172	1451	3472	2703	4325	3588	4573	3350	4273	5737	398	5523	3865	909	2343	282	1512	4069	110	4274	4448	1772	2452	1506	110	5951	3219	5168	3719	2310	3225	2347	2226	2554	126	5866	3583	1191	3189	5497	3836	2457	1252	4264	2880	1257	785	2810	110	3469	2284	3728	468	2838	322	4655	4836	3981	2126	5744	2500	4200	4665	134	3110	5477	2273	4877	4825	3032	2422	4858	2325	1287	5574	4301	2661	485	3308	2072	4213	6055	1514	1144	4088	1350	4072	5965	4455	6106	2986	4907
1447	2545	2844	1542	3796	2902	810	4758	6104	3447	6025	5485	3496	4077	2969	5778	2680	3799	635	4854	332	4208	4059	1045	1043	1493	4487	458	2705	4614	5021	5594	2747	933	1878	2786	5632	1664	2864	4483	1244	1820	1922	1233	3903	4592	2205	229	2219	2427	4594	110	5731	2577	1342	2809	1567	3437	3198	5268	1284	4333	3979	423	1360	2790	4935	2472	3999	3535	2925	1706	2274	3150	6014	960	1696	2679	2084	3768	4706	1036	3117	580	556	3880	4859	4755	4130	769	5002	3233	1750	5567	138	4112	1072	1132	1911	1018	1203	5215	5667	4377	5472	695	736	2907	2986	6106	5490
4513	4762	5502	4547	4156	4221	1602	597	4717	5662	358	4536	4664	1075	3058	1574	2867	4597	4800	3389	5286	809	1764	5135	4793	3645	4495	4024	5599	441	5869	1893	3292	2654	4450	2050	2542	1050	5411	110	3659	4468	590	2728	242	5382	3500	5549	3366	2865	5406	4734	1522	4317	3549	650	2520	3825	4020	5840	309	2355	3446	2596	5684	1941	2237	5946	2737	1661	4246	2937	2238	3638	4879	3944	504	3809	3938	4472	3406	3487	5187	5852	2045	3088	1880	2373	1539	110	3997	311	273	5774	4688	1921	5381	1657	978	5272	1038	634	110	1421	3648	3065	3630	4782	4907	5490	6106
