7261	4558	120	944	1941	299	3321	5015	6340	1701	121	209	3531	2550	159	364	3175	3164	6806	1277	261	2128	5694	6413	7194	6480	2281	4951	750	501	798	3550	6769	1661	4783	2012	761	1157	1644	5543	5307	3049	6138	4678	3312	1893	4954	5504	4295	585	5956	5737	968	1578	3900	1917	5495	2467	1636	6134	3673	1810	3440	2554	1124	711	120	1120	5775	1907	1312	2165	219	6422	731	3936	520	6899	3065	2378	3335	6559	2717	7258	120	5939	6260	356	3819	7064	3250	3185	4189	5812	6124	7201	6680	5768	5088	5780	3480	120	3310	3238	4580	4804	1271	132	6876	3333	6333	6924	5554	912	3499	393	6472	5371	1547	4649	6198
4558	7261	1089	2575	5212	6750	6506	2326	1512	2901	4376	6051	432	4077	2698	6325	876	6844	5425	482	5454	1048	4278	6536	2882	5325	2791	3231	6252	768	7250	2023	2355	5225	2103	1468	2096	2597	1539	1598	3689	3560	3229	3434	3245	5906	120	1453	556	5441	6701	570	1776	4976	5934	4955	6921	2998	536	7040	3446	3897	3030	2757	6267	5927	658	222	2580	5664	6733	6026	625	3387	4574	2031	693	850	6918	6671	5272	3780	5601	310	5733	1458	2019	5582	3768	2574	7238	7181	3807	4968	4532	7091	3906	5817	1594	6527	3008	4437	7188	1150	4469	1923	6651	4535	6691	5315	1297	3769	2282	7058	1190	5655	6477	3984	120	5005	5300
120	1089	7261	4075	4500	7112	5848	873	4146	2134	4789	6563	1891	2042	3173	1974	1613	2080	1712	2516	120	6173	914	4288	2325	1250	5177	1699	1709	4318	2152	4786	2871	4941	414	5263	6199	3114	6621	1653	5562	4584	1176	6718	4614	3674	2115	2572	6986	6049	5980	3106	4946	5007	2286	130	1382	3941	5660	5967	3879	975	5056	3834	269	177	874	6756	385	4495	967	2106	3060	2092	6712	3808	5541	3417	1216	4796	2967	1801	7029	5068	4604	6869	2982	2420	7225	2124	5595	5109	4957	2969	3859	3719	4746	309	6225	5978	5401	1993	758	1449	4439	6399	3054	5330	7042	4855	3001	6855	2359	745	6843	1460	2761	6795	833	838	1045
944	2575	4075	7261	1897	1879	2086	4358	7094	339	6001	6457	4292	1058	6961	7138	2122	6492	1300	2069	837	5722	6056	2183	3364	4449	5232	4042	1481	3053	2202	883	3775	7217	3392	2414	2941	2137	2795	1927	2686	4170	2896	995	2723	6588	2994	4030	2521	6451	333	5969	7025	1116	5920	5781	1396	4748	6047	6044	5169	5778	2958	7240	6007	3995	7101	5265	2797	906	2840	2397	2239	2417	6092	1380	7099	3760	3648	4136	6164	3444	474	120	1621	120	4009	120	6181	4087	1374	1874	5515	470	2363	2547	5689	6135	1128	5491	729	5838	6624	5261	1037	5738	383	1541	120	6078	1366	4235	6069	2349	1546	3576	3460	3107	354	5231	4811
1941	5212	4500	1897	7261	1720	4765	947	1582	3007	7041	3368	7083	1597	4123	6593	2598	5839	1335	880	6002	6708	156	4643	1603	1079	1298	5167	6898	2701	1014	1007	2340	2537	2529	1035	2599	1201	801	2338	223	1521	3029	3861	613	3161	3355	120	5471	539	3734	140	5238	6630	1690	5100	7249	790	5709	4812	307	2203	2014	7247	7167	2072	5003	262	5222	6960	1210	6709	932	5653	864	3409	5499	5783	6067	3314	4929	1125	5765	1746	2185	1652	6103	5200	1365	5804	645	2230	523	2947	3100	1131	7223	3588	5170	3316	3027	7156	6646	1795	7148	3606	2895	957	6667	1179	5360	6994	3627	1721	3514	5702	1498	2832	5773	3948	2756
299	6750	7112	1879	1720	7261	3067	5797	1350	1981	5440	1467	397	1864	1592	6280	5942	3179	640	5570	4926	2902	1706	4958	835	4067	6031	1034	6928	312	4262	3785	6978	1812	634	951	5970	5405	260	3967	4250	2498	201	6505	3459	1359	5718	6653	3220	6220	7185	636	2966	1263	4431	905	2236	6161	6314	5210	6572	5230	1570	6436	120	6165	3385	187	2648	538	395	4747	5788	5426	795	4667	4277	3914	3051	3184	4975	3147	6500	2524	3592	7133	3180	5497	1740	5678	4420	6129	6241	3593	6366	910	852	5659	5647	2824	1322	1809	2890	4252	1431	3158	3239	3994	2845	5294	993	2468	4103	3709	6396	3969	998	6482	6840	7130	2215
3321	6506	5848	2086	4765	3067	7261	2816	120	7039	4094	5465	6897	176	6293	805	3041	5999	5070	6873	1364	6837	1629	263	4945	4053	5273	7078	4394	3119	6235	4480	420	7155	1669	6514	2208	2441	789	7218	1932	4429	4481	3329	224	4825	3334	4155	668	178	5510	3487	924	4919	229	5097	1404	5723	4603	571	2182	599	3394	5955	3190	6183	4719	4525	5981	193	5787	4425	1586	2188	4198	2131	2720	2176	2226	297	150	3616	4573	7210	6133	5421	4191	5399	120	977	6093	4117	1544	4313	6545	6890	1775	1736	5917	1279	1537	5428	5879	1455	2654	6906	6761	248	2448	927	6299	6249	6623	5395	1866	5073	6969	6595	776	7084	6912
5015	2326	873	4358	947	5797	2816	7261	2583	6543	5705	5976	5668	5862	4993	6474	1995	4736	381	1772	5726	1623	167	1982	3166	5158	3939	4134	5408	1725	4894	1465	6196	2964	3381	343	1708	7060	2168	1343	6999	7192	6604	6331	446	3631	2114	2276	7031	2431	5327	1729	1646	5843	7027	4328	337	716	5314	5313	5076	2210	120	148	6797	120	1240	6942	4332	3176	4528	2980	4393	2908	3406	2755	4868	1611	6208	120	6872	1158	6547	1943	5671	4833	2624	2393	203	5197	4882	5194	3659	3078	1194	6600	3474	2053	2497	6762	3799	1825	6846	2321	408	360	4015	2787	2471	4270	6830	2039	2565	1090	2752	120	5767	6562	6027	120	4587
6340	1512	4146	7094	1582	1350	120	2583	7261	1233	5556	1326	3071	5246	6735	4813	2167	6592	553	1107	281	6005	4720	5477	6932	4770	4572	1294	6095	6415	933	2222	655	822	2504	965	3915	2538	1967	4265	1697	6678	4539	1134	5508	4550	4063	6467	901	3410	455	4880	465	4229	5284	3063	1234	5895	5632	5106	3052	1526	6548	3125	1452	6259	1688	6802	2306	4243	2352	2638	3010	809	5890	7233	2666	144	1916	2753	6204	6265	6388	4633	1518	1161	5138	4120	3299	4282	6193	1839	2341	4983	6200	4534	3642	173	1017	5457	812	2370	4397	271	6151	5915	1228	4641	3545	227	7095	4806	2158	6905	2392	3513	7220	4745	3265	1830	971
1701	2901	2134	339	3007	1981	7039	6543	1233	7261	3287	2806	308	5229	6497	3887	1929	5116	2651	120	1478	996	2450	3311	1559	6296	5740	2440	6063	6658	2622	2460	2194	2337	4002	5281	652	2232	4924	298	162	1208	4176	4274	5346	6130	1015	6122	4379	1049	919	2808	1829	4921	3429	4023	2699	5302	2076	4684	5383	3921	3615	6672	784	4218	6439	3733	6244	3011	5286	6533	1641	7251	6861	7157	5666	264	2562	3934	2434	1021	5270	5800	690	3393	6935	2800	5242	1931	5685	6020	4237	5682	6809	3899	4418	1858	5669	6920	3453	909	6766	3618	3056	6775	3413	3911	4033	4871	5028	1843	6753	954	4472	453	6581	4552	3856	3945	2985
121	4376	4789	6001	7041	5440	4094	5705	5556	3287	7261	3669	4021	2744	1913	4672	4499	723	2652	5845	3567	5681	1821	815	5960	7052	441	3201	2190	4918	2308	1142	5329	6959	6993	2923	6171	1514	671	740	952	611	6644	6351	5516	4323	715	3254	4430	1104	5719	4494	4045	622	2028	2046	1173	172	6024	2740	2089	6496	3542	2462	744	488	120	6725	6261	2212	4055	1889	3638	5343	5511	351	255	2691	7187	4324	6926	7019	5390	4383	2328	5707	6313	4195	6835	5943	3165	6288	6110	4514	4644	5823	1984	2149	2024	459	2271	1064	346	6247	3865	2762	240	3300	2725	2317	5099	6118	1535	3061	4326	6275	4523	5258	3988	1184	1220
209	6051	6563	6457	3368	1467	5465	5976	1326	2806	3669	7261	3928	7102	3809	2298	3047	5172	1166	5164	1413	2678	600	6594	1783	199	4718	6819	3372	6888	4080	1589	5503	1392	5617	4005	6602	635	6117	2178	976	2129	2008	3306	986	3086	3360	550	632	5062	3186	2878	3188	3981	5663	2452	1295	4971	6501	6953	6666	1659	5855	5045	1206	7254	1448	4330	2097	3635	6028	1145	5031	472	5217	5478	1072	6089	5592	1548	120	5126	5584	623	6992	1016	3546	5252	6250	783	6585	4377	4788	5271	7255	3788	3811	120	1011	2702	1834	5436	3467	5657	6790	3612	1620	5752	687	6230	5443	4792	2618	4279	3414	2154	796	2866	5312	922	4381
3531	432	1891	4292	7083	397	6897	5668	3071	308	4021	3928	7261	6818	6242	1977	6127	2888	3511	253	4837	1999	4356	4666	2001	5166	5677	3249	5816	5349	4443	5419	2581	6270	2596	5597	7032	1677	1009	712	3684	1722	831	4853	236	2945	1241	4121	3679	842	3204	3500	5696	5355	787	4192	5038	1001	2567	1165	4529	1751	6192	1029	3873	4172	7048	461	7129	120	3319	5474	2186	5008	2288	7016	644	1284	6168	2435	6670	5864	2731	4017	1807	1823	4162	6700	2038	1192	5243	661	5219	2142	4526	5348	2480	225	1555	3057	5612	2446	3765	6440	4178	689	5131	3954	6066	4729	5388	5449	3159	5353	5938	7213	5386	6084	5240	4283	4927
2550	4077	2042	1058	1597	1864	176	5862	5246	5229	2744	7102	6818	7261	2825	3992	651	7090	6430	3016	3918	7147	1568	2041	3910	612	6889	4334	1290	3482	2490	2003	5880	2671	3236	5693	3870	4936	1342	6309	183	1693	2860	3221	6719	5487	2853	2047	1245	981	5790	5455	1768	2863	1388	1987	6955	3735	2398	4953	1515	781	3852	908	5613	4934	5055	120	3850	2748	4555	2962	4629	6903	618	4052	1411	4070	6336	5994	5013	7051	1600	1311	6777	5452	6008	1952	1444	4487	6023	2062	491	4708	6170	7007	5888	2054	6393	1172	4571	4428	5893	1638	1528	2602	2138	5475	5309	3432	4403	5571	5489	5370	2592	1489	942	4744	4829	1215	3313
159	2698	3173	6961	4123	1592	6293	4993	6735	6497	1913	3809	6242	2825	7261	3278	4705	6395	6352	5829	1850	578	2345	4392	6060	949	566	2196	3174	682	7116	5878	3209	2146	6991	2416	2894	4577	4607	1779	6102	4932	5059	1291	5758	2327	194	4382	2916	3303	1288	5728	1283	6224	6504	4027	1630	1960	5946	2899	3325	3376	311	2933	4114	437	6312	5090	5366	3354	2531	2637	997	6836	5417	120	1552	5924	5913	6539	2784	4972	4285	6416	5546	5608	1475	4088	5945	5561	5502	6121	5215	3276	6990	2833	3081	3141	2436	6909	4184	4905	762	6618	3160	3540	6731	4125	5269	2590	2368	4645	3216	6281	1713	3028	4600	4158	7121	3408	7053
364	6325	1974	7138	6593	6280	805	6474	4813	3887	4672	2298	1977	3992	3278	7261	3070	5432	1422	4303	6515	6484	4521	1685	6940	295	2613	2415	1566	3109	6485	4497	4468	2577	5416	1513	2683	2633	5155	4836	4623	5944	1153	2390	6223	5764	419	6495	5550	3292	1451	3389	5667	2430	290	6187	1909	7067	1939	2677	5545	6576	6434	2267	6459	3963	4037	4755	6929	4808	3678	2924	6634	2112	2402	4547	1132	6841	3564	2356	714	760	941	4933	2988	6227	2672	2123	6996	5636	1883	6908	3843	6958	3802	1814	6109	1217	5676	3804	6262	5578	3515	2556	5415	3323	1028	1525	4888	5077	4177	1337	4858	7066	2790	2105	7070	4062	1781	2362	120
3175	876	1613	2122	2598	5942	3041	1995	2167	1929	4499	3047	6127	651	4705	3070	7261	6510	2628	5036	1852	5481	5873	2607	1146	7215	4007	2528	6560	5069	5977	5686	3866	6498	120	3831	1885	5881	2713	7136	4690	6880	6425	4137	6471	2264	5040	6555	4201	3283	2636	1183	4325	3501	7128	2082	3903	4767	120	666	1873	3543	3226	4204	4878	6470	6154	4284	2455	4960	6300	5680	163	5501	894	896	3108	6271	2388	505	7179	2568	6694	5027	5547	7004	157	4916	5165	3565	6977	1837	134	2050	7257	4909	4411	1787	3168	1399	3570	1899	3880	6382	1686	1973	1663	1068	4575	158	1168	3563	3224	4717	1499	4860	3978	4442	136	5072	3277
3164	6844	2080	6492	5839	3179	5999	4736	6592	5116	723	5172	2888	7090	6395	5432	6510	7261	5803	4306	3301	427	2260	5688	1735	2220	6663	5552	120	2851	2792	3688	6303	4989	2726	6469	4301	6014	3492	704	6222	2864	4293	3784	875	4536	2746	688	1627	3586	3637	1306	878	120	5806	3814	1534	856	1096	4778	6537	3626	5569	1692	2714	2214	4563	6478	5791	2275	3193	879	4231	3257	5892	6805	5043	2707	4513	152	4268	6853	3896	5112	4308	6036	3390	3095	5779	3150	3206	7028	4544	2514	2311	594	6437	6072	6933	5523	1860	5398	3717	3212	4297	2869	617	4777	2594	1628	272	450	7013	3643	3700	1656	2839	1983	483	3594	5931
6806	5425	1712	1300	1335	640	5070	381	553	2651	2652	1166	3511	6430	6352	1422	2628	5803	7261	2838	6153	1918	3913	1122	3290	4915	3152	359	5641	2143	5827	1187	7026	1808	916	2205	4221	5921	2403	4299	5672	1352	5887	3134	2458	4355	1554	3587	4974	3889	2144	425	4734	4107	3479	4524	6064	6811	3654	2343	3477	3961	3946	2611	5916	2778	6716	5908	4586	2376	7171	3935	591	5094	4482	1232	3962	970	4756	1560	1495	5010	756	1872	320	4511	3104	3731	2254	6540	4984	2857	743	3384	1676	256	978	6276	1103	540	270	2457	5239	6781	863	576	355	3724	5183	1360	2292	1405	5729	2383	5193	5675	6184	7087	4830	3833	120
1277	482	2516	2069	880	5570	6873	1772	1107	120	5845	5164	253	3016	5829	4303	5036	4306	2838	7261	2002	6419	2974	3349	621	1840	810	5539	3557	6380	1868	2769	1945	5146	4775	4476	2070	120	5006	4240	3707	1545	3438	2555	5438	4071	3756	3217	3878	4413	3694	4846	533	3778	1044	5382	2804	4864	2485	6239	1673	6458	4630	1244	4478	2361	6150	1115	6073	6018	4619	5186	1684	1650	2199	1679	5581	6256	4135	4758	5060	3652	5984	2501	4001	6606	6464	1486	410	1660	3662	506	4215	1336	2204	757	694	4331	443	1414	1459	5695	5437	829	5851	5347	6832	1401	4620	4225	6774	1112	6915	5110	2418	557	6131	4731	3574	6444	903
261	5454	120	837	6002	4926	1364	5726	281	1478	3567	1413	4837	3918	1850	6515	1852	3301	6153	2002	7261	3039	804	555	6793	3729	4335	1167	5928	5140	2667	5846	4161	2907	6362	4128	1385	6179	4922	4848	1196	2034	3445	4417	4072	1423	5464	2068	2217	6956	4688	1434	4854	6232	5875	1356	3466	5770	3703	6557	1951	987	519	5282	5743	2929	3968	1862	907	4791	5619	4632	2563	4562	3465	6848	5650	5776	4638	962	2676	5000	6870	3280	5952	2728	6438	5720	4451	6552	6907	4857	6370	2826	4807	706	583	4141	3786	1137	4223	5042	7088	1394	755	3143	2543	5061	7082	792	1989	1540	1225	2754	1826	2155	725	820	4849	6980	4701
2128	1048	6173	5722	6708	2902	6837	1623	6005	996	5681	2678	1999	7147	578	6484	5481	427	1918	6419	3039	7261	6945	2410	7219	4624	2373	2247	2261	3140	3818	846	7124	3503	1769	3235	6350	899	4637	1666	1433	3416	5214	469	1309	527	1828	4433	4219	3202	4267	4875	5030	1094	2842	5754	1902	4569	6426	4626	456	3820	6877	5622	216	5534	4167	3793	3585	5835	1855	3284	6568	1752	340	945	2259	210	1784	2091	7122	244	5742	3938	5985	958	4732	7244	3702	2977	2926	2231	1739	5961	4838	120	1427	6453	3851	5304	6290	2535	4589	5716	3356	1381	6535	5096	4602	1441	6279	2821	464	6519	3009	7204	7245	5509	3960	4375	6649
5694	4278	914	6056	156	1706	1629	167	4720	2450	1821	600	4356	1568	2345	4521	5873	2260	3913	2974	804	6945	7261	1962	7259	2527	3912	358	2540	4739	3664	6566	1958	6369	4615	1318	120	2407	3966	2169	6490	3138	4010	508	2760	458	2284	3599	5741	4654	1577	6607	3093	226	5195	3794	5712	1964	4990	1811	2862	4818	1975	7180	1182	197	2706	4768	4997	4066	2912	6379	763	2250	5683	5143	1861	231	3025	653	5228	1841	6512	6149	4781	3242	1878	1477	4366	2249	3099	5713	3797	4592	511	2777	5344	4900	1556	1143	5643	4081	4733	3622	5480	5107	3433	6949	2936	1439	342	7236	1682	2645	1914	5989	1305	4773	4659	468	1687
6413	6536	4288	2183	4643	4958	263	1982	5477	3311	815	6594	4666	2041	4392	1685	2607	5688	1122	3349	555	2410	1962	7261	6648	3103	7086	120	2296	1865	697	3977	6167	120	2508	313	4594	2585	1480	2227	2951	288	3506	3634	2347	1782	6737	7145	120	1062	1635	5565	2518	5950	5168	6206	125	2509	6820	2915	4944	707	1154	1466	3544	3973	5948	2700	6372	866	486	1174	2750	4340	6868	6062	1248	929	2240	4249	5822	5575	306	4851	398	5083	3745	1195	4102	4200	6385	1457	3181	4893	3468	6823	3841	120	399	6433	6628	7159	3289	2619	5982	530	3396	5321	2005	936	350	579	5132	5674	4581	2385	2542	1791	4639	610	3464
7194	2882	2325	3364	1603	835	4945	3166	6932	1559	5960	1783	2001	3910	6060	6940	1146	1735	3290	621	6793	7219	7259	6648	7261	5026	3377	4565	2844	2884	2044	7202	4735	5091	139	5332	165	5566	930	1711	2788	3885	2692	128	5947	6409	433	4704	4115	1612	5117	1773	5540	5828	442	891	989	6817	2780	2544	5176	4083	6528	4238	590	3133	2428	4187	120	5760	7103	6132	2500	3571	865	1402	2673	6615	4901	1339	1211	5794	3860	2870	2351	4699	6257	4809	2956	5854	4869	6487	182	5365	4338	1678	2981	3089	5237	7190	2307	6194	4761	1002	1141	5751	6255	6086	6767	120	6546	120	4232	4082	3256	2679	4239	6705	4406	3782	6794
6480	5325	1250	4449	1079	4067	4053	5158	4770	6296	7052	199	5166	612	949	295	7215	2220	4915	1840	3729	4624	2527	3103	5026	7261	5625	120	3425	1588	2553	5814	6268	7212	5869	5963	5226	2564	2291	6355	415	739	2104	5054	2730	2809	4890	4361	2265	3713	3691	4018	824	3989	5262	6662	4738	4097	2400	2293	6985	6904	1197	6348	120	1169	120	7135	1008	6424	7035	6720	2517	6301	1496	6763	3848	2625	681	332	5910	179	4512	3269	5786	1702	4385	3867	2812	2159	1052	6274	329	1580	6599	5988	3886	2776	972	1523	3723	3205	6057	6676	1756	1378	5303	1575	2118	149	2198	6845	3353	122	4100	6304	6641	3816	1479	3207	6683
2281	2791	5177	5232	1298	6031	5273	3939	4572	5740	441	4718	5677	6889	566	2613	4007	6663	3152	810	4335	2373	3912	7086	3377	5625	7261	2262	4150	2783	5470	1691	2513	3758	524	3892	6335	5191	6833	616	770	6544	2880	5744	1694	3553	5527	5517	7243	1033	2339	5734	2992	5769	1313	1520	1024	3950	361	1933	5380	4507	3498	2836	5983	7071	3210	3595	348	2426	373	4373	6071	6984	4610	4560	3686	4145	3426	3358	5867	5442	6128	2150	392	3020	401	1497	6862	1557	3672	5866	5058	5638	4346	7184	292	6632	120	2612	7072	4046	6858	3079	6799	6973	7114	5596	5802	2334	3127	2665	3383	5990	1056	4459	4228	5161	6389	3949	5459
4951	3231	1699	4042	5167	1034	7078	4134	1294	2440	3201	6819	3249	4334	2196	2415	2528	5552	359	5539	1167	2247	358	120	4565	120	2262	7261	5275	5555	2148	1075	3113	3098	2847	3670	1976	4694	6752	1538	960	1670	4212	3738	868	921	5587	1095	4463	6147	6879	4122	3813	959	4059	6652	3805	4999	5345	7153	445	2065	2724	3858	3757	221	4994	5244	5198	6686	2829	2170	6587	772	1551	698	4144	2419	6685	1432	6219	3646	892	1053	3519	5715	6765	1252	5220	3822	3398	3421	166	1940	1760	4566	6910	2817	3956	4484	1649	6813	5654	4130	129	7208	503	2939	3630	5264	5840	370	326	1853	5318	5789	5041	1617	3516	1533	847
750	6252	1709	1481	6898	6928	4394	5408	6095	6063	2190	3372	5816	1290	3174	1566	6560	120	5641	3557	5928	2261	2540	2296	2844	3425	4150	5275	7261	1391	198	2040	3275	5369	6914	1316	4764	344	6272	4245	4479	1246	4970	4435	5009	2928	1542	6041	2793	2739	3296	266	315	7023	4516	4427	3666	3136	4065	1745	4350	5134	4193	6664	5424	5308	5342	3494	531	137	6034	877	4538	5730	1572	6345	6411	1668	1249	6957	6483	1785	4706	3953	6055	5903	2948	3547	391	3927	6159	2235	3489	4352	7242	6864	6363	4471	1285	4814	1383	514	2102	885	1110	7164	3475	6463	3199	2920	2525	2591	5085	4988	283	5295	4253	3600	857	5048	1766
501	768	4318	3053	2701	312	3119	1725	6415	6658	4918	6888	5349	3482	682	3109	5069	2851	2143	6380	5140	3140	4739	1865	2884	1588	2783	5555	1391	7261	421	1020	4241	7146	1950	4432	6636	1282	1732	3621	1501	6502	6573	480	4180	4506	3580	3525	2855	5993	352	2171	265	2066	282	5448	2588	3167	2694	5747	2017	2656	3692	5670	1579	4460	336	133	6927	6106	3832	5469	5559	5029	4363	4372	5490	493	1609	4026	1050	659	2043	1464	6574	4493	3439	2892	2021	6972	6361	6201	188	120	6971	4357	6742	3747	6810	5251	141	1490	4091	5909	6975	4896	6839	3790	1870	3548	6784	2722	4576	2716	4337	6286	6048	3504	7162	3124	120
798	7250	2152	2202	1014	4262	6235	4894	933	2622	2308	4080	4443	2490	7116	6485	5977	2792	5827	1868	2667	3818	3664	697	2044	2553	5470	2148	198	421	7261	2631	2483	999	5535	2696	1018	582	1123	638	1665	4496	5255	2478	6465	886	2374	1092	5163	1705	3624	4567	5462	4164	3568	521	3620	4967	2156	3711	2874	6448	4675	3750	1213	2794	5637	5234	884	7241	444	3908	3476	2749	3857	4050	6584	1207	5542	1193	2032	6821	4445	3163	4959	120	405	4452	1664	534	4665	2697	5122	2399	3415	4073	4609	793	1410	449	4108	5351	7047	6874	4423	257	2942	2515	6330	1127	6931	5533	943	3362	6770	2737	7239	589	4950	2734	5593
3550	2023	4786	883	1007	3785	4480	1465	2222	2460	1142	1589	5419	2003	5878	4497	5686	3688	1187	2769	5846	846	6566	3977	7202	5814	1691	1075	2040	1020	2631	7261	6284	1086	5724	213	5850	2252	1042	3148	2805	6215	5986	4519	4210	664	447	1802	3510	3708	3326	1655	3551	3842	6714	1347	489	5311	2010	2495	3530	1743	2197	4850	4655	4660	720	6938	6499	120	5476	4785	6779	1869	2294	242	6266	4892	1442	6541	2854	4312	882	5179	3339	6582	4220	4378	5001	1412	6782	3803	5316	5339	4327	5979	3273	388	4979	6054	2409	301	2075	4930	185	3872	5991	2627	5018	6462	686	6324	6367	4048	3508	5012	5679	7149	394	984	6689
6769	2355	2871	3775	2340	6978	420	6196	655	2194	5329	5503	2581	5880	3209	4468	3866	6303	7026	1945	4161	7124	1958	6167	4735	6268	2513	3113	3275	4241	2483	6284	7261	2685	7126	674	2381	3248	5842	416	5992	2897	7022	3252	2820	4627	6144	3826	4074	6939	4737	7221	3657	5897	3579	2719	6979	5572	3155	544	6025	2595	893	1214	5352	2238	684	3534	5174	4004	5093	3006	5137	4296	7200	1778	4491	5253	2099	4689	2558	4029	120	4370	3625	1997	476	1726	2976	5577	7170	3169	4771	6105	1647	4290	6392	2223	5124	2986	4329	2961	1906	1798	1230	3315	747	546	3554	120	2179	4826	5310	4380	3197	6246	5118	1473	2085	5431	300
1661	5225	4941	7217	2537	1812	7155	2964	822	2337	6959	1392	6270	2671	2146	2577	6498	4989	1808	5146	2907	3503	6369	120	5091	7212	3758	3098	5369	7146	999	1086	2685	7261	3073	6032	6218	1031	1748	1386	2095	2242	3068	2484	5798	4113	1482	4510	4374	4371	3741	4474	1236	4805	5451	120	3748	3740	202	6332	2225	602	3771	2229	5506	2213	3996	6012	6710	5324	6675	6867	6886	6207	4982	2561	1223	6248	915	6365	6859	6778	6757	6614	6408	4339	6740	1838	6681	4938	5940	3365	2922	3762	4467	3454	1877	7050	7115	6410	4446	1310	2751	1421	1908	6692	3215	4692	1994	3233	6679	3023	3787	2015	4207	3623	678	3037	4254	1416	1846
4783	2103	414	3392	2529	634	1669	3381	2504	4002	6993	5617	2596	3236	6991	5416	120	2726	916	4775	6362	1769	4615	2508	139	5869	524	2847	6914	1950	5535	5724	7126	3073	7261	6791	4663	3194	6892	5319	3019	431	6311	3653	5614	6010	6277	1738	5024	120	2360	429	3157	5199	3371	2943	937	848	6711	2224	3583	4398	4099	2067	4104	4618	3728	2090	1054	120	3246	4227	3032	327	2332	3680	5579	5189	1762	1188	1395	127	627	6203	2195	1602	3419	982	120	5374	6751	7001	4844	2427	4981	3982	5634	3022	991	4797	2151	7098	246	2033	5704	4722	849	2573	2101	4457	4986	1253	3907	6655	1793	2162	6359	5954	1842	4863	151
2012	1468	5263	2414	1035	951	6514	343	965	5281	2923	4005	5597	5693	2416	1513	3831	6469	2205	4476	4128	3235	1318	313	5332	5963	3892	3670	1316	4432	2696	213	674	6032	6791	7261	5337	5104	2971	1159	4712	584	4322	5128	6353	1376	4579	1097	4561	181	5249	1126	1483	5525	1543	6364	3737	3380	2887	6730	217	2841	6479	2735	475	1487	2774	4390	3895	5959	2093	6473	940	4713	3357	7173	4710	5576	1063	2991	994	4058	4923	1553	120	365	3919	387	2133	347	1972	234	4076	1930	5860	1757	5514	778	1272	1643	215	5130	6523	4727	6703	6210	496	5627	6236	2834	4109	1904	3327	3806	5645	4749	2932	2119	2074	2277	814
761	2096	6199	2941	2599	5970	2208	1708	3915	652	6171	6602	7032	3870	2894	2683	1885	4301	4221	2070	1385	6350	120	4594	165	5226	6335	1976	4764	6636	1018	5850	2381	6218	4663	5337	7261	5211	4305	5933	3034	6738	314	2098	4653	5673	2940	3650	2510	1012	5078	2615	467	7045	2999	5762	294	5620	1910	6622	4003	2775	4697	4800	2056	7231	191	6143	7069	3036	1754	3116	2856	2635	5290	5904	2608	2503	6724	825	4272	1237	6371	4948	1707	1581	168	5101	5259	2423	1990	4711	821	5087	3821	7065	1925	6096	2959	120	3990	1835	2764	7033	463	2489	190	502	1591	3332	5526	3348	753	120	2449	5299	1067	5301	3130	5987	1129
1157	2597	3114	2137	1201	5405	2441	7060	2538	2232	1514	635	1677	4936	4577	2633	5881	6014	5921	120	6179	899	2407	2585	5566	2564	5191	4694	344	1282	582	2252	3248	1031	3194	5104	5211	7261	1461	3142	771	3196	4700	4723	5777	146	120	4685	6456	2802	2346	6481	2641	4613	7197	5749	5086	1599	2274	4676	7235	6521	562	5857	4530	6944	6567	6406	2463	5953	3964	4138	3436	5661	6080	5323	7214	3203	3427	3518	5095	2303	2421	859	5631	4156	2741	2545	1099	2493	5616	6155	4612	1276	5092	4952	2954	6029	2605	4096	6987	2843	6390	4258	7226	4020	6421	735	3783	3512	2174	1135	3112	3346	3101	7160	5529	6875	902	4961	396
1644	1539	6621	2795	801	260	789	2168	1967	4924	671	6117	1009	1342	4607	5155	2713	3492	2403	5006	4922	4637	3966	1480	930	2291	6833	6752	6272	1732	1123	1042	5842	1748	6892	2971	4305	1461	7261	1493	2917	3132	3397	120	1327	2461	7199	1332	4247	2512	296	3471	3121	1148	1030	6838	4774	2642	2520	390	3318	1329	5844	1289	6245	4540	302	1786	548	5320	4257	3824	844	587	513	440	5809	680	828	3192	6847	5658	673	4599	593	586	6798	2852	4173	5280	1571	4859	7056	2207	5171	6316	5285	4447	881	596	4256	2060	2221	5414	7077	6263	6677	6258	7260	3195	1565	2218	3449	5874	4908	3182	7127	6065	5196	1266	3448
5543	1598	1653	1927	2338	3967	7218	1343	4265	298	740	2178	712	6309	1779	4836	7136	704	4299	4240	4848	1666	2169	2227	1711	6355	616	1538	4245	3621	638	3148	416	1386	5319	1159	5933	3142	1493	7261	3094	2930	4914	1698	378	3997	738	275	3641	7234	422	2712	7176	5564	3322	1815	4985	2910	2433	120	5047	3505	1093	2380	3274	2818	1633	4716	5513	6461	5801	685	3605	3264	1418	4570	5192	3366	6736	4289	4847	6015	4166	2689	5427	6965	1331	2172	1149	3473	3521	319	3261	4621	854	710	5739	5935	4078	5485	6851	5563	5033	5190	1260	4300	6609	2088	3732	2007	4345	7054	2532	5761	5147	3932	6849	4702	5119	2536	6532
5307	3689	5562	2686	223	4250	1932	6999	1697	162	952	976	3684	183	6102	4623	4690	6222	5672	3707	1196	1433	6490	2951	2788	415	770	960	4479	1501	1665	2805	5992	2095	3019	4712	3034	771	2917	3094	7261	5358	5435	6418	2616	4148	4874	775	2533	6386	667	4741	3944	552	1903	669	6902	3043	6597	120	120	6297	2438	4794	830	4044	4401	4634	6518	6800	3228	3033	5359	5520	376	6068	6059	5962	1369	1375	1753	1333	5081	4891	369	4139	4395	3291	4035	6963	1648	2773	6669	2578	1235	614	6387	1066	1319	120	6884	5393	3603	3481	161	4458	6488	3933	6695	5807	357	6094	4006	6052	1361	718	6629	7015	1928	1426	5120
3049	3560	4584	4170	1521	2498	4429	7192	6678	1208	611	2129	1722	1693	4932	5944	6880	2864	1352	1545	2034	3416	3138	288	3885	739	6544	1670	1246	6502	4496	6215	2897	2242	431	584	6738	3196	3132	2930	5358	7261	2020	6017	2799	5799	4824	6558	890	3379	6792	1435	317	2322	839	650	6217	3619	606	1204	1368	3111	1818	3178	7106	803	3629	5687	6660	1640	4793	918	1714	5856	6825	4490	4992	6688	2107	5180	1851	3716	2630	1531	3266	120	2682	3456	4127	6163	2906	2873	4342	1728	6112	6964	6383	5691	1051	2664	733	138	925	1584	6278	2566	1315	3297	6104	7100	1156	3777	145	3598	4085	3486	637	797	1430	4351	5706
6138	3229	1176	2896	3029	201	4481	6604	4539	4176	6644	2008	831	2860	5059	1153	6425	4293	5887	3438	3445	5214	4010	3506	2692	2104	2880	4212	4970	6573	5255	5986	7022	3068	6311	4322	314	4700	3397	4914	5435	2020	7261	7080	7252	6968	5127	4131	4518	5912	5291	7222	1822	4126	5837	7081	6771	7037	4047	4578	5150	1462	3424	1956	6579	6807	4917	154	2272	5385	3369	1191	6745	765	120	7169	580	2289	5297	559	560	4095	1073	5609	4404	1199	3431	3920	4651	754	2883	7117	6061	6936	6643	6743	2391	3665	6925	5207	6282	5364	6397	5002	4000	5245	4965	4160	3846	3351	3083	974	6580	3279	5125	4762	5152	5901	1970	6749	6022
4678	3434	6718	995	3861	6505	3329	6331	1134	4274	6351	3306	4853	3221	1291	2390	4137	3784	3134	2555	4417	469	508	3634	128	5054	5744	3738	4435	480	2478	4519	3252	2484	3653	5128	2098	4723	120	1698	6418	6017	7080	7261	5727	5717	3677	2180	3828	3998	5847	1273	4348	3917	5703	4316	1139	1626	4668	2237	1847	1212	5648	7232	7161	1558	249	189	5378	2831	120	6088	5819	4057	2009	5589	6414	6468	2310	3403	5461	3581	2621	3509	843	4217	1424	5473	6169	1077	4421	6726	5488	7073	2997	2881	3951	184	573	4841	4230	5025	543	6476	4069	4939	278	5467	5756	1901	6338	5445	2387	4466	1357	1792	1417	2304	1595	1205	2077
3312	3245	4614	2723	613	3459	224	446	5508	5346	5516	986	236	6719	5758	6223	6471	875	2458	5438	4072	1309	2760	2347	5947	2730	1694	868	5009	4180	6465	4210	2820	5798	5614	6353	4653	5777	1327	378	2616	2799	7252	5727	7261	3844	2571	1041	1469	4454	1346	3317	2858	5548	285	2372	2771	6146	448	3450	3916	2807	5317	1254	6911	5652	4662	3115	6768	3090	5923	980	4222	4669	497	2429	3484	6076	2891	6417	3582	3330	1155	3131	6723	728	6013	2164	3924	7177	3129	4631	811	2051	2312	1348	1608	2016	4008	233	2846	4489	3441	4664	466	6640	5403	120	517	767	120	4790	1026	6400	6182	988	2848	3288	120	1979	595
1893	5906	3674	6588	3161	1359	4825	3631	4550	6130	4323	3086	2945	5487	2327	5764	2264	4536	4355	4071	1423	527	458	1782	6409	2809	3553	921	2928	4506	886	664	4627	4113	6010	1376	5673	146	2461	3997	4148	5799	6968	5717	3844	7261	3875	4149	4387	1867	6503	6650	2709	1857	2872	3077	4400	946	963	252	7168	948	1302	516	4779	6517	3830	5698	4661	1741	1583	1299	5957	926	7174	6358	4465	2785	1243	2609	6901	4168	5567	561	6626	1406	324	1992	2710	1504	3105	620	4821	120	6202	1334	2614	1718	2192	3796	5350	3718	1345	3342	2011	4674	1985	4522	6343	3374	3488	5468	4886	3584	2389	5585	4202	1338	702	7230	6431
4954	120	2115	2994	3355	5718	3334	2114	4063	1015	715	3360	1241	2853	194	419	5040	2746	1554	3756	5464	1828	2284	6737	433	4890	5527	5587	1542	3580	2374	447	6144	1482	6277	4579	2940	120	7199	738	4874	4824	5127	3677	2571	3875	7261	3400	2278	2048	1911	2975	2404	5870	1601	6494	2481	2300	1875	2715	6783	7193	6037	5630	6950	6863	6374	4815	279	4673	1038	2000	120	457	2850	2494	2465	5079	5283	542	955	5248	5498	6016	5905	969	3682	5121	7089	641	4996	6717	5182	1109	477	6598	7166	353	3671	2949	964	2703	5450	5968	3537	1863	3854	1844	3495	435	1519	5656	6788	6728	5338	3721	6141	5907	6661	4611	1180
5504	1453	2572	4030	120	6653	4155	2276	6467	6122	3254	550	4121	2047	4382	6495	6555	688	3587	3217	2068	4433	3599	7145	4704	4361	5517	1095	6041	3525	1092	1802	3826	4510	1738	1097	3650	4685	1332	275	775	6558	4131	2180	1041	4149	3400	7261	1938	4271	3789	2396	6785	3359	6564	2141	700	1091	6860	5937	284	4436	1275	3058	402	147	4369	3943	4648	1749	604	120	5690	5714	4209	6050	2187	4159	834	2358	4801	2350	2984	5142	3952	2506	4453	6174	5591	6329	624	1317	322	5889	2257	6850	3340	7020	1170	3774	5023	6776	1888	5902	7118	2491	3219	404	2073	3759	1425	4616	1389	120	6405	2382	3149	4827	3075	3496	2669
4295	556	6986	2521	5471	3220	668	7031	901	4379	4430	632	3679	1245	2916	5550	4201	1627	4974	3878	2217	4219	5741	120	4115	2265	7243	4463	2793	2855	5163	3510	4074	4374	5024	4561	2510	6456	4247	3641	2533	890	4518	3828	1469	4387	2278	1938	7261	6561	816	1231	1832	1292	2029	3298	4396	3792	4041	389	6321	2335	4947	2865	5336	3640	742	2743	4635	670	3218	4902	1593	6591	3552	3930	656	917	5434	1078	3764	1896	5004	5098	3378	6744	5376	2273	6373	5326	3344	2366	855	1354	3005	4537	1186	303	774	5254	6668	6152	4197	862	6673	4118	3645	7055	250	1027	6522	6747	3993	2342	6308	4317	6578	2798	2469	5256	748
585	5441	6049	6451	539	6220	178	2431	3410	1049	1104	5062	842	981	3303	3292	3283	3586	3889	4413	6956	3202	4654	1062	1612	3713	1033	6147	2739	5993	1705	3708	6939	4371	120	181	1012	2802	2512	7234	6386	3379	5912	3998	4454	1867	2048	4271	6561	7261	869	1505	3837	6883	3153	4320	1662	5973	4360	6739	2570	6696	4680	2828	6243	6721	4260	3172	5266	305	3829	4753	3411	3687	4885	5493	2160	1799	7063	3055	1503	6292	120	5453	2470	6337	1040	243	4310	4596	1524	512	5206	3690	3663	1471	3042	2064	4980	567	4473	572	4093	6857	3779	2116	6158	3772	871	696	5113	1323	1264	2530	2127	1403	895	195	1151	3647	1610
5956	6701	5980	333	3734	7185	5510	5327	455	919	5719	3186	3204	5790	1288	1451	2636	3637	2144	3694	4688	4267	1577	1635	5117	3691	2339	6879	3296	352	3624	3326	4737	3741	2360	5249	5078	2346	296	422	667	6792	5291	5847	1346	6503	1911	3789	816	869	7261	721	4152	3399	6442	5861	5836	5020	2781	5553	5392	2560	4978	3307	961	120	2690	6715	328	4998	2297	374	7237	120	7211	7046	6491	5384	3696	5151	2693	5882	2952	2796	6075	2375	1573	3048	2125	3835	4906	6704	1788	1585	4780	934	4582	4598	4319	7003	1419	1255	646	2763	1059	4154	1242	7044	4153	6976	6384	3088	6616	2078	1258	1817	7125	6509	2955	5411	3253
5737	570	3106	5969	140	636	3487	1729	4880	2808	4494	2878	3500	5455	5728	3389	1183	1306	425	4846	1434	4875	6607	5565	1773	4018	5734	4122	266	2171	4567	1655	7221	4474	429	1126	2615	6481	3471	2712	4741	1435	7222	1273	3317	6650	2975	2396	1231	1505	721	7261	3345	5391	6125	2472	2324	2632	7182	3523	171	5357	7030	4311	4658	3391	5692	7109	5813	5037	840	4564	5757	5505	786	2189	2569	6529	4601	3533	4977	4845	120	2211	1373	1755	3839	267	4907	3139	3577	6420	4515	3000	4031	1651	1280	131	3931	2161	6603	1262	3144	3118	1770	3751	3097	6009	3591	5557	5929	1400	6639	4842	1133	545	691	6101	3455	3146	4546
968	1776	4946	7025	5238	2966	924	1646	465	1829	4045	3188	5696	1768	1283	5667	4325	878	4734	533	4854	5030	3093	2518	5540	824	2992	3813	315	265	5462	3551	3657	1236	3157	1483	467	2641	3121	7176	3944	317	1822	4348	2858	2709	2404	6785	1832	3837	4152	3345	7261	3849	2681	2546	6226	5863	2109	7110	5936	2889	3712	5859	2640	4246	860	7000	7140	2111	276	2266	7183	5519	2084	4205	6828	708	4671	1892	1763	1456	3331	2789	7061	1954	2030	4196	3676	4760	3817	1886	6613	5224	7038	2057	120	1113	6637	120	120	3883	1043	6577	5755	5750	2782	1689	2661	2333	630	4766	2972	609	6772	2963	232	3122	665	5233	7132
1578	4976	5007	1116	6630	1263	4919	5843	4229	4921	622	3981	5355	2863	6224	2430	3501	120	4107	3778	6232	1094	226	5950	5828	3989	5769	959	7023	2066	4164	3842	5897	4805	5199	5525	7045	4613	1148	5564	552	2322	4126	3917	5548	1857	5870	3359	1292	6883	3399	5391	3849	7261	5808	5759	5201	413	4302	1130	6854	5407	160	861	2488	214	7079	120	4966	7034	3262	2526	4092	2037	2918	4590	2061	5387	4410	5051	2758	4422	2708	5288	6542	120	4816	5430	6398	4822	7163	6454	4112	5621	5826	5604	2439	608	3825	153	2688	3470	1239	7068	5267	2153	5208	1023	5588	4956	5766	1948	2990	5221	5141	782	3683	6816	1915	251	6611
3900	5934	2286	5920	1690	4431	229	7027	5284	3429	2028	5663	787	1388	6504	290	7128	5806	3479	1044	5875	2842	5195	5168	442	5262	1313	4059	4516	282	3568	6714	3579	5451	3371	1543	2999	7197	1030	3322	1903	839	5837	5703	285	2872	1601	6564	2029	3153	6442	6125	2681	5808	7261	1061	4208	120	2466	6375	4677	428	575	808	6211	3604	3227	2132	6318	2022	6391	6283	2394	2353	1562	4703	7002	471	2305	939	6513	5363	853	2674	4622	3980	3926	3601	4032	3522	341	1511	6866	6447	1278	2552	4583	794	6214	5341	6006	6180	904	3072	2045	5644	3975	705	1472	1362	2727	732	1259	5972	4920	3628	363	4304	2482	1085	3137
1917	4955	130	5781	5100	905	5097	4328	3063	4023	2046	2452	4192	1987	4027	6187	2082	3814	4524	5382	1356	5754	3794	6206	891	6662	1520	6652	4427	5448	521	1347	2719	120	2943	6364	5762	5749	6838	1815	669	650	7081	4316	2372	3077	6494	2141	3298	4320	5861	2472	2546	5759	1061	7261	6137	6058	7119	6665	4056	4412	4182	5071	5223	5162	6824	2830	1036	5736	5618	5925	6531	1138	192	406	3923	218	323	5144	1794	4707	3493	4492	5731	3558	2937	827	5277	2280	5607	1634	3012	1287	3727	2810	4111	5133	1314	5606	3959	1485	4416	4098	3882	4823	3462	1117	1849	3272	4897	5825	2027	5274	4656	330	2157	6760	1924	563	2876
5495	6921	1382	1396	7249	2236	1404	337	1234	2699	1173	1295	5038	6955	1630	1909	3903	1534	6064	2804	3466	1902	5712	125	989	4738	1024	3805	3666	2588	3620	489	6979	3748	937	3737	294	5086	4774	4985	6902	6217	6771	1139	2771	4400	2481	700	4396	1662	5836	2324	6226	5201	4208	6137	7261	3281	3685	3710	5017	4595	5640	3597	4347	120	6966	2173	6549	867	2603	6040	417	1953	1616	5057	5871	4743	1796	6645	4142	3608	6586	2877	6077	7172	1330	3693	2437	3556	500	1088	3726	4696	5792	541	4646	4024	2348	3076	316	6831	1824	3304	6682	1681	1947	5872	2765	1367	3485	4597	331	379	4508	1604	6342	1269	3611	3798	6625
2467	2998	3941	4748	790	6161	5723	716	5895	5302	172	4971	1001	3735	1960	7067	4767	856	6811	4864	5770	4569	1964	2509	6817	4097	3950	4999	3136	3167	4967	5311	5572	3740	848	3380	5620	1599	2642	2910	3043	3619	7037	1626	6146	946	2300	1091	3792	5973	5020	2632	5863	413	120	6058	3281	7261	3730	2377	4545	6657	5958	4895	5521	603	4049	1005	5805	3614	3874	3117	6188	6042	6507	186	120	1742	4101	6647	1222	2519	5439	3668	3363	2911	6294	1226	6808	436	800	4386	2803	1549	3154	836	3062	2711	7097	4389	1281	204	5665	3893	6111	6341	6090	3452	2444	1957	3423	5524	3102	2849	1198	3651	5964	3044	3213	900	648
1636	536	5660	6047	5709	6314	4603	5314	5632	2076	6024	6501	2567	2398	5946	1939	120	1096	3654	2485	3703	6426	4990	6820	2780	2400	361	5345	4065	2694	2156	2010	3155	202	6711	2887	1910	2274	2520	2433	6597	606	4047	4668	448	963	1875	6860	4041	4360	2781	7182	2109	4302	2466	7119	3685	3730	7261	2456	992	779	5894	2136	4475	3375	208	5052	1301	7131	5173	5156	692	1696	3667	1761	4628	120	3091	5537	7152	3237	6814	1152	5404	1274	5494	1407	2323	4802	2759	3271	6885	6327	3559	180	6209	5708	4795	3815	1723	2868	4903	817	5153	5379	2314	4549	5633	1991	3795	605	6998	1162	507	3040	4307	2779	5400	5899	5354
6134	7040	5967	6044	4812	5210	571	5313	5106	4684	2740	6953	1165	4953	2899	2677	666	4778	2343	6239	6557	4626	1811	2915	2544	2293	1933	7153	1745	5747	3711	2495	544	6332	2224	6730	6622	4676	390	120	120	1204	4578	2237	3450	252	2715	5937	389	6739	5553	3523	7110	1130	6375	6665	3710	2377	2456	7261	2251	3469	7253	1177	5536	5278	3755	3045	6922	3958	5187	3569	3447	3971	2193	2557	4086	5820	6326	568	7008	5050	1574	4505	5528	4408	5075	380	4551	4973	3532	5763	6982	3838	4889	487	2657	734	4419	4255	6253	3350	7198	6030	120	1164	3282	1084	334	1898	6113	2120	2081	1047	6962	2018	5064	1203	683	6085	6349
3673	3446	3879	5169	307	6572	2182	5076	3052	5383	2089	6666	4529	1515	3325	5545	1873	6537	3477	1673	1951	456	2862	4944	5176	6985	5380	445	4350	2017	2874	3530	6025	2225	3583	217	4003	7235	3318	5047	120	1368	5150	1847	3916	7168	6783	284	6321	2570	5392	171	5936	6854	4677	4056	5017	4545	992	2251	7261	5289	4171	4349	6097	4883	1998	3539	1013	3876	368	6228	6699	3929	2505	5014	3753	649	5306	5103	6190	2445	1771	4862	4119	3382	7062	6773	2662	6707	6319	5298	1605	6035	382	2620	1144	4650	7021	1443	6221	6449	1959	3451	6160	3295	6759	4353	851	1081	1966	4799	2336	6534	4261	5966	5815	2163	5830	3655	5949
1810	3897	975	5778	2203	5230	599	2210	1526	3921	6496	1659	1751	781	3376	6576	3543	3626	3961	6458	987	3820	4818	707	4083	6904	4507	2065	5134	2656	6448	1743	2595	602	4398	2841	2775	6521	1329	3505	6297	3111	1462	1212	2807	948	7193	4436	2335	6696	2560	5357	2889	5407	428	4412	4595	6657	779	3469	5289	7261	5446	1500	4226	3021	1006	1937	3017	4236	7005	4259	6713	5460	931	6114	4185	5456	826	1083	4251	289	5642	7074	5496	5974	5209	120	4354	4693	1321	1527	4942	1806	2736	3286	3507	1474	4341	1871	766	1171	5624	1102	411	4242	4831	3613	5046	2413	2813	2094	6394	4213	7142	950	2548	4106	4133	3038	6974
3440	3030	5056	2958	2014	1570	3394	120	6548	3615	3542	5855	6192	3852	311	6434	3226	5569	3946	4630	519	6877	1975	1154	6528	1197	3498	2724	4193	3692	4675	2197	893	3771	4099	6479	4697	562	5844	1093	2438	1818	3424	5648	5317	1302	6037	1275	4947	4680	4978	7030	3712	160	575	4182	5640	5958	5894	7253	4171	5446	7261	938	1789	4925	1922	1307	730	4462	3681	6115	6043	741	4441	6951	1637	6108	4079	6727	1238	746	5466	3607	3715	5361	3535	4752	4011	1654	6038	1429	6829	4617	6656	1569	7092	1229	6427	135	3752	2253	4190	2659	120	5372	5305	6003	3472	2935	1935	4541	400	2135	3660	3979	120	5148	5136	170	5389
2554	2757	3834	7240	7247	6436	5955	148	3125	6672	2462	5045	1029	908	2933	2267	4204	1692	2611	1244	5282	5622	7180	1466	4238	6348	2836	3858	6664	5670	3750	4850	1214	2229	2067	2735	4800	5857	1289	2380	4794	3178	1956	7232	1254	516	5630	3058	2865	2828	3307	4311	5859	861	808	5071	3597	4895	2136	1177	4349	1500	938	7261	6344	6755	6619	3156	819	6530	5082	5368	7186	889	5067	4873	4817	4504	643	6357	2319	4234	1934	1695	1615	554	3524	629	3536	412	6900	1119	1108	5911	6446	120	1563	120	5482	2384	1189	4899	4798	911	701	3412	764	196	807	6322	529	142	3162	3855	4625	780	3801	3699	4039	1530	3024
1124	6267	269	6007	7167	120	3190	6797	1452	784	744	1206	3873	5613	4114	6459	4878	2714	5916	4478	5743	216	1182	3544	590	120	5983	3757	5424	1579	1213	4655	5352	5506	4104	475	2056	4530	6245	3274	830	7106	6579	7161	6911	4779	6950	402	5336	6243	961	4658	2640	2488	6211	5223	4347	5521	4475	5536	6097	4226	1789	6344	7261	1438	1265	5472	5236	7154	120	1672	2126	4963	2718	3428	3869	7076	6601	1731	2234	3170	7137	5996	490	5377	3955	1251	2270	5111	3066	1813	120	2036	3302	6123	647	923	6186	6786	1658	6917	120	4887	2206	1507	3736	1105	6156	2268	321	990	6315	3827	4264	5941	2287	6690	592	5145	473
711	5927	177	3995	2072	6165	6183	120	6259	4218	488	7254	4172	4934	437	3963	6470	2214	2778	2361	2929	5534	197	3973	3133	1169	7071	221	5308	4460	2794	4660	2238	2213	4618	1487	7231	6944	4540	2818	4044	803	6807	1558	5652	6517	6863	147	3640	6721	120	3391	4246	214	3604	5162	120	603	3375	5278	4883	3021	4925	6755	1438	7261	6486	3596	1178	4179	1202	1522	5784	318	7049	1780	6376	4140	2025	2474	3082	345	5157	3084	3064	2147	6569	2248	3840	6732	4110	409	6346	6988	672	4084	3877	4450	3270	4036	6450	2786	2623	3527	4588	6197	736	2576	4757	2477	510	5684	1415	4364	4013	3294	1880	5818	6758	2559	4368
120	658	874	7101	5003	3385	4719	1240	1688	6439	120	1448	7048	5055	6312	4037	6154	4563	6716	6150	3968	4167	2706	5948	2428	120	3210	4994	5342	336	5637	720	684	3996	3728	2774	191	6567	302	1633	4401	3629	4917	249	4662	3830	6374	4369	742	4260	2690	5692	860	7079	3227	6824	6966	4049	208	3755	1998	1006	1922	6619	1265	6486	7261	5063	1804	4286	4025	6983	6402	1060	1700	5932	3388	1774	338	2647	5139	6091	2944	481	2601	2079	5084	5356	7012	120	2668	773	1854	3442	2675	1717	3247	4440	5610	3766	2593	6120	1140	2811	1747	5331	228	5922	2957	4751	3742	2299	5531	4315	3404	6934	3940	3555	3214	430	558
1120	222	6756	5265	262	187	4525	6942	6802	3733	6725	4330	461	120	5090	4755	4284	6478	5908	1115	1862	3793	4768	2700	4187	7135	3595	5244	3494	133	5234	6938	3534	6012	2090	4390	6143	6406	1786	4716	4634	5687	154	189	3115	5698	4815	3943	2743	3172	6715	7109	7000	120	2132	2830	2173	1005	5052	3045	3539	1937	1307	3156	5472	3596	5063	7261	3255	2004	5626	3183	5328	478	5402	5507	1476	3386	4263	4028	5611	5849	6368	3259	3644	7108	495	1895	6298	5257	5202	7144	3901	3661	6466	5203	6354	5044	3836	565	574	5748	7059	713	7096	1371	6435	2900	581	2885	1341	6895	3191	973	4759	6185	6216	4269	4019	2987	3617
5775	2580	385	2797	5222	2648	5981	4332	2306	6244	6261	2097	7129	3850	5366	6929	2455	5791	4586	6073	907	3585	4997	6372	120	1008	348	5198	531	6927	884	6499	5174	6710	1054	3895	7069	2463	548	5513	6518	6660	2272	5378	6768	4661	279	4648	4635	5266	328	5813	7140	4966	6318	1036	6549	5805	1301	6922	1013	3017	730	819	5236	1178	1804	3255	7261	349	5129	485	6157	2729	6140	6524	2405	7150	2579	1765	6116	4116	2117	1900	4726	4840	5322	2412	5699	1446	5841	3965	2663	259	5831	4470	2904	254	4828	6550	4964	1944	2395	3853	3420	3947	6642	6697	5965	3972	1816	2459	3002	3720	4898	1737	4414	434	1596	1926	1100
1907	5664	4495	906	6960	538	193	3176	4243	3011	2212	3635	120	2748	3354	4808	4960	2275	2376	6018	4791	5835	4066	866	5760	6424	2426	6686	137	6106	7241	120	4004	5324	120	5959	3036	5953	5320	6461	6800	1640	5385	2831	3090	1741	4673	1749	670	305	4998	5037	2111	7034	2022	5736	867	3614	7131	3958	3876	4236	4462	6530	7154	4179	4286	2004	349	7261	802	2145	2815	238	6377	2083	7205	806	3285	2704	4721	920	785	1494	6098	2946	1101	6289	3337	5381	4359	3189	4904	6493	3373	7207	169	3722	2801	6571	3151	4750	2408	547	5260	1614	1703	2680	1856	4280	6455	7229	3609	4174	3985	5876	897	2496	6306	679	6269
1312	6733	967	2840	1210	395	5787	4528	2352	5286	4055	6028	3319	4555	2531	3678	6300	3193	7171	4619	5619	1855	2912	486	7103	7035	373	2829	6034	3832	444	5476	5093	6675	3246	2093	1754	3964	4257	5801	3228	4793	3369	120	5923	1583	1038	604	3218	3829	2297	840	276	3262	6391	5618	2603	3874	5173	5187	368	7005	3681	5082	120	1202	4025	5626	5129	802	7261	247	4501	5785	1069	3478	2258	2454	2302	286	1363	4291	2859	2233	1733	3004	2121	4559	4333	5486	722	3187	5651	2766	371	676	6698	3658	6882	4879	423	5375	953	2200	5530	3561	439	3761	3925	3502	6489	7009	3704	5649	5951	7256	1819	2875	5418	2733	5662
2165	6026	2106	2397	6709	4747	4425	2980	2638	6533	1889	1145	5474	2962	2637	2924	5680	879	3935	5186	4632	3284	6379	1174	6132	6720	4373	2170	877	5469	3908	4785	3006	6867	4227	6473	3116	4138	3824	685	3033	918	1191	6088	980	1299	2000	120	4902	4753	374	4564	2266	2526	6283	5925	6040	3117	5156	3569	6228	4259	6115	5368	1672	1522	6983	3183	485	2145	247	7261	4224	6894	120	791	7120	5423	4682	1671	1437	5926	2549	7143	5782	7216	1436	5598	1965	3031	4520	4691	6981	2604	2013	207	6403	1324	2279	5279	598	6178	6780	3222	241	5412	1218	1296	1683	4987	3483	5394	3773	1328	4553	3589	928	4686	6082	1022	5406
219	625	3060	2239	932	5788	1586	4393	3010	1641	3638	5031	2186	4629	997	6634	163	4231	591	1684	2563	6568	763	2750	2500	2517	6071	6587	4538	5559	3476	6779	5137	6886	3032	940	2856	3436	844	3605	5359	1714	6745	5819	4222	5957	120	5690	1593	3411	7237	5757	7183	4092	2394	6531	417	6188	692	3447	6699	6713	6043	7186	2126	5784	6402	5328	6157	2815	4501	4224	7261	769	3974	2071	1876	386	3059	3725	2960	3884	460	6460	3578	6445	845	4843	1221	6741	2140	5463	777	1777	1946	3937	372	6339	1797	5149	5022	1098	6176	4928	2989	703	6251	6039	6074	4012	164	462	4949	2269	280	4485	2684	5796	418	597	3336
6422	3387	2092	2417	5653	5426	2188	2908	809	7251	5343	472	5008	6903	6836	2112	5501	3257	5094	1650	4562	1752	2250	4340	3571	6301	6984	772	5730	5029	2749	1869	4296	6207	327	4713	2635	5661	587	3264	5520	5856	765	4057	4669	926	457	5714	6591	3687	120	5505	5519	2037	2353	1138	1953	6042	1696	3971	3929	5460	741	889	4963	318	1060	478	2729	238	5785	6894	769	7261	4089	1986	4188	2823	3308	607	6011	4040	2879	4527	1087	3244	1256	6195	4856	2055	3864	2502	2487	1942	6317	6360	1920	4165	6432	6205	6320	2768	737	2181	124	4943	4605	4935	2087	407	6722	2950	2507	5615	2006	5039	3263	4724	4014	2606	7024
731	4574	6712	6092	864	795	4198	3406	5890	6861	5511	5217	2288	618	5417	2402	894	5892	4482	2199	3465	340	5683	6868	865	1496	4610	1551	1572	4363	3857	2294	7200	4982	2332	3357	5290	6080	513	1418	376	6825	120	2009	497	7174	2850	4209	3552	4885	7211	786	2084	2918	1562	192	1616	6507	3667	2193	2505	931	4441	5067	2718	7049	1700	5402	6140	6377	1069	120	3974	4089	7261	751	4695	1564	5975	143	3541	4157	1727	6070	6213	5532	4502	6620	5019	7014	823	4593	2447	6429	384	6404	5397	662	6702	2996	5997	2983	4852	494	6970	1247	2424	4216	4769	4962	1372	4784	2244	3241	3401	2925	2650	3443	6570	258	5296
3936	2031	3808	1380	3409	4667	2131	2755	7233	7157	351	5478	7016	4052	120	4547	896	6805	1232	1679	6848	945	5143	6062	1402	6763	4560	698	6345	4372	4050	242	1778	2561	3680	7173	5904	5323	440	4570	6068	4490	7169	5589	2429	6358	2494	6050	3930	5493	7046	2189	4205	4590	4703	406	5057	186	1761	2557	5014	6114	6951	4873	3428	1780	5932	5507	6524	2083	3478	791	2071	1986	751	7261	5602	3639	1887	1397	3529	2243	3490	6526	4803	6302	601	4670	1003	5834	1325	1491	1200	5995	3338	3746	6291	2026	1625	695	3437	5697	1704	2139	4608	2970	120	366	120	6789	5753	619	2228	3018	2177	6508	5367	633	3976	5573	7085
520	693	5541	7099	5499	4277	2720	4868	2666	5666	255	1072	644	1411	1552	1132	3108	5043	3962	5581	5650	2259	1861	1248	2673	3848	3686	4144	6411	5490	6584	6266	4491	1223	5579	4710	2608	7214	5809	5192	6059	4992	580	6414	3484	4465	2465	2187	656	2160	6491	2569	6828	2061	7002	3923	5871	120	4628	4086	3753	4185	1637	4817	3869	6376	3388	1476	2405	7205	2258	7120	1876	4188	4695	5602	7261	4129	1508	1136	5458	2386	799	2670	2541	5066	2330	6234	5603	1618	6554	5771	1353	2209	3014	2315	913	2100	120	6842	5444	5447	719	898	3909	1185	5883	3402	1046	479	6191	7158	1536	7011	2313	120	3590	3050	3463	5334	2965
6899	850	3417	3760	5783	3914	2176	1611	144	264	2691	6089	1284	4070	5924	6841	6271	2707	970	6256	5776	210	231	929	6615	2625	4145	2419	1668	493	1207	4892	5253	6248	5189	5576	2503	3203	680	3366	5962	6688	2289	6468	6076	2785	5079	4159	917	1799	5384	6529	708	5387	471	218	4743	1742	120	5820	649	5456	6108	4504	7076	4140	1774	3386	7150	806	2454	5423	386	2823	1564	3639	4129	7261	2049	3268	5080	1517	1351	5795	3890	3418	759	6674	6100	6148	4068	1848	1355	7134	6087	3863	6556	5745	2108	3370	5413	5914	1996	4931	6307	1606	6565	1639	4687	4214	4294	628	287	727	1978	2914	724	4810	4820	2629	6119
3065	6918	1216	3648	6067	3051	2226	6208	1916	2562	7187	5592	6168	6336	5913	3564	2388	4513	4756	4135	4638	1784	3025	2240	4901	681	3426	6685	1249	1609	5542	1442	2099	915	1762	1063	6724	3427	828	6736	1369	2107	5297	2310	2891	1243	5283	834	5434	7063	3696	4601	4671	4410	2305	323	1796	4101	3091	6326	5306	826	4079	643	6601	2025	338	4263	2579	3285	2302	4682	3059	3308	5975	1887	1508	2049	7261	120	5016	6347	5711	6273	887	175	1820	2610	6589	335	2921	3208	1632	5600	2184	2653	4344	3457	6081	5746	1827	4531	2063	6659	5518	6801	6612	6139	2772	3705	6638	872	677	3200	1642	3957	5184	6827	1268	3776	3610
2378	6671	4796	4136	3314	3184	297	120	2753	3934	4324	1548	2435	5994	6539	2356	505	152	1560	4758	962	2091	653	4249	1339	332	3358	1432	6957	4026	1193	6541	4689	6365	1188	2991	825	3518	3192	4289	1375	5180	559	3403	6417	2609	542	2358	1078	3055	5151	3533	1892	5051	939	5144	6645	6647	5537	568	5103	1083	6727	6357	1731	2474	2647	4028	1765	2704	286	1671	3725	607	143	1397	1136	3268	120	7261	2587	6893	6238	5159	7224	1320	4698	4995	3810	2499	2993	5832	3198	2913	4016	6079	1032	4763	2475	6428	7105	5885	4834	3223	7209	3293	7139	6684	5340	4090	4143	2705	3435	1492	4248	6136	5235	1790	1833	4054	3538
3335	5272	2967	6164	4929	4975	150	6872	6204	2434	6926	120	6670	5013	2784	714	7179	4268	1495	5060	2676	7122	5228	5822	1211	5910	5867	6219	6483	1050	2032	2854	2558	6859	1395	994	4272	5095	6847	4847	1753	1851	560	5461	3582	6901	955	4801	3764	1503	2693	4977	1763	2758	6513	1794	4142	1222	7152	7008	6190	4251	1238	2319	2234	3082	5139	5611	6116	4721	1363	1437	2960	6011	3541	3529	5458	5080	5016	2587	7261	1147	3871	4568	5396	2634	1004	6822	4910	6443	631	2246	1111	6946	3744	4434	7107	6229	5583	4438	3225	155	7111	7246	3171	4940	6947	5154	3572	1440	4772	1293	6748	3461	7043	1764	5227	1550	6189	1257	6401
6559	3780	1801	3444	1125	3147	3616	1158	6265	1021	7019	5126	5864	7051	4972	760	2568	6853	5010	3652	5000	244	1841	5575	5794	179	5442	3646	1785	659	6821	4312	4029	6778	127	4058	1237	2303	5658	6015	1333	3716	4095	3581	3330	4168	5248	2350	1896	6292	5882	4845	1456	4422	5363	4707	3608	2519	3237	5050	2445	289	746	4234	3170	345	6091	5849	4116	920	4291	5926	3884	4040	4157	2243	2386	1517	6347	6893	1147	7261	120	5247	4147	5639	1121	6177	615	1710	3069	515	6254	2534	239	2617	2442	6919	5721	818	4060	2443	5204	1624	2539	3087	1980	4362	6142	3754	6356	3035	5558	2316	6175	6887	1181	6948	4728	1971	3085
2717	5601	7029	474	5765	6500	4573	6547	6388	5270	5390	5584	2731	1600	4285	941	6694	3896	756	5984	6870	5742	6512	306	3860	4512	6128	892	4706	2043	4445	882	120	6757	627	4923	6371	2421	673	4166	5081	2630	1073	2621	1155	5567	5498	2984	5004	120	2952	120	3331	2708	853	3493	6586	5439	6814	1574	1771	5642	5466	1934	7137	5157	2944	6368	2117	785	2859	2549	460	2879	1727	3490	799	1351	5711	6238	3871	120	7261	1955	1286	120	3096	6913	1454	7227	1590	6423	4203	2767	528	5216	3942	6796	3013	498	492	1969	2639	4715	1076	4652	2655	1387	1420	4585	1447	2898	956	5178	3395	3520	6734	3328	5793	4043	5884
7258	310	5068	120	1746	2524	7210	1943	4633	5800	4383	623	4017	1311	6416	4933	5027	5112	1872	2501	3280	3938	6149	4851	2870	3269	2150	1053	3953	1464	3163	5179	4370	6614	6203	1553	4948	859	4599	2689	4891	1531	5609	3509	3131	561	6016	5142	5098	5453	2796	2211	2789	5288	2674	4492	2877	3668	1152	4505	4862	7074	3607	1695	5996	3084	481	3259	1900	1494	2233	7143	6460	4527	6070	6526	2670	5795	6273	5159	4568	5247	1955	7261	577	7165	2201	3120	3823	1912	6826	4194	1657	3881	6511	2422	4642	4839	2968	174	1070	1988	870	1921	2175	5868	3211	654	966	1831	2401	832	2893	2130	5105	4402	2827	1393	1759	6943	639
120	5733	4604	1621	2185	3592	6133	5671	1518	690	2328	6992	1807	6777	5546	2988	5547	4308	320	4001	5952	5985	4781	398	2351	5786	392	3519	6055	6574	4959	3339	3625	6408	2195	120	1707	5631	593	5427	369	3266	4404	843	6723	6626	5905	3952	3378	2470	6075	1373	7061	6542	4622	5731	6077	3363	5404	5528	4119	5496	3715	1615	490	3064	2601	3644	4726	6098	1733	5782	3578	1087	6213	4803	2541	3890	887	7224	5396	4147	1286	577	7261	4321	3549	3145	6916	858	717	4388	642	5422	1859	1057	5574	5772	3497	1719	2909	4533	5213	1894	5250	4391	1516	3695	7010	212	5205	6787	4636	3046	5594	2191	4517	1408	454	4937	5522
5939	1458	6869	120	1652	7133	5421	4833	1161	3393	5707	1016	1823	5452	5608	6227	7004	6036	4511	6606	2728	958	3242	5083	4699	1702	3020	5715	5903	4493	120	6582	1997	4339	1602	365	1581	4156	586	6965	4139	120	1199	4217	728	1406	969	2506	6744	6337	2375	1755	1954	120	3980	3558	7172	2911	1274	4408	3382	5974	5361	554	5377	2147	2079	7108	4840	2946	3004	7216	6445	3244	5532	6302	5066	3418	175	1320	2634	5639	120	7165	4321	7261	3891	3633	657	4233	4336	4754	5853	3791	7141	3243	6441	4911	7017	1377	1667	6233	4866	3123	5287	5032	2903	3367	4034	1488	451	4498	3739	4409	1082	5971	2742	699	5160	3602	426
6260	2019	2982	4009	6103	3180	4191	2624	5138	6935	6313	3546	4162	6008	1475	2672	157	3390	3104	6464	6438	4732	1878	3745	6257	4385	401	6765	2948	3439	405	4220	476	6740	3419	3919	168	2741	6798	1331	4395	2682	3431	1424	6013	324	3682	4453	5376	1040	1573	3839	2030	4816	3926	2937	1330	6294	5494	5075	7062	5209	3535	3524	3955	6569	5084	495	5322	1101	2121	1436	845	1256	4502	601	2330	759	1820	4698	1004	1121	3096	2201	3549	3891	7261	4183	4455	4132	2978	4399	6033	5108	5049	4865	5628	2425	6172	1114	291	4022	120	5551	3320	6693	6145	6378	4861	4877	7248	7175	1510	3847	660	1734	4281	5362	1800	5373	1010
356	5582	2420	120	5200	5497	5399	2393	4120	2800	4195	5252	6700	1952	4088	2123	4916	3095	3731	1486	5720	7244	1477	1195	4809	3867	1497	1252	3547	2892	4452	4378	1726	1838	982	387	5101	2545	2852	2172	3291	3456	3920	5473	2164	1992	5121	6174	2273	243	3048	267	4196	5430	3601	827	3693	1226	1407	380	6773	120	4752	629	1251	2248	5356	1895	2412	6289	4559	5598	4843	6195	6620	4670	6234	6674	2610	4995	6822	6177	6913	3120	3145	3633	4183	7261	675	5268	367	2113	4819	3868	3092	6967	1803	3407	2644	1836	6046	3234	4835	1949	5900	6608	2979	3632	5635	6310	5011	268	6617	2973	4782	1674	4448	2320	6475	304	979
3819	3768	7225	6181	1365	1740	120	203	3299	5242	6835	6250	2038	1444	5945	6996	5165	5779	2254	410	4451	3702	4366	4102	2956	2812	6862	5220	391	2021	1664	5001	2976	6681	120	2133	5259	1099	4173	1149	4035	4127	4651	6169	3924	2710	7089	5591	6373	4310	2125	4907	3676	6398	4032	5277	2437	6808	2323	4551	2662	4354	4011	3536	2270	3840	7012	6298	5699	3337	4333	1965	1221	4856	5019	1003	5603	6100	6589	3810	4910	615	1454	3823	6916	657	4455	675	7261	3324	2867	4881	1358	6295	6834	4407	2059	4287	1470	3352	5998	1463	3697	4064	1160	1805	1631	6852	4276	1619	2643	4832	377	7151	6610	1680	3566	438	1303	1106	6954
7064	2574	2124	4087	5804	5678	977	5197	4282	1931	5943	783	1192	4487	5561	5636	3565	3150	6540	1660	6552	2977	2249	4200	5854	2159	1557	3822	3927	6972	534	1412	5577	4938	5374	347	2423	2493	5280	3473	6963	6163	754	1077	7177	1504	641	6329	5326	4596	3835	3139	4760	4822	3522	2280	3556	436	4802	4973	6707	4693	1654	412	5111	6732	120	5257	1446	5381	5486	3031	6741	2055	7014	5834	1618	6148	335	2499	6443	1710	7227	1912	858	4233	4132	5268	3324	7261	2479	3240	1567	2451	1484	2166	3267	3991	5930	537	2582	3706	2344	1724	6553	3430	7113	4367	2770	3177	7036	535	3309	5035	1209	4051	2301	7203	2371	6596	4483
3250	7238	5595	1374	645	4420	6093	4882	6193	5685	3165	6585	5243	6023	5502	1883	6977	3206	4984	3662	6907	2926	3099	6385	4869	1052	3672	3398	6159	6361	4665	6782	7170	5940	6751	1972	1990	5616	1571	3521	1648	2906	2883	4421	3129	3105	4996	624	3344	1524	4906	3577	3817	7163	341	5607	500	800	2759	3532	6319	1321	6038	6900	3066	4110	2668	5202	5841	4359	722	4520	2140	3864	823	1325	6554	4068	2921	2993	631	3069	1590	6826	717	4336	2978	367	2867	2479	7261	1390	2522	2283	4461	6952	6516	126	1074	2600	5500	1961	4870	1758	4405	4867	4556	424	5886	484	1532	120	2586	6407	5538	4709	5568	6871	4969	6706	6019
3185	7181	5109	1874	2230	6129	4117	5194	1839	6020	6288	4377	661	2062	6121	6908	1837	7028	2857	506	4857	2231	5713	1457	6487	6274	5866	3421	2235	6201	2697	3803	3169	3365	7001	234	4711	6155	4859	319	2773	2873	7117	6726	4631	620	6717	1317	2366	512	6704	6420	1886	6454	1511	1634	1088	4386	3271	5763	5298	1527	1429	1119	1813	409	773	7144	3965	3189	3187	4691	5463	2502	4593	1491	5771	1848	3208	5832	2246	515	6423	4194	4388	4754	4399	2113	4881	3240	1390	7261	7206	1884	6989	788	1019	120	3749	5433	1175	362	1370	4730	4884	1065	7228	5629	4679	1428	5896	4426	1219	3258	4169	4488	5700	1767	120	2822	888
4189	3807	4957	5515	523	6241	1544	3659	2341	4237	6110	4788	5219	491	5215	3843	134	4544	743	4215	6370	1739	3797	3181	182	329	5058	166	3489	188	5122	5316	4771	2922	4844	4076	821	4612	7056	3261	6669	4342	6061	5488	811	4821	5182	322	855	5206	1788	4515	6613	4112	6866	3012	3726	2803	6885	6982	1605	4942	6829	1108	120	6346	1854	3901	2663	4904	5651	6981	777	2487	2447	1200	1353	1355	1632	3198	1111	6254	4203	1657	642	5853	6033	4819	1358	1567	2522	7206	7261	2646	3701	4309	4415	3983	5710	5483	120	5646	2369	2058	4124	5053	5484	2035	5185	245	2658	5175	5512	1730	325	6923	4477	532	2473	1227	2219
5812	4968	2969	470	2947	3593	4313	3078	4983	5682	4514	5271	2142	4708	3276	6958	2050	2514	3384	1336	2826	5961	4592	4893	5365	1580	5638	1940	4352	120	2399	5339	6105	3762	2427	1930	5087	1276	2207	4621	2578	1728	6936	7073	2051	120	1109	5889	1354	3690	1585	3000	5224	5621	6447	1287	4696	1549	6327	3838	6035	1806	4617	5911	2036	6988	3442	3661	259	6493	2766	2604	1777	1942	6429	5995	2209	7134	5600	2913	6946	2534	2767	3881	5422	3791	5108	3868	6295	2451	2283	1884	2646	7261	1716	1509	2721	3080	1675	3894	2905	4384	3649	120	6212	1890	752	3763	5021	5732	5074	1450	522	7104	3422	1379	2919	5865	4776	1267	2263
6124	4532	3859	2363	3100	6366	6545	1194	6200	6809	4644	7255	4526	6170	6990	3802	7257	2311	1676	2204	4807	4838	511	3468	4338	6599	4346	1760	7242	6971	3415	4327	1647	4467	4981	5860	3821	5092	5171	854	1235	6112	6643	2997	2312	6202	477	2257	3005	3663	4780	4031	7038	5826	1278	3727	5792	3154	3559	4889	382	2736	6656	6446	3302	672	2675	6466	5831	3373	371	2013	1946	6317	384	3338	3014	6087	2184	4016	3744	239	528	6511	1859	7141	5049	3092	6834	1484	4461	6989	3701	1716	7261	4714	1936	7006	5181	6452	120	6162	4991	1270	726	1882	6107	5429	5560	841	2492	3251	2329	1224	120	375	5114	6231	6551	6583	3636
7201	7091	3719	2547	1131	910	6890	6600	4534	3899	5823	3788	5348	7007	2833	1814	4909	594	256	757	706	120	2777	6823	1678	5988	7184	4566	6864	4357	4073	5979	4290	3454	3982	1757	7065	4952	6316	710	614	6964	6743	2881	1348	1334	6598	6850	4537	1471	934	1651	2057	5604	2552	2810	541	836	180	487	2620	3286	1569	120	6123	4084	1717	5203	4470	7207	676	207	3937	6360	6404	3746	2315	3863	2653	6079	4434	2617	5216	2422	1057	3243	4865	6967	4407	2166	6952	788	4309	1509	4714	7261	5333	4640	1502	6865	4872	5918	2584	2432	3517	2747	2411	5623	7093	274	5544	3458	6856	2931	6590	1905	6575	1080	2367	2379	5065
6680	3906	4746	5689	7223	852	1775	3474	3642	4418	1984	3811	2480	5888	3081	6109	4411	6437	978	694	583	1427	5344	3841	2981	3886	292	6910	6363	6742	4609	3273	6392	1877	5634	5514	1925	2954	5285	5739	6387	6383	2391	3951	1608	2614	7166	3340	1186	3042	4582	1280	120	2439	4583	4111	4646	3062	6209	2657	1144	3507	7092	1563	647	3877	3247	6354	2904	169	6698	6403	372	1920	5397	6291	913	6556	4344	1032	7107	2442	3942	4642	5574	6441	5628	1803	2059	3267	6516	1019	4415	2721	1936	5333	7261	569	4509	200	7195	2626	4456	2995	206	3230	3987	3575	5292	3232	5877	5293	2886	293	1308	4444	4787	1529	6804	6021	7057
5768	5817	309	6135	3588	5659	1736	2053	173	1858	2149	120	225	2054	3141	1217	1787	6072	6276	4331	4141	6453	4900	120	3089	2776	6632	2817	4471	3747	793	388	2223	7050	3022	778	6096	6029	4447	5935	1066	5691	3665	184	2016	1718	353	7020	303	2064	4598	131	1113	608	794	5133	4024	2711	5708	734	4650	1474	1229	120	923	4450	4440	5044	254	3722	3658	1324	6339	4165	662	2026	2100	5745	3457	4763	6229	6919	6796	4839	5772	4911	2425	3407	4287	3991	126	120	3983	3080	7006	4640	569	7261	4314	6812	5089	6381	5590	6305	5410	6995	499	6627	3845	2331	5479	5409	5824	4542	2110	3015	4244	220	549	3528	3970
5088	1594	6225	1128	5170	5647	5917	2497	1017	5669	2024	1011	1555	6393	2436	5676	3168	6933	1103	443	3786	3851	1556	399	5237	972	120	3956	1285	6810	1410	4979	5124	7115	991	1272	2959	2605	881	4078	1319	1051	6925	573	4008	2192	3671	1170	774	4980	4319	3931	6637	3825	6214	1314	2348	7097	4795	4419	7021	4341	6427	5482	6186	3270	5610	3836	4828	2801	6882	2279	1797	6432	6702	1625	120	2108	6081	2475	5583	5721	3013	2968	3497	7017	6172	2644	1470	5930	1074	3749	5710	1675	5181	1502	4509	4314	7261	2934	1881	2687	5580	564	749	4681	3812	1055	2365	4343	6000	4186	6004	3074	1963	4275	2745	6881	4557	1071	4548
5780	6527	5978	5491	3316	2824	1279	6762	5457	6920	459	2702	3057	1172	6909	3804	1399	5523	540	1414	1137	5304	1143	6433	7190	1523	2612	4484	4814	5251	449	6054	2986	6410	4797	1643	120	4096	596	5485	120	2664	5207	4841	233	3796	2949	3774	5254	567	7003	2161	120	153	5341	5606	3076	4389	3815	4255	1443	1871	135	2384	6786	4036	3766	565	6550	6571	4879	5279	5149	6205	2996	695	6842	3370	5746	6428	4438	818	498	174	1719	1377	1114	1836	3352	537	2600	5433	5483	3894	6452	6865	200	6812	2934	7261	2241	3714	5276	5102	4211	1344	3491	1340	123	4543	2695	4606	2837	3405	5123	1576	5810	5135	6729	6240	1304
3480	3008	5401	729	3027	1322	1537	3799	812	3453	2271	1834	5612	4571	4184	6262	3570	1860	270	1459	4223	6290	5643	6628	2307	3723	7072	1649	1383	141	4108	2409	4329	4446	2151	215	3990	6987	4256	6851	6884	733	6282	4230	2846	5350	964	5023	6668	4473	1419	6603	120	2688	6006	3959	316	1281	1723	6253	6221	766	3752	1189	1658	6450	2593	574	4964	3151	423	598	5022	6320	5997	3437	5444	5413	1827	7105	3225	4060	492	1070	2909	1667	291	6046	5998	2582	5500	1175	120	2905	120	4872	7195	5089	1881	2241	7261	1025	3781	1349	6053	4742	5034	4913	7075	4424	5858	4657	4647	7196	1645	4038	6633	5701	1398	6166	6997
120	4437	1993	5838	7156	1809	5428	1825	2370	909	1064	5436	2446	4428	4905	5578	1899	5398	2457	5695	5042	2535	4081	7159	6194	3205	4046	6813	514	1490	5351	301	2961	1310	7098	5130	1835	2843	2060	5563	5393	138	5364	5025	4489	3718	2703	6776	6152	572	1255	1262	3883	3470	6180	1485	6831	204	2868	3350	6449	1171	2253	4899	6917	2786	6120	5748	1944	4750	5375	6178	1098	2768	2983	5697	5447	5914	4531	5885	155	2443	1969	1988	4533	6233	4022	3234	1463	3706	1961	362	5646	4384	6162	5918	2626	6381	2687	3714	1025	7261	5833	4181	2364	120	7018	1409	120	6746	6764	2256	4163	3562	3135	3347	983	3800	277	7178	4486
3310	7188	758	6624	6646	2890	5879	6846	4397	6766	346	3467	3765	5893	762	3515	3880	3717	5239	5437	7088	4589	4733	3289	4761	6057	6858	5654	2102	4091	7047	2075	1906	2751	246	6523	2764	6390	2221	5033	3603	925	6397	543	3441	1345	5450	1888	4197	4093	646	3144	1043	1239	904	4416	1824	5665	4903	7198	1959	5624	4190	4798	120	2623	1140	7059	2395	2408	953	6780	6176	737	4852	1704	719	1996	2063	4834	7111	5204	2639	870	5213	4866	120	4835	3697	2344	4870	1370	2369	3649	4991	2584	4456	5590	5580	5276	3781	5833	7261	3341	813	2295	2738	4206	3260	4503	3526	1750	6654	3898	1118	2660	3656	2861	2551	985	935
3238	1150	1449	5261	1795	4252	1455	2321	271	3618	6247	5657	6440	1638	6618	2556	6382	3212	6781	829	1394	5716	3622	2619	1002	6676	3079	4130	885	5909	6874	4930	1798	1421	2033	4727	7033	4258	5414	5190	3481	1584	5002	6476	4664	3342	5968	5902	862	6857	2763	3118	6577	7068	3072	4098	3304	3893	817	6030	3451	1102	2659	911	4887	3527	2811	713	3853	547	2200	3222	4928	2181	494	2139	898	4931	6659	3223	7246	1624	4715	1921	1894	3123	5551	1949	4064	1724	1758	4730	2058	120	1270	2432	2995	6305	564	5102	1349	4181	3341	7261	6754	551	4175	4876	526	3922	6525	4683	4912	3904	4298	1261	6635	6520	518	1039	6803
4580	4469	4439	1037	7148	1431	2654	408	6151	3056	3865	6790	4178	1528	3160	5415	1686	4297	863	5851	755	3356	5480	5982	1141	1756	6799	129	1110	6975	4423	185	1230	1908	5704	6703	463	7226	7077	1260	161	6278	4000	4069	466	2011	3537	7118	6673	3779	1059	1770	5755	5267	2045	3882	6682	6111	5153	120	6160	411	120	701	2206	4588	1747	7096	3420	5260	5530	241	2989	124	6970	4608	3909	6307	5518	7209	3171	2539	1076	2175	5250	5287	3320	5900	1160	6553	4405	4884	4124	6212	726	3517	206	5410	749	4211	6053	2364	813	6754	7261	1445	5241	5725	6930	2216	5115	5821	509	2318	1607	3361	6605	2406	211	3767	4199
4804	1923	6399	5738	3606	3158	6906	360	5915	6775	2762	3612	689	2602	3540	3323	1973	2869	576	5347	3143	1381	5107	530	5751	1378	6973	7208	7164	4896	257	3872	3315	6692	4722	6210	2489	4020	6263	4300	4458	2566	5245	4939	6640	4674	1863	2491	4118	2116	4154	3751	5750	2153	5644	4823	1681	6341	5379	1164	3295	4242	5372	3412	1507	6197	5331	1371	3947	1614	3561	5412	703	4943	1247	2970	1185	1606	6801	3293	4940	3087	4652	5868	4391	5032	6693	6608	1805	3430	4867	1065	5053	1890	1882	2747	3230	6995	4681	1344	4742	120	2295	551	1445	7261	6687	1622	2486	2354	6896	5549	3305	1561	5852	6334	4105	1845	7123	273	1587
1271	6651	3054	383	2895	3239	6761	4015	1228	3413	240	1620	5131	2138	6731	1028	1663	617	355	6832	2543	6535	3433	3396	6255	5303	7114	503	3475	6839	2942	5991	747	3215	849	496	190	6421	6677	6609	6488	1315	4965	278	5403	1985	3854	3219	3645	6158	1242	3097	2782	5208	3975	3462	1947	6090	2314	3282	6759	4831	5305	764	3736	736	228	6435	6642	1703	439	1218	6251	4605	2424	120	5883	6565	6612	7139	6947	1980	2655	3211	1516	2903	6145	2979	1631	7113	4556	7228	5484	752	6107	2411	3987	499	3812	3491	5034	7018	2738	4175	5241	6687	7261	5218	2309	6099	7189	6287	5898	3003	4151	3026	626	2052	5599	7191	235
132	4535	5330	1541	957	3994	248	2787	4641	3911	3300	5752	3954	5475	4125	1525	1068	4777	3724	1401	5061	5096	6949	5321	6086	1575	5596	2939	6463	3790	2515	2627	546	4692	2573	5627	502	735	6258	2088	3933	3297	4160	5467	120	4522	1844	404	7055	3772	7044	6009	1689	1023	705	1117	5872	3452	4549	1084	4353	3613	6003	196	1105	2576	5922	2900	6697	2680	3761	1296	6039	4935	4216	366	3402	1639	6139	6684	5154	4362	1387	654	3695	3367	6378	3632	6852	4367	424	5629	2035	3763	5429	5623	3575	6627	1055	1340	4913	1409	4206	4876	5725	1622	5218	7261	6941	5188	4464	6237	525	5420	3743	5735	2453	3770	4273	5492	120
6876	6691	7042	120	6667	2845	2448	2471	3545	4033	2725	687	6066	5309	5269	4888	4575	2594	5183	4620	7082	4602	2936	2005	6767	2118	5802	3630	3199	1870	6330	5018	3554	1994	2101	6236	1591	3783	7260	3732	6695	6104	3846	5756	517	6343	3495	2073	250	871	4153	3591	2661	5588	1472	1849	2765	2444	5633	334	851	5046	3472	807	6156	4757	2957	581	5965	1856	3925	1683	6074	2087	4769	120	1046	4687	2772	5340	3572	6142	1420	966	7010	4034	4861	5635	4276	2770	5886	4679	5185	5021	5560	7093	5292	3845	2365	123	7075	120	3260	526	6930	2486	2309	6941	7261	3675	588	3698	5586	6323	1163	3986	4554	2814	403	3902	1919
3333	5315	4855	6078	1179	5294	927	4270	227	4871	2317	6230	4729	3432	2590	5077	158	1628	1360	4225	792	1441	1439	936	120	149	2334	5264	2920	3548	1127	6462	120	3233	4457	2834	3332	3512	3195	2007	5807	7100	3351	1901	767	3374	435	3759	1027	696	6976	5557	2333	4956	1362	3272	1367	1957	1991	1898	1081	2413	2935	6322	2268	2477	4751	2885	3972	4280	3502	4987	4012	407	4962	6789	479	4214	3705	4090	1440	3754	4585	1831	212	1488	4877	6310	1619	3177	484	1428	245	5732	841	274	3232	2331	4343	4543	4424	6746	4503	3922	2216	2354	6099	5188	3675	7261	452	1968	6328	230	2511	4740	2290	2927	5891	1506	2476
6333	1297	3001	1366	5360	993	6299	6830	7095	5028	5099	5443	5388	4403	2368	4177	1168	272	2292	6774	1989	6279	342	350	6546	2198	3127	5840	2525	6784	6931	686	2179	6679	4986	4109	5526	2174	1565	4345	357	1156	3083	6338	120	3488	1519	1425	6522	5113	6384	5929	630	5766	2727	4897	3485	3423	3795	6113	1966	2813	1935	529	321	510	3742	1341	1816	6455	6489	3483	164	6722	1372	5753	6191	4294	6638	4143	4772	6356	1447	2401	5205	451	7248	5011	2643	7036	1532	5896	2658	5074	2492	5544	5877	5479	6000	2695	5858	6764	3526	6525	5115	6896	7189	4464	588	452	7261	6815	5774	2835	663	4591	5919	6126	6264	3128	3126
6924	3769	6855	4235	6994	2468	6249	2039	4806	1843	6118	4792	5449	5571	4645	1337	3563	450	1405	1112	1540	2821	7236	579	120	6845	2665	370	2591	2722	5533	6324	4826	3023	1253	1904	3348	1135	2218	7054	6094	3777	974	5445	4790	5468	5656	4616	6747	1323	3088	1400	4766	1948	732	5825	4597	5524	605	2120	4799	2094	4541	142	990	5684	2299	6895	2459	7229	7009	5394	462	2950	4784	619	7158	628	872	2705	1293	3035	2898	832	6787	4498	7175	268	4832	535	120	4426	5175	1450	3251	3458	5293	5409	4186	4606	4657	2256	1750	4683	5821	5549	6287	6237	3698	1968	6815	7261	1715	2464	6285	4061	3999	709	3888	1000	4365
5554	2282	2359	6069	3627	4103	6623	2565	2158	6753	1535	2618	3159	5489	3216	4858	3224	7013	5729	6915	1225	464	1682	5132	4232	3353	3383	326	5085	4576	943	6367	5310	3787	3907	3327	753	3112	3449	2532	4006	145	6580	2387	1026	4886	6788	1389	3993	1264	6616	6639	2972	2990	1259	2027	331	3102	6998	2081	2336	6394	400	3162	6315	1415	5531	3191	3002	3609	3704	3773	4949	2507	2244	2228	1536	287	677	3435	6748	5558	956	2893	4636	3739	1510	6617	377	3309	2586	1219	5512	522	2329	6856	2886	5824	6004	2837	4647	4163	6654	4912	509	3305	5898	525	5586	6328	5774	1715	7261	5811	6891	120	2255	2523	5335	3573	3862
912	7058	745	2349	1721	3709	5395	1090	6905	954	3061	4279	5353	5370	6281	7066	4717	3643	2383	5110	2754	6519	2645	5674	4082	122	5990	1853	4988	2716	3362	4048	4380	2015	6655	3806	120	3346	5874	5761	6052	3598	3279	4466	6400	3584	6728	120	2342	2530	2078	4842	609	5221	5972	5274	379	2849	1162	1047	6534	4213	2135	3855	3827	4364	4315	973	3720	4174	5649	1328	2269	5615	3241	3018	7011	727	3200	1492	3461	2316	5178	2130	3046	4409	3847	2973	7151	5035	6407	3258	1730	7104	1224	2931	293	4542	3074	3405	7196	3562	3898	3904	2318	1561	3003	5420	6323	230	2835	2464	5811	7261	2732	504	2357	120	4266	3110	6538
3499	1190	6843	1546	3514	6396	1866	2752	2392	4472	4326	3414	5938	2592	1713	2790	1499	3700	5193	2418	1826	3009	1914	4581	3256	4100	1056	5318	283	4337	6770	3508	3197	4207	1793	5645	2449	3101	4908	5147	1361	4085	5125	1357	6182	2389	5338	6405	6308	2127	1258	1133	6772	5141	4920	4656	4508	1198	507	6962	4261	7142	3660	4625	4264	4013	3404	4759	4898	3985	5951	4553	280	2006	3401	2177	2313	1978	1642	4248	7043	6175	3395	5105	5594	1082	660	4782	6610	1209	5538	4169	325	3422	120	6590	1308	2110	1963	5123	1645	3135	1118	4298	1607	5852	4151	3743	1163	2511	663	6285	6891	2732	7261	2245	2953	6412	3905	2589	2938
393	5655	1460	3576	5702	3969	5073	120	3513	453	6275	2154	7213	1489	3028	2105	4860	1656	5675	557	2155	7204	5989	2385	2679	6304	4459	5789	5295	6286	2737	5012	6246	3623	2162	4749	5299	7160	3182	3932	718	3486	4762	1792	988	5585	3721	2382	4317	1403	1817	545	2963	782	3628	330	1604	3651	3040	2018	5966	950	3979	780	5941	3294	6934	6185	1737	5876	7256	3589	4485	5039	2925	6508	120	2914	3957	6136	1764	6887	3520	4402	2191	5971	1734	1674	1680	4051	4709	4488	6923	1379	375	1905	4444	3015	4275	1576	4038	3347	2660	1261	3361	6334	3026	5735	3986	4740	4591	4061	120	504	2245	7261	3343	6631	6083	6045	2649
6472	6477	2761	3460	1498	998	6969	5767	7220	6581	4523	796	5386	942	4600	7070	3978	2839	6184	6131	725	7245	1305	2542	4239	6641	4228	5041	4253	6048	7239	5679	5118	678	6359	2932	1067	5529	7127	6849	6629	637	5152	1417	2848	4202	6141	3149	6578	895	7125	691	232	3683	363	2157	6342	5964	4307	5064	5815	2548	120	3801	2287	1880	3940	6216	4414	897	1819	928	2684	3263	2650	5367	3590	724	5184	5235	5227	1181	6734	2827	4517	2742	4281	4448	3566	2301	5568	5700	4477	2919	5114	6575	4787	4244	2745	5810	6633	983	3656	6635	6605	4105	626	2453	4554	2290	5919	3999	2255	2357	2953	3343	7261	1744	1384	2819	6878
5371	3984	6795	3107	2832	6482	6595	6562	4745	4552	5258	2866	6084	4744	4158	4062	4442	1983	7087	4731	820	5509	4773	1791	6705	3816	5161	1617	3600	3504	589	7149	1473	3037	5954	2119	5301	6875	6065	4702	7015	797	5901	2304	3288	1338	5907	4827	2798	195	6509	6101	3122	6816	4304	6760	1269	3044	2779	1203	2163	4106	5148	3699	6690	5818	3555	4269	434	2496	2875	4686	5796	4724	3443	633	3050	4810	6827	1790	1550	6948	3328	1393	1408	699	5362	2320	438	7203	6871	1767	532	5865	6231	1080	1529	220	6881	5135	5701	3800	2861	6520	2406	1845	2052	3770	2814	2927	6126	709	2523	120	6412	6631	1744	7261	4725	237	5605
1547	120	833	354	5773	6840	776	6027	3265	3856	3988	5312	5240	4829	7121	1781	136	483	4830	3574	4849	3960	4659	4639	4406	1479	6389	3516	857	7162	4950	394	2085	4254	1842	2074	3130	902	5196	5119	1928	1430	1970	1595	120	702	6661	3075	2469	1151	2955	3455	665	1915	2482	1924	3611	3213	5400	683	5830	4133	5136	4039	592	6758	3214	4019	1596	6306	5418	6082	418	4014	6570	3976	3463	4820	1268	1833	6189	4728	5793	1759	454	5160	1800	6475	1303	2371	4969	120	2473	4776	6551	2367	6804	549	4557	6729	1398	277	2551	518	211	7123	5599	4273	403	5891	6264	3888	5335	4266	3905	6083	1384	4725	7261	205	2285
4649	5005	838	5231	3948	7130	7084	120	1830	3945	1184	922	4283	1215	3408	2362	5072	3594	3833	6444	6980	4375	468	610	3782	3207	3949	1533	5048	3124	2734	984	5431	1416	4863	2277	5987	4961	1266	2536	1426	4351	6749	1205	1979	7230	4611	3496	5256	3647	5411	3146	5233	251	1085	563	3798	900	5899	6085	3655	3038	170	1530	5145	2559	430	2987	1926	679	2733	1022	597	2606	258	5573	5334	2629	3776	4054	1257	1971	4043	6943	4937	3602	5373	304	1106	6596	6706	2822	1227	1267	6583	2379	6021	3528	1071	6240	6166	7178	985	1039	3767	273	7191	5492	3902	1506	3128	1000	3573	3110	2589	6045	2819	237	205	7261	6937
6198	5300	1045	4811	2756	2215	6912	4587	971	2985	1220	4381	4927	3313	7053	120	3277	5931	120	903	4701	6649	1687	3464	6794	6683	5459	847	1766	120	5593	6689	300	1846	151	814	1129	396	3448	6532	5120	5706	6022	2077	595	6431	1180	2669	748	1610	3253	4546	7132	6611	3137	2876	6625	648	5354	6349	5949	6974	5389	3024	473	4368	558	3617	1100	6269	5662	5406	3336	7024	5296	7085	2965	6119	3610	3538	6401	3085	5884	639	5522	426	1010	979	6954	4483	6019	888	2219	2263	3636	5065	7057	3970	4548	1304	6997	4486	935	6803	4199	1587	235	120	1919	2476	3126	4365	3862	6538	2938	2649	6878	5605	2285	6937	7261
