6106	5737	313	175	2478	4527	1944	5798	4616	3168	4423	144	3603	5239	4035	5375	2663	2879	4797	5729	5827	5339	5930	110	2126	2366	823	2007	2065	5963	5512	2945	5750	1439	1223	5847	4723	848	5935	274	5329	642	2868	590	4846	2150	2749	5996	4681	2730	805	1745	1888	4645	4105	4314	1670	4128	5104	5003	2378	170	1208	2674	653	6067	3917	606	3331	4861	1615	3601	3900	1665	2052	2092	381	1829	2167	2743	3646	2214	5472	5547	5224	745	5437	2222	4110	2783	301	1784	2670	4808	2742	1762	2264	1141	1783	5072	2552	588	1355	3658	5235	2331	2840	3400	2029	1155	3235
5737	6106	254	1498	5350	4512	2285	1824	4885	4189	6079	4668	2169	1575	4373	2998	4324	5528	3207	1308	2062	3300	5866	2170	1504	5300	5368	2719	3665	1760	1938	5804	2873	2880	3395	1641	5744	366	4233	1865	497	3513	1063	3827	3788	3344	2398	3553	4802	4421	3566	110	5199	4216	858	5895	4845	4165	3258	1257	1891	3320	4511	842	1054	1935	4012	4583	3251	2890	2341	1591	1289	1348	3385	198	5447	2933	1366	1705	4605	1333	3097	3380	3543	2547	3659	4526	207	110	3262	4967	1529	5560	618	5523	6065	2661	3123	5806	240	2047	4996	5860	2712	573	1679	3292	4731	2309	5325
313	254	6106	2201	2869	4781	4476	3172	2986	561	110	2315	4461	1584	4672	2602	3802	2140	1087	526	5201	3691	2726	958	4812	624	2993	1084	4208	349	2395	4564	515	1769	1754	5362	987	5457	2615	2087	2215	2030	1735	4794	2546	2727	5880	5967	1695	3072	2839	4899	777	5924	470	5214	5693	1803	4274	2272	3447	2981	4118	2165	3067	6078	1023	110	1240	1837	1266	5155	2290	2837	1372	2342	6038	5079	2550	4134	4368	1925	2115	5608	2934	4256	4872	5046	5694	5739	6105	4809	320	537	4705	3717	1303	2953	4185	6075	4190	493	695	4640	5429	3712	2345	2105	311	820	2396
175	1498	2201	6106	1565	2255	906	2676	2520	3600	3406	821	1753	790	654	2275	1644	110	458	1699	110	1682	506	1791	4056	3696	5841	4887	1988	542	2183	3678	2320	5242	1083	3719	5796	5520	2763	3878	3563	5445	5336	3870	4836	4486	681	2734	2813	728	3723	5679	609	2741	2469	6045	4882	1197	4915	171	910	2509	1152	3127	3486	5081	3702	5849	965	5764	191	4140	6085	5511	5431	560	1191	3970	1353	3520	4588	5301	3530	2666	2259	3196	931	2978	3033	1712	4164	4329	4076	5458	5137	5950	2466	3918	1169	5790	1551	1391	496	753	5733	5995	1942	4499	2316	291	4186
2478	5350	2869	1565	6106	1982	4288	3396	5476	4934	5454	1442	4602	5515	2630	4163	164	5824	2994	5385	2636	4455	5477	3813	5583	4977	2691	277	4194	5917	4789	2947	3375	809	481	1755	3397	1934	1202	3936	1815	4334	1203	1693	4155	1864	4926	1218	2951	2972	3854	2442	3042	4879	4586	3471	2857	4062	947	2489	2265	3409	1740	1419	1683	3688	4898	110	2985	742	5689	488	300	1737	2633	660	5412	5033	648	110	1921	1635	781	5415	1810	6008	895	3413	3279	1225	5673	2804	3287	5255	3314	1416	1019	3329	3212	2888	3799	2122	4322	1998	2861	2970	3332	5121	5947	3720	1313
4527	4512	4781	2255	1982	6106	6031	3108	5333	2375	5310	4886	651	1157	3339	4051	5428	2353	1741	1306	822	581	1689	3781	2133	1638	5272	2471	3495	4464	1959	3091	1818	5317	1796	1960	3451	1714	3721	4814	4347	4170	2896	5045	2559	6014	3242	3470	3317	2971	626	5330	1352	4069	1766	730	1363	4249	769	2131	3905	345	926	3541	3006	110	5762	3493	855	3849	4597	1444	4589	640	2847	4272	5237	3805	1861	3054	1423	5784	3337	2969	3538	4057	5044	2788	4650	3036	4028	2024	531	2258	860	2728	4950	4095	3080	4997	2512	799	2000	2946	3764	1605	4251	1518	3778	3284	2236
1944	2285	4476	906	4288	6031	6106	1627	4976	4956	3939	509	2976	4019	2626	3093	2519	5359	2155	2607	5207	2089	4191	797	5504	1528	110	2095	521	716	4971	3876	3738	3533	2399	2382	2968	1981	5162	3014	3017	630	166	5589	3647	110	2239	5240	3733	564	3633	3105	1560	5185	114	2772	1052	5219	5831	1360	4133	543	622	1812	4271	3288	1585	2364	1496	758	1291	4316	1246	2078	5664	817	1106	4221	151	4092	3044	5264	5203	3041	1085	3699	2203	682	3731	4487	4094	5486	1070	4367	4577	3829	538	5138	1186	5139	4406	1044	1926	3851	1079	3434	3070	224	922	577	5129
5798	1824	3172	2676	3396	3108	1627	6106	1606	2982	2860	869	3529	5983	359	2027	172	5197	5119	1004	691	364	5904	3832	1053	2798	3150	788	4961	3655	219	1857	4296	4819	3793	1838	110	3296	2756	3056	5516	3944	3591	4308	3210	4536	4039	3039	3585	2685	2132	1210	1443	2441	2015	5061	1726	752	2979	1961	2440	2085	2372	4397	3777	5984	5643	5041	2181	4730	5098	891	2766	1273	1654	5727	2145	4079	5182	4425	3220	4104	4548	5023	3349	3983	5991	4514	4757	3185	1871	5505	4443	785	5818	4620	620	5756	841	2645	1773	3027	5855	1933	3789	680	5495	490	4363	5871	1181
4616	4885	2986	2520	5476	5333	4976	1606	6106	1685	2786	4561	2959	3645	5227	1517	5399	3864	110	5008	1386	2369	5221	1111	1330	2601	619	5308	2511	2575	3938	6057	4795	5280	5773	1618	4769	4565	4441	1522	2644	761	4946	3158	4449	3381	4609	5915	1495	2502	1505	3546	4478	3147	3746	5938	3780	2738	3004	4385	2003	1207	1411	784	3275	1708	2338	2595	287	898	3211	307	4657	2406	4763	2433	1277	1490	336	1548	583	3462	2589	4691	1727	655	5715	5423	1347	5430	3915	5803	4344	2801	5462	3912	1792	2479	4929	1863	3422	505	2292	1540	4065	4282	2142	5260	5184	667	3759
3168	4189	561	3600	4934	2375	4956	2982	1685	6106	3830	4046	2232	5012	2577	2574	5159	2984	4036	1500	3743	5879	5278	1881	3264	5698	110	5145	2895	4025	4266	5918	1788	4393	4746	708	3225	4894	4231	1177	3376	3063	3226	5422	756	5760	557	1430	4283	6061	1160	4091	3000	1830	1025	306	2177	4980	1239	3725	1017	2104	502	344	3706	4207	3391	2884	835	1260	179	250	5846	1356	4664	1380	5446	5378	1027	2231	384	5113	4218	5535	4136	3913	110	3839	2405	2407	533	2561	2777	2654	6035	3239	5884	1572	3767	2699	1472	4060	705	1434	3783	4432	4701	5152	5283	4676	2217
4423	6079	110	3406	5454	5310	3939	2860	2786	3830	6106	5151	3615	4260	4921	953	373	5839	148	432	2335	652	3505	3309	2503	3057	969	1834	3940	4364	3155	2318	5814	4840	110	2537	4544	3197	4444	633	3022	3454	5912	4442	1526	1076	1104	3982	6025	2765	4498	2848	3374	3294	5940	6042	184	696	5341	1307	5600	3245	2641	4440	3634	3632	4869	1407	4038	3316	793	3116	2905	290	5758	1072	2963	2390	1826	804	3648	115	110	4799	4489	2017	2206	3642	5007	2911	5795	1196	3816	1045	5870	916	4480	4015	889	4006	3297	5328	1328	5452	5306	4938	4704	5110	1435	2358	4900
144	4668	2315	821	1442	4886	509	869	4561	4046	5151	6106	1993	1746	2356	4983	5741	3492	3201	5346	1069	4663	1633	2991	4914	3438	3516	5133	2536	430	1028	4984	3254	2735	3301	5946	1709	1646	4131	833	3726	694	5228	2094	1066	4689	112	5460	5208	5609	4611	5530	4666	3089	2494	484	2811	743	5263	3904	428	242	2894	5349	3137	3819	5903	2058	3187	4800	5176	4358	5013	110	3019	4707	1506	4901	3308	486	885	3377	4115	456	5791	2915	3686	1424	1643	4521	1179	195	1143	2110	3782	2683	5106	2337	110	2530	3087	2349	3263	4610	3924	2762	1026	1970	802	1946	2434
3603	2169	4461	1753	4602	651	2976	3529	2959	2232	3615	1993	6106	1373	4793	4370	2812	908	4415	529	5654	1694	6036	288	714	4642	1822	2121	4252	1110	4643	1275	4462	4435	4075	1899	1382	3165	5165	5518	1758	253	5244	1914	3435	2083	4862	2351	5405	1786	3713	4649	4096	2774	1322	1183	1010	2248	2532	4371	2134	3532	407	2245	5287	5655	4993	1115	2528	4111	5757	5076	2005	3852	5709	5048	5614	2097	2347	2178	4904	700	5581	110	1744	5377	2474	4828	791	3439	5732	3307	4436	4762	4429	508	4936	2254	992	225	2123	2591	3442	2025	3393	4535	3151	5579	5857	2208	4315
5239	1575	1584	790	5515	1157	4019	5983	3645	5012	4260	1746	1373	6106	5186	952	323	1913	3357	110	3010	3362	6098	1013	2874	942	2451	2386	3144	5289	2026	1943	571	584	4906	3774	272	1545	924	110	3364	1858	4675	4243	4383	5084	2583	2189	3739	2566	110	814	1000	2668	5271	227	408	4820	5028	2830	3958	5526	2436	443	1636	2836	5450	5114	3161	4453	1533	3946	2652	3544	3957	4833	5189	1877	5767	5994	1911	3584	2851	332	3806	5115	5771	3198	852	1412	4849	2066	650	113	5914	4736	2764	1527	3107	220	3908	2149	643	629	1491	3711	843	4047	339	5743	846
4035	4373	4672	654	2630	3339	2626	359	5227	2577	4921	2356	4793	5186	6106	2634	3975	1701	4516	1406	2604	1249	143	3483	379	946	4587	3636	4082	3573	839	2106	3977	1274	3343	844	6006	3709	2705	827	2679	2113	767	4412	539	4751	110	129	4614	1282	1731	3333	2656	5990	4741	5604	3217	5788	2109	5931	4713	205	1285	1133	576	3850	4361	1576	3531	1813	2672	338	2334	4320	3457	598	124	1742	5440	1212	2642	1414	4275	3635	4071	3110	5863	3132	4955	222	5489	5711	3129	4817	3085	5543	1885	4924	3502	921	996	5488	707	2588	4685	6071	2224	465	4827	2426	2148
5375	2998	2602	2275	4163	4051	3093	2027	1517	2574	953	4983	4370	952	2634	6106	5667	5835	4737	1245	5862	1588	2346	3795	4538	2010	2585	2675	5998	194	4086	3043	4822	2614	4615	2392	167	5143	4834	305	2060	5934	3602	845	1184	450	2299	1647	808	1164	3897	850	1335	1523	2424	4061	5372	3046	1510	4332	674	5031	4551	4766	6062	3579	2297	409	4531	3369	298	4366	378	3166	5640	415	1465	296	4853	1091	5822	5682	1339	1846	2075	3787	2833	4617	3266	726	2344	1051	3707	110	5653	3901	5509	3310	5397	5607	5481	4784	5226	5052	5150	358	2154	2790	1237	5783	5533
2663	4324	3802	1644	164	5428	2519	172	5399	5159	373	5741	2812	323	3975	5667	6106	2185	1073	5320	3472	3120	4132	3933	1499	1096	4958	4250	4510	5770	3361	363	5367	5785	2303	4897	2461	1902	3174	2223	2175	5002	1667	1968	279	4450	5534	110	5148	5067	2160	471	5650	2805	5356	449	1187	2314	3791	2412	3117	110	989	4957	5736	732	4539	2021	2091	3236	2288	3450	1717	5524	5335	1958	783	2928	5095	5538	2438	3130	787	4523	5942	2623	3569	1264	2819	1057	1842	3436	3378	5556	1456	5144	3879	1851	1872	4257	1021	1252	4966	2594	2620	2053	3427	2810	3461	6050	1304
2879	5528	2140	110	5824	2353	5359	5197	3864	2984	5839	3492	908	1913	1701	5835	2185	6106	596	5807	6007	6102	1597	1459	5465	3474	886	2514	4338	3826	4230	1395	5312	4391	1989	420	190	2821	2754	3561	5774	6096	5384	3549	5248	6068	4237	4644	3383	3681	5922	2997	5775	1331	789	110	4301	2517	1056	5236	448	1930	3071	4468	4089	485	463	3822	1448	4227	5993	2920	2051	1677	2483	5684	4318	4348	5050	2327	2723	2196	3610	4000	5042	4599	5941	5253	477	3576	5124	1200	984	3523	4172	5369	4595	2192	4335	283	2690	2990	5988	1974	840	270	5168	2301	5910	806	1127
4797	3207	1087	458	2994	1741	2155	5119	110	4036	148	3201	4415	3357	4516	4737	1073	596	6106	511	2317	1417	6009	3630	5927	4438	2416	4546	2219	1198	2387	884	3862	568	1823	5215	3874	5812	3565	2293	1098	2068	816	760	4466	1138	403	327	4603	1698	911	1128	1484	4752	4290	2944	2773	4968	3348	2128	3049	2886	1341	4720	6029	1664	3927	4261	1185	1295	1718	3922	5573	2423	5063	110	3365	2919	4407	5307	2955	3744	1003	5928	5905	5911	2722	2721	1879	4576	1205	1146	4124	2147	5056	3152	4905	3567	4142	472	2724	5179	4654	3237	1876	4033	5029	831	4193	5436	2313
5729	1308	526	1699	5385	1306	2607	1004	5008	1500	432	5346	529	110	1406	1245	5320	5807	511	6106	5891	1492	1375	312	5273	2917	5675	238	2631	1901	3401	1354	142	3045	453	212	1350	4010	3446	4517	110	818	4647	110	386	5474	3476	4854	3766	594	4020	3973	6016	2582	2752	3581	5332	2995	1250	3295	5188	1364	3425	319	2960	3884	110	2776	1862	4722	3311	625	2141	3411	241	1214	260	6054	1952	3929	3979	5578	4907	819	3020	943	2936	5810	1458	4839	2545	489	2695	3257	4431	5864	3368	3741	2455	3812	830	1895	3326	800	3873	186	3843	2263	2495	4786	5615
5827	2062	5201	110	2636	822	5207	691	1386	3743	2335	1069	5654	3010	2604	5862	3472	6007	2317	5891	6106	5241	452	5508	1224	5799	5869	2071	3061	416	980	2612	6052	4074	5981	1992	1359	3663	968	4088	1666	1121	4883	2153	3736	2225	6037	6063	5009	5416	1034	1557	2414	2628	5628	5305	5352	5630	2144	231	5820	894	5059	1270	4173	4090	239	4307	5821	4860	1403	3298	4244	3641	5311	932	5893	5537	1736	3823	2543	5936	3136	2332	2750	182	1634	110	1033	5730	4154	110	1222	5030	141	5587	697	870	798	2795	4952	4093	4652	5685	5742	4818	4600	4259	3074	216	5217
5339	3300	3691	1682	4455	581	2089	364	2369	5879	652	4663	1694	3362	1249	1588	3120	6102	1417	1492	5241	6106	1574	4148	5588	4661	5331	702	890	925	2554	5097	2522	110	5414	1042	3998	221	1346	2176	775	126	462	3387	1300	360	520	611	4598	2100	2694	3629	5670	3485	4446	5842	4168	4352	444	2460	4112	4623	5786	2870	974	5053	3662	5710	4410	1428	981	303	2541	3384	153	4747	2664	2247	6051	1567	1170	127	2622	1367	1696	1478	2035	1831	1401	4286	2937	5939	1165	2599	3751	2472	1586	5564	1405	5083	1473	4241	425	1651	2627	1964	4343	4380	468	5960	3414
5930	5866	2726	506	5477	1689	4191	5904	5221	5278	3505	1633	6036	6098	143	2346	4132	1597	6009	1375	452	1574	6106	5850	2655	1724	1790	2608	2902	4677	3026	1804	2013	570	1230	4346	385	5704	1945	3867	5844	492	3536	3875	983	1445	5015	4351	1509	6040	1707	3893	4618	1778	6103	836	1486	2291	3920	863	4830	3776	2881	1756	2909	2041	1018	4376	693	475	4408	2117	455	2266	110	2186	177	3993	2598	729	2827	1579	5418	4584	1092	1662	2715	599	2736	2360	248	1918	1035	4985	661	5599	3790	110	5889	3595	1404	5658	2037	3273	2384	2226	690	3163	5036	4177	5551
110	2170	958	1791	3813	3781	797	3832	1111	1881	3309	2991	288	1013	3483	3795	3933	1459	3630	312	5508	4148	5850	6106	866	4219	1135	1721	1427	1154	2493	5501	2328	1321	3405	1884	1195	4278	5286	1201	4201	5075	5394	1447	1349	1161	3894	2437	2576	5572	638	5848	2555	4987	3643	2716	4137	4880	1903	3018	2507	2298	2657	513	1578	5586	2687	3259	6041	985	2284	1178	1787	4768	2820	5442	2793	4009	2596	4214	110	721	3156	2171	5116	491	5395	1061	1966	2803	5559	523	356	5319	1897	2962	1581	5180	628	3880	4162	6039	3835	1248	446	5754	792	329	1594	2940	1077
2126	1504	4812	4056	5583	2133	5504	1053	1330	3264	2503	4914	714	2874	379	4538	1499	5465	5927	5273	1224	5588	2655	866	6106	6097	4641	4445	2553	3856	613	2524	1441	4673	4284	5293	754	5647	2918	3078	3440	1962	3801	2785	1384	2172	3697	365	2182	4594	3910	2899	1821	3143	5690	1455	2505	4246	1725	2796	4291	5580	2961	5282	4688	1763	3491	4204	4552	4949	4502	2197	1611	1793	1015	162	354	3590	5549	518	2700	2352	110	3234	545	2770	4328	3412	1582	5692	2952	1684	4081	1489	5642	132	410	5294	5907	2781	5575	3771	2034	5376	480	4303	1037	1233	5455	2193	3885
2366	5300	624	3696	4977	1638	1528	2798	2601	5698	3057	3438	4642	942	946	2010	1096	3474	4438	2917	5799	4661	1724	4219	6097	6106	5250	534	5616	4059	3837	4145	118	5229	5213	5665	2646	6093	1994	4078	1080	6021	110	2135	2084	510	1311	4557	2415	3859	5389	4790	2872	2079	900	1624	2877	2617	4398	3796	342	1325	3353	3431	2114	2942	1799	4295	2523	4764	5275	3459	2941	1213	4629	3545	367	2439	735	2692	3592	2323	4569	294	4856	1655	427	5154	5624	5058	5153	197	4660	5171	919	4679	2957	117	1816	5514	264	2370	2720	3278	3121	4206	3081	1413	5425	882	683
823	5368	2993	5841	2691	5272	110	3150	619	110	969	3516	1822	2451	4587	2585	4958	886	2416	5675	5869	5331	1790	1135	4641	5250	6106	3732	3037	2729	4236	110	5467	4125	5049	964	3432	4276	727	4265	913	5929	3111	1140	525	3466	3386	4772	1761	4978	5136	1199	940	2876	5135	3586	353	5073	4702	1381	3007	2568	587	6046	111	1564	5258	5223	3467	4832	3430	5746	5342	6001	3578	2001	5672	1614	341	3494	2578	1298	1460	1688	3954	5735	4909	772	5797	2427	110	149	4825	541	5161	3024	5435	3703	6015	3951	5126	417	328	2640	4161	3930	795	2028	2592	1324	5902
2007	2719	1084	4887	277	2471	2095	788	5308	5145	1834	5133	2121	2386	3636	2675	4250	2514	4546	238	2071	702	2608	1721	4445	534	3732	6106	595	2746	4409	5888	1470	1508	5633	5937	5276	1268	2111	5613	5234	3139	4574	4055	750	1117	1410	5899	532	4058	2101	2447	2276	829	1571	1999	4783	5441	5351	4571	5765	2008	5233	3666	1912	322	3199	5985	3948	3256	4085	600	3160	5032	2067	1229	1757	5688	5100	1617	2096	971	3550	5691	780	5872	2975	1553	3935	3095	494	2233	2102	1639	3941	1546	110	2841	5187	5426	2535	4703	2063	874	2450	868	3753	1967	2826	1722	3860
2065	3665	4208	1988	4194	3495	521	4961	2511	2895	3940	2536	4252	3144	4082	5998	4510	4338	2219	2631	3061	890	2902	1427	2553	5616	3037	595	6106	498	259	5957	2038	6048	4857	4120	1254	2769	3169	3693	5892	649	2210	2527	4948	4083	6072	2829	1342	3354	3552	5178	1485	1531	1900	5128	1860	2444	5316	3500	5170	3785	5676	6083	857	2832	5142	431	4999	110	2958	5652	5249	1301	1922	3099	976	4925	3267	5949	1134	4029	1512	4889	3770	3772	4810	2481	5961	5024	4669	1116	451	771	5321	1466	5232	454	4312	763	2635	5748	285	478	3341	273	3714	1471	4753	4859	548
5963	1760	349	542	5917	4464	716	3655	2575	4025	4364	430	1110	5289	3573	194	5770	3826	1198	1901	416	925	4677	1154	3856	4059	2729	2746	498	6106	5510	1312	4590	2709	5090	2855	4294	1217	1715	4508	4495	3716	1262	3612	2103	1809	2431	196	4567	309	5593	1247	1774	1493	5020	3824	1393	3768	972	2159	2624	4683	503	318	2012	6069	4910	607	1592	3417	110	2701	3177	3229	3909	6023	1521	4687	1874	5238	4568	3547	2573	2402	5077	3062	1112	5649	110	5284	3821	1340	5555	6086	110	2409	4651	959	5699	3742	159	1681	3420	1365	116	1426	5954	4144	265	4027	2468
5512	1938	2395	2183	4789	1959	4971	219	3938	4266	3155	1028	4643	2026	839	4086	3361	4230	2387	3401	980	2554	3026	2493	613	3837	4236	4409	259	5510	6106	718	3218	5313	2717	2435	824	3673	5778	5014	3086	4788	1002	5634	3925	5720	5632	967	1244	5787	1101	4931	2020	677	3866	923	3855	383	2417	110	5951	5158	6101	4401	466	955	3926	871	5068	395	2162	4119	5492	2533	4399	5304	3291	3083	5371	5453	1055	3619	875	3286	826	2394	1854	3250	5565	4160	2822	2322	3542	2302	5813	402	5576	174	2373	2569	4196	5340	3238	200	5410	1344	1226	5521	4305	1887	2419
2945	5804	4564	3678	2947	3091	3876	1857	6057	5918	2318	4984	1275	1943	2106	3043	363	1395	884	1354	2612	5097	1804	5501	2524	4145	110	5888	5957	1312	718	6106	519	110	3555	163	3519	725	1979	5163	4727	476	4671	3804	4920	765	1030	5908	479	435	5392	5968	4708	5483	3005	1065	4838	110	3689	4500	1261	3429	3773	347	2019	390	2713	3013	2268	5216	4851	1271	737	3668	3898	3274	4167	4372	3490	3560	5909	5859	1795	6066	1193	4297	1231	4460	2771	1265	3588	4210	4778	4426	2610	3748	2116	1483	3568	4684	1850	120	3945	5006	4277	3179	669	3119	3589	1703	4606
5750	2873	515	2320	3375	1818	3738	4296	4795	1788	5814	3254	4462	571	3977	4822	5367	5312	3862	142	6052	2522	2013	2328	1441	118	5467	1470	2038	4590	3218	519	6106	3557	4540	247	5900	1299	6080	3761	5252	2901	719	903	5302	759	1573	235	5631	4532	1041	5065	512	6004	2587	634	5055	2784	2584	2992	5005	139	585	6070	3769	961	957	4760	5603	621	1220	602	2686	3848	3661	2260	4485	5782	623	4580	5478	5404	110	1147	960	1619	1494	1954	392	4821	4848	1075	1764	2497	5865	4579	641	3227	5545	1074	2042	3402	3599	5193	5487	1625	5568	6104	5531	2158	3224
1439	2880	1769	5242	809	5317	3533	4819	5280	4393	4840	2735	4435	584	1274	2614	5785	4391	568	3045	4074	110	570	1321	4673	5229	4125	1508	6048	2709	5313	110	3557	6106	3142	2199	5096	1739	1601	3206	230	5674	5868	1890	2180	4437	4759	3895	6073	1798	2391	5680	2377	1649	3215	5191	3076	3399	5974	5874	400	3803	2542	4944	5018	1090	3034	4940	4273	5363	1980	5493	2411	4871	3303	4981	5932	5466	4395	4927	504	2816	1811	832	2138	1836	3809	3352	1145	3424	3627	1153	723	5641	665	4439	4392	3682	5594	5845	4646	4482	776	803	1975	5832	2908	1782	3872	5793	4710
1223	3395	1754	1083	481	1796	2399	3793	5773	4746	110	3301	4075	4906	3343	4615	2303	1989	1823	453	5981	5414	1230	3405	4284	5213	5049	5633	4857	5090	2717	3555	4540	3142	6106	5956	4494	3253	909	1125	1039	2513	3195	1525	764	422	1078	1221	3075	1748	4157	1031	2076	4563	2408	1082	5745	1114	2818	3727	686	3243	388	4560	1235	4240	1603	474	1302	4113	399	1711	1433	5638	3628	1898	1067	5987	1060	3200	1820	688	4317	2240	6094	2767	2452	3180	3807	704	4417	181	110	5054	1480	5781	110	851	2842	2650	4693	1939	4026	3631	3388	4484	3157	1991	5449	2490	4963
5847	1641	5362	3719	1755	1960	2382	1838	1618	708	2537	5946	1899	3774	844	2392	4897	420	5215	212	1992	1042	4346	1884	5293	5665	964	5937	4120	2855	2435	163	247	2199	5956	6106	3023	4513	1524	963	2454	1542	1107	4037	2558	1488	1772	5190	1937	2448	3302	536	1657	2009	1805	4030	4969	2300	2194	4725	4662	5403	3685	2883	4628	2744	4225	671	110	3480	1049	145	2050	1449	2501	2367	125	2184	5707	1243	4245	1794	4852	3327	569	1469	4018	4553	236	2996	3919	5896	4543	411	616	778	1538	1986	4491	2964	1113	4384	5222	5037	3833	4636	5717	3994	4298	2339	4653
4723	5744	987	5796	3397	3451	2968	110	4769	3225	4544	1709	1382	272	6006	167	2461	190	3874	1350	1359	3998	385	1195	754	2646	3432	5276	1254	4294	824	3519	5900	5096	4494	3023	6106	110	1227	1358	161	3276	257	1446	636	2282	3084	5749	1997	2496	4780	5635	4323	3426	2673	2648	5776	2081	1789	3498	2581	110	4678	3186	3597	994	3118	5101	5945	644	439	4205	121	3065	2014	3252	5281	3961	2195	4738	317	4130	617	5391	3125	1566	4459	3614	4922	4695	5326	1283	2281	3616	5811	566	3293	2099	915	4034	4311	4247	3987	4040	4816	2188	2525	837	5639	2913	3984
848	366	5457	5520	1934	1714	1981	3296	4565	4894	3197	1646	3165	1545	3709	5143	1902	2821	5812	4010	3663	221	5704	4278	5647	6093	4276	1268	2769	1217	3673	725	1299	1739	3253	4513	110	6106	5977	2718	4715	811	888	4400	459	4183	4188	1537	3882	3931	978	3272	5584	1175	2287	1130	2506	516	2653	3456	950	2737	4919	5117	5554	5108	4451	5026	3223	2273	3690	3613	1770	4875	382	2163	3408	4052	2073	5093	5590	3644	4923	4533	6028	4805	4292	4945	2022	4497	1272	601	2871	1530	4481	2242	1046	1450	5527	3842	4389	3050	1909	5816	3175	1976	3146	297	469	4975	3271
5935	4233	2615	2763	1202	3721	5162	2756	4441	4231	4444	4131	5165	924	2705	4834	3174	2754	3565	3446	968	1346	1945	5286	2918	1994	727	2111	3169	1715	5778	1979	6080	1601	909	1524	1227	5977	6106	5118	5571	4360	3757	4232	1856	1674	6056	5323	1931	1431	1558	1956	2611	6026	1875	3887	199	990	4339	357	1241	5867	2069	4991	5057	5794	4876	1387	4428	5779	3611	1894	1142	122	4488	1232	5292	178	5470	3100	3415	4222	3517	2443	1102	5714	3465	1118	1059	2562	854	734	1336	110	3190	434	4377	5439	2797	3792	3015	2846	2234	3101	1844	3680	4811	4998	4281	5120	246
274	1865	2087	3878	3936	4814	3014	3056	1522	1177	633	833	5518	110	827	305	2223	3561	2293	4517	4088	2176	3867	1201	3078	4078	4265	5613	3693	4508	5014	5163	3761	3206	1125	963	1358	2718	5118	6106	3214	5830	4607	2900	4043	4169	1362	4735	2043	918	1487	6033	5251	3722	1587	1950	5469	3798	110	5617	4604	4632	3478	1630	4404	4176	3745	2651	1541	1388	258	876	5550	2731	4390	2499	2011	3985	982	1743	110	1151	1511	1883	321	3840	3334	1234	1258	1867	5964	5407	5916	1642	243	2852	2336	5047	2529	5080	3667	2086	3189	1589	2274	2129	5417	4353	5826	2950	2669
5329	497	2215	3563	1815	4347	3017	5516	2644	3376	3022	3726	1758	3364	2679	2060	2175	5774	1098	110	1666	775	5844	4201	3440	1080	913	5234	5892	4495	3086	4727	5252	230	1039	2454	161	4715	5571	3214	6106	2563	3639	2054	4099	5491	3677	825	1095	3794	522	3230	610	4807	2213	5353	4873	2229	4386	1296	2168	3921	4496	2897	5382	2613	1251	414	593	5566	4448	2484	5716	4121	3342	1438	269	5683	4530	3410	1334	507	4387	724	631	5513	2269	4656	5801	2704	4972	1369	5502	4519	4728	5360	3419	3162	865	2166	1415	4199	1797	2006	741	4336	3188	3683	343	2965	2565
642	3513	2030	5445	4334	4170	630	3944	761	3063	3454	694	253	1858	2113	5934	5002	6096	2068	818	1121	126	492	5075	1962	6021	5929	3139	649	3716	4788	476	2901	5674	2513	1542	3276	811	4360	5830	2563	6106	2693	5887	346	377	2321	3021	6090	4888	3248	4770	782	3181	5202	3323	3847	4135	6010	4801	998	3883	3134	136	447	202	3299	2943	3906	4870	5923	2518	4608	4359	5459	4633	3047	1855	5522	4103	5660	592	370	147	3598	2778	1907	2456	5038	5016	1126	1099	658	2557	249	3330	5432	5619	110	5279	1048	376	1535	685	5644	4279	675	4212	2018	262	5852
2868	1063	1735	5336	1203	2896	166	3591	4946	3226	5912	5228	5244	4675	767	3602	1667	5384	816	4647	4883	462	3536	5394	3801	110	3111	4574	2210	1262	1002	4671	719	5868	3195	1107	257	888	3757	4607	3639	2693	6106	1228	3937	2659	4490	6095	3735	292	2064	1595	193	1432	3507	4263	3002	2388	5585	5400	1122	5815	445	1951	5034	1908	2916	4042	2791	5109	4394	589	6076	2397	864	185	2515	2350	429	110	604	4559	3815	3606	5986	3583	3346	4064	3038	2023	5972	1917	4823	2487	4098	3838	2759	110	3340	2597	3760	3964	2907	4843	1852	1332	4149	2220	3701	2267	5979
590	3827	4794	3870	1693	5045	5589	4308	3158	5422	4442	2094	1914	4243	4412	845	1968	3549	760	110	2153	3387	3875	1447	2785	2135	1140	4055	2527	3612	5634	3804	903	1890	1525	4037	1446	4400	4232	2900	2054	5887	1228	6106	223	5780	4220	3758	263	5140	1645	3671	1839	1983	1058	893	4331	173	2119	701	4264	4719	1109	5943	110	933	2179	1209	3031	4724	2429	1029	1583	544	3548	4841	1691	393	2252	1279	670	1552	3534	2800	5386	361	1288	646	2733	6074	1236	3128	2044	4585	433	3359	1985	3684	1814	5421	1622	1323	5374	5245	3035	2355	2343	3204	3141	5196	183
4846	3788	2546	4836	4155	2559	3647	3210	4449	756	1526	1066	3435	4383	539	1184	279	5248	4466	386	3736	1300	983	1349	1384	2084	525	750	4948	2103	3925	4920	5302	2180	764	2558	636	459	1856	4043	4099	346	3937	223	6106	4638	110	6020	4698	4369	1536	4750	3124	5261	2112	4419	3382	6087	3949	5755	3433	5025	4016	276	954	1343	1687	892	779	663	4171	5347	2383	3453	5828	5230	4310	1497	1678	4032	2090	3674	999	2732	672	1280	1728	3525	412	2560	4382	4054	4077	2696	5315	2329	158	2040	110	578	3282	4745	1534	252	5147	3233	5944	4001	169	4123	4483
2150	3344	2727	4486	1864	6014	110	4536	3381	5760	1076	4689	2083	5084	4751	450	4450	6068	1138	5474	2225	360	1445	1161	2172	510	3466	1117	4083	1809	5720	765	759	4437	422	1488	2282	4183	1674	4169	5491	377	2659	5780	4638	6106	4067	4053	3394	3620	1180	4226	4699	6099	423	2465	5726	2758	3366	2491	2889	1385	5980	4884	1547	2118	2760	4943	4791	5602	4215	3779	689	4686	927	3729	5582	1211	4350	2492	975	1040	774	2485	2521	3240	4151	2420	3484	3730	1081	209	5853	397	2498	1781	5160	3868	5125	4327	2279	5206	4541	3441	3607	5646	3318	2580	3810	110	3268
2749	2398	5880	681	4926	3242	2239	4039	4609	557	1104	112	4862	2583	110	2299	5534	4237	403	3476	6037	520	5015	3894	3697	1311	3386	1410	6072	2431	5632	1030	1573	4759	1078	1772	3084	4188	6056	1362	3677	2321	4490	4220	110	4067	6106	4355	5134	2924	3754	2935	3511	3213	2446	4109	2625	3149	2256	1550	4405	2885	4761	5885	5625	3928	4456	154	4709	6017	1759	2882	2157	2677	4912	6034	460	155	375	4874	514	4692	3167	2207	3890	3572	4433	1436	1600	6060	914	3670	3637	2393	614	261	635	4100	1697	5708	1397	849	711	5473	3159	2665	138	5777	4023	5618	5343
5996	3553	5967	2734	1218	3470	5240	3039	5915	1430	3982	5460	2351	2189	129	1647	110	4644	327	4854	6063	611	4351	2437	365	4557	4772	5899	2829	196	967	5908	235	3895	1221	5190	5749	1537	5323	4735	825	3021	6095	3758	6020	4053	4355	6106	5461	1984	1607	4928	1738	4670	3814	4319	3844	1733	1612	2904	4217	405	1973	1259	2333	2278	4937	1889	3526	4994	4068	5198	4696	5636	4578	5834	4503	4954	3221	3003	2680	4013	4624	524	5873	5398	5247	2253	2039	647	2056	5598	5496	1549	232	4798	4454	5921	3032	2286	3479	5380	3403	3891	2449	2257	295	3947	5761	5060	369
4681	4802	1695	2813	2951	3317	3733	3585	1495	4283	6025	5208	5405	3739	4614	808	5148	3383	4603	3766	5009	4598	1509	2576	2182	2415	1761	532	1342	4567	1244	479	5631	6073	3075	1937	1997	3882	1931	2043	1095	6090	3735	263	4698	3394	5134	5461	6106	340	1294	289	5194	2463	1965	1166	1650	1800	1215	5753	499	861	2779	3283	3496	4293	912	3705	4974	3504	3695	4908	4749	5725	110	3277	3173	2725	4280	4021	1729	4726	1390	5989	441	1637	746	740	4550	5605	1171	4122	1088	4534	1119	5703	165	268	4127	2616	3468	5085	3008	4892	668	3656	5218	928	762	5211	3228
2730	4421	3072	728	2972	2971	564	2685	2502	6061	2765	5609	1786	2566	1282	1164	5067	3681	1698	594	5416	2100	6040	5572	4594	3859	4978	4058	3354	309	5787	435	4532	1798	1748	2448	2496	3931	1431	918	3794	4888	292	5140	4369	3620	2924	1984	340	6106	3418	5558	951	6077	3319	2457	2875	5823	330	3845	2361	3098	966	973	237	2445	6013	4890	2809	5769	2948	4732	4326	6088	1873	1590	2146	4774	2306	5204	4803	4479	5122	3527	5738	5338	4593	4003	4416	1957	1752	810	326	5913	3955	3989	110	5246	1378	3028	4529	4197	3853	325	5570	3521	3640	4858	736	937	1481
805	3566	2839	3723	3854	626	3633	2132	1505	1160	4498	4611	3713	110	1731	3897	2160	5922	911	4020	1034	2694	1707	638	3910	5389	5136	2101	3552	5593	1101	5392	1041	2391	4157	3302	4780	978	1558	1487	522	3248	2064	1645	1536	1180	3754	1607	1294	3418	6106	3750	1400	1144	5314	214	3869	4253	4528	4773	380	1453	5064	5662	4505	3554	5172	2708	1910	3817	939	5695	3358	4156	2632	2526	3102	110	3469	4463	2710	1337	3126	2488	5763	2137	4414	4911	4935	324	656	5976	1841	3950	5766	1462	4005	3153	1001	1593	2174	4896	4403	699	3992	4792	4342	4066	2838	5265	3219
1745	110	4899	5679	2442	5330	3105	1210	3546	4091	2848	5530	4649	814	3333	850	471	2997	1128	3973	1557	3629	3893	5848	2899	4790	1199	2447	5178	1247	4931	5968	5065	5680	1031	536	5635	3272	1956	6033	3230	4770	1595	3671	4750	4226	2935	4928	289	5558	3750	6106	1290	2143	2751	2198	4354	698	3184	5706	5040	5021	1123	1464	944	5808	5966	3963	3371	3765	1429	2954	1309	1749	5894	5506	4864	4674	5843	5243	1036	2120	2354	5999	1658	2294	3911	6011	1297	5069	4777	2002	1194	2304	2212	4267	1276	4785	5721	1238	1561	3421	2534	110	2649	5000	5318	4829	4306	582	2473
1888	5199	777	609	3042	1352	1560	1443	4478	3000	3374	4666	4096	1000	2656	1335	5650	5775	1484	6016	2414	5670	4618	2555	1821	2872	940	2276	1485	1774	2020	4708	512	2377	2076	1657	4323	5584	2611	5251	610	782	193	1839	3124	4699	3511	1738	5194	951	1400	1290	6106	6053	2125	2262	1776	2698	6064	715	948	110	664	4970	5829	110	6012	597	3694	1437	4158	1129	4893	110	528	4504	1020	5074	2987	4881	3980	2989	5231	176	4865	555	3312	3986	549	5434	4434	1420	3360	2227	2200	2639	6047	5322	2070	2887	4680	608	3473	1713	3676	1808	988	4072	215	110	110
4645	4216	5924	2741	4879	4069	5185	2441	3147	1830	3294	3089	2774	2668	5990	1523	2805	1331	4752	2582	2628	3485	1778	4987	3143	2079	2876	829	1531	1493	677	5483	6004	1649	4563	2009	3426	1175	6026	3722	4807	3181	1432	1983	5261	6099	3213	4670	2463	6077	1144	2143	6053	6106	1370	1598	110	2400	5659	1047	5681	278	556	3315	5174	156	3999	591	4612	4635	1173	3176	168	2139	2828	110	110	1150	2787	5175	3710	110	1009	4087	5370	5112	1870	1514	3522	6043	192	5401	2808	5965	3066	4117	5532	4102	880	5840	302	4248	208	5288	2807	562	5027	3960	2863	1768	2714
4105	858	470	2469	4586	1766	114	2015	3746	1025	5940	2494	1322	5271	4741	2424	5356	789	4290	2752	5628	4446	6103	3643	5690	900	5135	1571	1900	5020	3866	3005	2587	3215	2408	1805	2673	2287	1875	1587	2213	5202	3507	1058	2112	423	2446	3814	1965	3319	5314	2751	2125	1370	6106	1896	1482	3559	2794	5438	1777	1457	1972	4665	110	5291	5719	1620	907	2324	483	4667	4697	4518	5982	4549	5544	2418	4507	612	3449	4362	3537	350	4224	1868	5166	2768	3324	1422	4625	2124	4767	5740	5920	4345	3313	3551	119	3653	3571	1845	3322	5130	4129	2850	1318	5713	979	5541	5393
4314	5895	5214	6045	3471	730	2772	5061	5938	306	6042	484	1183	227	5604	4061	449	110	2944	3581	5305	5842	836	2716	1455	1624	3586	1999	5128	3824	923	1065	634	5191	1082	4030	2648	1130	3887	1950	5353	3323	4263	893	4419	2465	4109	4319	1166	2457	214	2198	2262	1598	1896	6106	5601	1892	5975	2467	1953	3510	1093	5035	4465	3660	3836	4962	4108	5070	3865	2136	3570	5225	4474	3423	3858	5181	4847	5192	2564	2926	4179	3260	4084	1452	4973	1940	5167	904	2380	394	5402	3877	229	134	1278	2973	4287	4106	5039	3131	4254	3208	676	4826	495	3305	137	1734	1556
1670	4845	5693	4882	2857	1363	1052	1726	3780	2177	184	2811	1010	408	3217	5372	1187	4301	2773	5332	5352	4168	1486	4137	2505	2877	353	4783	1860	1393	3855	4838	5055	3076	5745	4969	5776	2506	199	5469	4873	3847	3002	4331	3382	5726	2625	3844	1650	2875	3869	4354	1776	110	1482	5601	6106	110	4877	970	3621	3708	5503	527	1008	1418	5825	3194	2618	3058	2684	3968	574	6032	5091	6018	3285	2814	110	751	2544	4868	4575	5388	4721	773	180	2865	3976	5424	5089	1779	2307	1673	5177	1570	3540	5019	440	713	1661	5344	1840	210	5383	1706	553	5569	3428	977	1544
4128	4165	1803	1197	4062	4249	5219	752	2738	4980	696	743	2248	4820	5788	3046	2314	2517	4968	2995	5630	4352	2291	4880	4246	2617	5073	5441	2444	3768	383	110	2784	3399	1114	2300	2081	516	990	3798	2229	4135	2388	173	6087	2758	3149	1733	1800	5823	4253	698	2698	2400	3559	1892	110	6106	3800	2061	308	3508	355	228	1204	3692	1038	2243	5479	2753	2682	3115	3966	5062	1357	1562	1632	4477	6002	1383	2202	4044	4203	4627	5648	6092	5373	2859	3437	3991	5926	3182	1833	856	2571	3811	5705	5212	1919	110	1006	3952	3443	3654	4714	896	995	4835	5861	1906	1519
5104	3258	4274	4915	947	769	5831	2979	3004	1239	5341	5263	2532	5028	2109	1510	3791	1056	3348	1250	2144	444	3920	1903	1725	4398	4702	5351	5316	972	2417	3689	2584	5974	2818	2194	1789	2653	4339	110	4386	6010	5585	2119	3949	3366	2256	1612	1215	330	4528	3184	6064	5659	2794	5975	4877	3800	6106	4631	1394	1716	473	3828	5789	5169	1947	2080	4525	3059	3060	3355	2130	4655	3094	3846	1853	2906	1828	5702	3336	5540	3622	2831	3762	813	1016	1402	4153	4547	3596	559	1915	770	3482	5536	4779	3518	5082	3737	2410	2359	4139	6055	3079	853	5257	4591	603	1520	1137
5003	1257	2272	171	2489	2131	1360	1961	4385	3725	1307	3904	4371	2830	5931	4332	2412	5236	2128	3295	231	2460	863	3018	2796	3796	1381	4571	3500	2159	110	4500	2992	5874	3727	4725	3498	3456	357	5617	1296	4801	5400	701	5755	2491	1550	2904	5753	3845	4773	5706	715	1047	5438	2467	970	2061	4631	6106	3734	3392	2858	5627	4239	6089	4913	5752	1267	6019	282	2925	2621	5669	2817	1024	1163	3114	1425	110	2856	4537	1767	1502	3477	130	2357	2643	828	304	4378	5195	1501	110	873	1467	3604	3528	5103	5997	5309	901	217	110	5722	1263	3497	550	2977	4357	5156
2378	1891	3447	910	2265	3905	4133	2440	2003	1017	5600	428	2134	3958	4713	674	3117	448	3049	5188	5820	4112	4830	2507	4291	342	3007	5765	5170	2624	5951	1261	5005	400	686	4662	2581	950	1241	4604	2168	998	1122	4264	3433	2889	4405	4217	499	2361	380	5040	948	5681	1777	1953	3621	308	1394	3734	6106	5772	5562	280	4837	4452	4520	4325	500	5105	786	5149	482	2059	5906	3164	5406	2205	4152	1371	5661	5561	5071	3786	5490	2368	4073	3281	1652	1806	2825	3499	4024	4114	110	4555	1977	1086	1463	929	2486	2432	2251	733	1532	3138	4831	4815	2046	4255	424
170	3320	2981	2509	3409	345	543	2085	1207	2104	3245	242	3532	5526	205	5031	110	1930	2886	1364	894	4623	3776	2298	5580	1325	2568	2008	3785	4683	5158	3429	139	3803	3243	5403	110	2737	5867	4632	3921	3883	5815	4719	5025	1385	2885	405	861	3098	1453	5021	110	278	1457	3510	3708	3508	1716	3392	5772	6106	1305	1477	684	2689	1932	5298	4648	1923	131	4716	1062	5051	391	5497	1886	5886	2988	299	1068	3370	5953	4960	4107	4964	3390	4573	1132	4211	1149	5361	2277	4457	3246	5663	1692	4467	1503	3651	3191	3133	3718	5800	3535	150	2789	4493	110	4070	4200
1208	4511	4118	1152	1740	926	622	2372	1411	502	2641	2894	407	2436	1285	4551	989	3071	1341	3425	5059	5786	2881	2657	2961	3353	587	5233	5676	503	6101	3773	585	2542	388	3685	4678	4919	2069	3478	4496	3134	445	1109	4016	5980	4761	1973	2779	966	5064	1123	664	556	1972	1093	5503	355	473	2858	5562	1305	6106	6005	3675	3995	1878	3594	5327	1156	3775	110	501	703	4422	2538	419	2579	5131	899	2151	567	5882	4582	418	3455	404	4630	3903	3650	2032	4743	3972	3444	1219	1916	2516	1580	3064	2421	530	920	1479	5819	1461	1628	4141	5420	2033	1315	535
2674	842	2165	3127	1419	3541	1812	4397	784	344	4440	5349	2245	443	1133	4766	4957	4468	4720	319	1270	2870	1756	513	5282	3431	6046	3666	6083	318	4401	347	6070	4944	4560	2883	3186	5117	4991	1630	2897	136	1951	5943	276	4884	5885	1259	3283	973	5662	1464	4970	3315	4665	5035	527	228	3828	5627	280	1477	6005	6106	3077	2211	3398	5925	3053	3112	5285	5004	3831	2927	1629	3608	244	2748	110	5274	5612	189	5266	4202	256	5563	234	637	5408	3700	1690	6082	2310	1206	5355	5262	1604	5507	6091	4182	2246	1392	632	2637	1317	5297	2235	5010	2824	747	639
653	1054	3067	3486	1683	3006	4271	3777	3275	3706	3634	3137	5287	1636	576	6062	5736	4089	6029	2960	4173	974	2909	1578	4688	2114	111	1912	857	2012	466	2019	3769	5018	1235	4628	3597	5554	5057	4404	5382	447	5034	110	954	1547	5625	2333	3496	237	4505	944	5829	5174	110	4465	1008	1204	5789	4239	4837	684	3675	3077	6106	271	4866	6003	3289	4863	744	6049	4097	4309	487	4413	3247	5671	467	4258	1672	110	2270	5620	110	110	2204	2892	3205	2187	1188	1176	941	1543	4659	3969	1843	2586	1963	1454	3338	3249	4333	3351	2055	4729	4592	4411	2938	2802	2711
6067	1935	6078	5081	3688	110	3288	5984	1708	4207	3632	3819	5655	2836	3850	3579	732	485	1664	3884	4090	5053	2041	5586	1763	2942	1564	322	2832	6069	955	390	961	1090	4240	2744	994	5108	5794	4176	2613	202	1908	933	1343	2118	3928	2278	4293	2445	3554	5808	110	156	5291	3660	1418	3692	5169	6089	4452	2689	3995	2211	271	6106	1255	5971	5651	3582	226	1631	3232	1802	3140	2755	3740	4740	4959	3345	3192	554	331	4939	351	4545	1043	3090	4601	2647	4754	2108	2747	1669	316	2702	3888	2609	3669	3934	755	1948	5712	6059	1750	3489	1904	3135	1515	4515	5337
3917	4012	1023	3702	4898	5762	1585	5643	2338	3391	4869	5903	4993	5450	4361	2297	4539	463	3927	110	239	3662	1018	2687	3491	1799	5258	3199	5142	4910	3926	2713	957	3034	1603	4225	3118	4451	4876	3745	1251	3299	2916	2179	1687	2760	4456	4937	912	6013	5172	5966	6012	3999	5719	3836	5825	1038	1947	4913	4520	1932	1878	3398	4866	1255	6106	2190	1286	1751	5087	2348	1653	421	3886	5334	2921	2939	251	2923	4418	3728	4562	4289	2866	1100	1399	3051	4388	1602	2845	5099	4181	4470	2540	2283	1577	2325	201	2093	1361	4235	2289	5851	1730	5094	5747	5141	372	5254	389
606	4583	110	5849	110	3493	2364	5041	2595	2884	1407	2058	1115	5114	1576	409	2021	3822	4261	2776	4307	5710	4376	3259	4204	4295	5223	5985	431	607	871	3013	4760	4940	474	671	5101	5026	1387	2651	414	2943	4042	1209	892	4943	154	1889	3705	4890	2708	3963	597	591	1620	4962	3194	2243	2080	5752	4325	5298	3594	5925	6003	5971	2190	6106	1936	4471	5897	2603	4469	4522	4787	3863	2425	1704	1216	3512	3016	4234	2462	4304	812	4424	4475	1996	3290	2606	4717	5878	5433	3030	4506	5296	2371	1995	3515	4765	5066	794	4953	4458	4558	1663	5256	2311	5396	5451	1476
3331	3251	1240	965	2985	855	1496	2181	287	835	4038	3187	2528	3161	3531	4531	2091	1448	1185	1862	5821	4410	693	6041	4552	2523	3467	3948	4999	1592	5068	2268	5603	4273	1302	110	5945	3223	4428	1541	593	3906	2791	3031	779	4791	4709	3526	4974	2809	1910	3371	3694	4612	907	4108	2618	5479	4525	1267	500	4648	5327	3053	3289	5651	1286	1936	6106	2326	5102	3328	3704	2745	1124	4375	1162	293	1421	3932	2249	3605	5299	4570	902	717	3073	3896	4813	5621	4566	1905	4501	5475	426	3747	1050	4758	3280	2761	5919	6058	110	2706	586	1108	2241	2413	4268	731	3861
4861	2890	1837	5764	742	3849	758	4730	898	1260	3316	4800	4111	4453	1813	3369	3236	4227	1295	4722	4860	1428	475	985	4949	4764	4832	3256	110	3417	395	5216	621	5363	4113	3480	644	2273	5779	1388	5566	4870	5109	4724	663	5602	6017	4994	3504	5769	3817	3765	1437	4635	2324	5070	3058	2753	3059	6019	5105	1923	1156	3112	4863	3582	1751	4471	2326	6106	627	3183	4213	1827	2250	4706	1621	275	5205	1374	2482	1920	110	4842	5409	2173	5952	834	2305	2930	1880	1398	2678	4965	1866	314	396	3068	3148	1859	1599	5088	4031	5499	3617	5173	2843	5092	413	1990	4229
1615	2341	1266	191	5689	4597	1291	5098	3211	179	793	5176	5757	1533	2672	298	2288	5993	1718	3311	1403	981	4408	2284	4502	5275	3430	4085	2958	110	2162	4851	1220	1980	399	1049	439	3690	3611	258	4448	5923	4394	2429	4171	4215	1759	4068	3695	2948	939	1429	4158	1173	483	3865	2684	2682	3060	282	786	131	3775	5285	744	226	5087	5897	5102	627	6106	1516	4041	687	3096	1148	3916	5259	3652	4374	5107	4430	2031	1817	4302	2363	1097	4472	1256	4022	5267	6022	2430	3055	3103	3178	5890	2780	1475	2238	5269	3752	4982	4341	4180	2362	6084	1700	4622	2389	1131
3601	1591	5155	4140	488	1444	4316	891	307	250	3116	4358	5076	3946	338	4366	3450	2920	3922	625	3298	303	2117	1178	2197	3459	5746	600	5652	2701	4119	1271	602	5493	1711	145	4205	3613	1894	876	2484	2518	589	1029	5347	3779	2882	5198	4908	4732	5695	2954	1129	3176	4667	2136	3968	3115	3355	2925	5149	4716	110	5004	6049	1631	2348	2603	3328	3183	1516	6106	2548	3967	4989	4175	3356	3959	4402	1351	949	2470	5637	3404	2980	2671	4596	4613	4986	5817	2237	739	5696	1719	5324	1284	1610	5962	2082	4262	1686	110	4159	438	1089	2330	5838	3363	3373	1559	2379
3900	1289	2290	6085	300	4589	1246	2766	4657	5846	2905	5013	2005	2652	2334	378	1717	2051	5573	2141	4244	2541	455	1787	1611	2941	5342	3160	5249	3177	5492	737	2686	2411	1433	2050	121	1770	1142	5550	5716	4608	6076	1583	2383	689	2157	4696	4749	4326	3358	1309	4893	168	4697	3570	574	3966	2130	2621	482	1062	501	3831	4097	3232	1653	4469	3704	4213	4041	2548	6106	3981	464	5517	3209	3222	110	4855	1440	4420	5498	3347	3244	2504	286	4147	2319	1319	4447	1835	3069	1159	757	801	659	878	5591	1608	1568	4867	1451	5132	5463	4979	2261	4712	362	2539	1329
1665	1348	2837	5511	1737	640	2078	1273	2406	1356	290	110	3852	3544	4320	3166	5524	1677	2423	3411	3641	3384	2266	4768	1793	1213	6001	5032	1301	3229	2533	3668	3848	4871	5638	1449	3065	4875	122	2731	4121	4359	2397	544	3453	4686	2677	5636	5725	6088	4156	1749	110	2139	4518	5225	6032	5062	4655	5669	2059	5051	703	2927	4309	1802	421	4522	2745	1827	687	3967	3981	6106	3154	2422	401	2556	4166	4804	3623	3978	645	4581	3997	188	4008	1293	281	815	4223	2475	3556	4542	5146	348	1978	3481	4299	2244	1882	2660	3052	3445	1771	1702	2600	2638	1190	5127	5686
2052	3385	1372	5431	2633	2847	5664	1654	4763	4664	5758	3019	5709	3957	3457	5640	5335	2483	5063	241	5311	153	110	2820	1015	4629	3578	2067	1922	3909	4399	3898	3661	3303	3628	2501	2014	382	4488	4390	3342	5459	864	3548	5828	927	4912	4578	110	1873	2632	5894	528	2828	5982	4474	5091	1357	3094	2817	5906	391	4422	1629	487	3140	3886	4787	1124	2250	3096	4989	464	3154	6106	3325	4178	4782	5043	6027	2757	5666	5001	4300	3367	1893	3687	1710	5970	2228	3379	2127	5022	1064	1613	5701	1368	5366	3841	4313	5444	5836	4700	4002	3109	2806	706	110	3899	245	3335
2092	198	2342	560	660	4272	817	5727	2433	1380	1072	4707	5048	4833	598	415	1958	5684	110	1214	932	4747	2186	5442	162	3545	2001	1229	3099	6023	5304	3274	2260	4981	1898	2367	3252	2163	1232	2499	1438	4633	185	4841	5230	3729	6034	5834	3277	1590	2526	5506	4504	110	4549	3423	6018	1562	3846	1024	3164	5497	2538	3608	4413	2755	5334	3863	4375	4706	1148	4175	5517	2422	3325	6106	211	4004	1924	945	206	4138	4556	4796	3889	4524	5768	605	110	3009	3350	6030	5657	3818	4771	4690	1513	2903	6024	572	4014	1032	2036	5802	1345	5494	2500	2088	3503	1949	3524
381	5447	6038	1191	5412	5237	1106	2145	1277	5446	2963	1506	5614	5189	124	1465	783	4318	3365	260	5893	2664	177	2793	354	367	5672	1757	976	1521	3291	4167	4485	5932	1067	125	5281	3408	5292	2011	269	3047	2515	1691	4310	5582	460	4503	3173	2146	3102	4864	1020	110	5544	3858	3285	1632	1853	1163	5406	1886	419	244	3247	3740	2921	2425	1162	1621	3916	3356	3209	401	4178	211	6106	3956	4349	1172	4209	3715	5759	1327	5268	2280	5837	2312	1071	3306	2667	5959	1675	4734	5519	5978	1158	4379	2057	2893	935	2072	5482	1182	5548	4195	5078	5731	5390	3672	847
1829	2933	5079	3970	5033	3805	4221	4079	1490	5378	2390	4901	2097	1877	1742	296	2928	4348	2919	6054	5537	2247	3993	4009	3590	2439	1614	5688	4925	4687	3083	4372	5782	5466	5987	2184	3961	4052	178	3985	5683	1855	2350	393	1497	1211	155	4954	2725	4774	110	4674	5074	1150	2418	5181	2814	4477	2906	3114	2205	5886	2579	2748	5671	4740	2939	1704	293	275	5259	3959	3222	2556	4782	4004	3956	6106	4951	3942	3962	3241	1468	3514	3501	540	3270	4242	1765	1011	5539	2740	1320	3011	5200	3506	2049	997	4917	1376	110	2271	3029	4509	5973	1192	2340	580	3974	5877	5955
2167	1366	2550	1353	648	1861	151	5182	336	1027	1826	3308	2347	5767	5440	4853	5095	5050	4407	1952	1736	6051	2598	2596	5549	735	341	5100	3267	1874	5371	3490	623	4395	1060	5707	2195	2073	5470	982	4530	5522	429	2252	1678	4350	375	3221	4280	2306	3469	5843	2987	2787	4507	4847	110	6002	1828	1425	4152	2988	5131	110	467	4959	251	1216	1421	5205	3652	4402	110	4166	5043	1924	4349	4951	6106	3609	1671	2164	123	2949	5484	897	3638	2867	2074	2739	5734	5448	930	3216	3749	4146	3170	662	807	4941	2891	1168	2551	6000	5697	4895	4658	5687	4844	1941	1720
2743	1705	4134	3520	110	3054	4092	4425	1548	2231	804	486	2178	5994	1212	1091	5538	2327	5307	3929	3823	1567	729	4214	518	2692	3494	1617	5949	5238	5453	3560	4580	4927	3200	1243	4738	5093	3100	1743	3410	4103	110	1279	4032	2492	4874	3003	4021	5204	4463	5243	4881	5175	612	5192	751	1383	5702	110	1371	299	899	5274	4258	3345	2923	3512	3932	1374	4374	1351	4855	4804	6027	945	1172	3942	3609	6106	5456	4143	4048	3755	152	934	2218	3965	2459	917	3577	2365	4942	2016	3082	709	5875	2605	4080	1005	2381	4626	3539	3624	128	5883	5480	4639	1094	2844	2593
3646	4605	4368	4588	1921	1423	3044	3220	583	384	3648	885	4904	1911	2642	5822	2438	2723	2955	3979	2543	1170	2827	110	2700	3592	2578	2096	1134	4568	1055	5909	5478	504	1820	4245	317	5590	3415	110	1334	5660	604	670	2090	975	514	2680	1729	4803	2710	1036	3980	3710	3449	2564	2544	2202	3336	2856	5661	1068	2151	5612	1672	3192	4418	3016	2249	2482	5107	949	1440	3623	2757	206	4209	3962	1671	5456	6106	3025	2775	4718	3452	3448	1648	2045	5992	558	1723	3122	748	3012	1801	1623	5626	1596	2688	3193	3580	1640	4903	2004	552	692	3407	2230	5854	5529	5856
2214	1333	1925	5301	1635	5784	5264	4104	3462	5113	115	3377	700	3584	1414	5682	3130	2196	3744	5578	5936	127	1579	721	2352	2323	1298	971	4029	3547	3619	5859	5404	2816	688	1794	4130	3644	4222	1151	507	592	4559	1552	3674	1040	4692	4013	4726	4479	1337	2120	2989	110	4362	2926	4868	4044	5540	4537	5561	3370	567	189	110	554	3728	4234	3605	1920	4430	2470	4420	3978	5666	4138	3715	3241	2164	4143	3025	6106	213	3902	5881	4775	4988	5365	3797	1007	3593	3304	712	2567	204	1314	551	3857	5525	3871	1825	5948	5677	4878	1732	2572	615	879	3834	2464	1929
5472	3097	2115	3530	781	3337	5203	4548	2589	4218	110	4115	5581	2851	4275	1339	787	3610	1003	4907	3136	2622	5418	3156	110	4569	1460	3550	1512	2573	875	1795	110	1811	4317	4852	617	4923	3517	1511	4387	370	3815	3534	999	774	3167	4624	1390	5122	3126	2354	5231	1009	3537	4179	4575	4203	3622	1767	5071	5953	5882	5266	2270	331	4562	2462	5299	110	2031	5637	5498	645	5001	4556	5759	1468	123	4048	2775	213	6106	1668	2385	3269	1569	5387	5724	2834	547	1139	5210	2376	5574	110	5123	5379	565	3558	4990	1847	5958	2296	956	2048	4733	4554	881	5809	5443
5547	3380	5608	2666	5415	2969	3041	5023	4691	5535	4799	456	110	332	3635	1846	4523	4000	5928	819	2332	1367	4584	2171	3234	294	1688	5691	4889	2402	3286	6066	1147	832	2240	3327	5391	4533	2443	1883	724	147	3606	2800	2732	2485	2207	524	5989	3527	2488	5999	176	4087	350	3260	5388	4627	2831	1502	3786	4960	4582	4202	5620	4939	4289	4304	4570	4842	1817	3404	3347	4581	4300	4796	1327	3514	2949	3755	4718	3902	1668	6106	5427	3113	4150	110	5364	720	2077	5270	4285	3463	1316	4126	3756	5086	2152	5678	457	862	140	3575	267	2531	5295	233	3321	991	1807
5224	3543	2934	2259	1810	3538	1085	3349	1727	4136	4489	5791	1744	3806	4071	2075	5942	5042	5905	3020	2750	1696	1092	5116	545	4856	3954	780	3770	5077	826	1193	960	2138	6094	569	3125	6028	1102	321	631	3598	5986	5386	672	2521	3890	5873	441	5738	5763	1658	4865	5370	4224	4084	4721	5648	3762	3477	5490	4107	418	256	110	351	2866	812	902	5409	4302	2980	3244	3997	3367	3889	5268	3501	5484	152	3452	5881	2385	5427	6106	4187	2815	1136	5805	3625	4682	1120	2854	1409	5668	5597	738	3562	5011	3464	2932	5209	1539	563	1408	368	4916	1377	3104	986	2480
745	2547	4256	3196	6008	4057	3699	3983	655	3913	2017	2915	5377	5115	3110	3787	2623	4599	5911	943	182	1478	1662	491	2770	1655	5735	5872	3772	3062	2394	4297	1619	1836	2767	1469	1566	4805	5714	3840	5513	2778	3583	361	1280	3240	3572	5398	1637	5338	2137	2294	555	5112	1868	1452	773	6092	813	130	2368	4964	3455	5563	110	4545	1100	4424	717	2173	2363	2671	2504	188	1893	4524	2280	540	897	934	3448	4775	3269	3113	4187	6106	187	3509	1022	5623	4744	5792	110	1971	2477	666	1563	3202	2570	146	387	5557	2878	5111	1474	3255	3825	337	4045	374	883
5437	3659	4872	931	895	5044	2203	5991	5715	110	2206	3686	2474	5771	5863	2833	3569	5941	2722	2936	1634	2035	2715	5395	4328	427	4909	2975	4810	1112	1854	1231	1494	3809	2452	4018	4459	4292	3465	3334	2269	1907	3346	1288	1728	4151	4433	5247	746	4593	4414	3911	3312	1870	5166	4973	180	5373	1016	2357	4073	3390	404	234	2204	1043	1399	4475	3073	5952	1097	4596	286	4008	3687	5768	5837	3270	3638	2218	1648	4988	1569	4150	2815	187	6106	335	4492	3618	2853	4742	1849	2508	2912	3626	1987	3923	4619	2658	5751	218	3048	575	5969	5577	2401	1287	266	2295	2098
2222	4526	5046	2978	3413	2788	682	4514	5423	3839	3642	1424	4828	3198	3132	4617	1264	5253	2721	5810	110	1831	599	1061	3412	5154	772	1553	2481	5649	3250	4460	1954	3352	3180	4553	3614	4945	1118	1234	4656	2456	4064	646	3525	2420	1436	2253	740	4003	4911	6011	3986	1514	2768	1940	2865	2859	1402	2643	3281	4573	4630	637	2892	3090	3051	1996	3896	834	4472	4613	4147	1293	1710	605	2312	4242	2867	3965	2045	5365	5387	110	1136	3509	335	6106	1848	872	1105	3943	859	938	2823	160	4824	1310	110	2453	5595	2967	678	3988	5876	4228	1338	461	2216	5592	2956
4110	207	5694	3033	3279	4650	3731	4757	1347	2405	5007	1643	791	852	4955	3266	2819	477	1879	1458	1033	1401	2736	1966	1582	5624	5797	3935	5961	110	5565	2771	392	1145	3807	236	4922	2022	1059	1258	5801	5038	3038	2733	412	3484	1600	2039	4550	4416	4935	1297	549	3522	3324	5167	3976	3437	4153	828	1652	1132	3903	5408	3205	4601	4388	3290	4813	2305	1256	4986	2319	281	5970	110	1071	1765	2074	2459	5992	3797	5724	5364	5805	1022	4492	1848	6106	5833	157	4992	3001	315	5354	4184	4755	3724	437	4918	657	5718	768	3808	4321	5485	1507	867	5419	1626	1659
2783	110	5739	1712	1225	3036	4487	3185	5430	2407	2911	4521	3439	1412	222	726	1057	3576	4576	4839	5730	4286	2360	2803	5692	5058	2427	3095	5024	5284	4160	1265	4821	3424	704	2996	4695	4497	2562	1867	2704	5016	2023	6074	2560	3730	6060	647	5605	1957	324	5069	5434	6043	1422	904	5424	3991	4547	304	1806	4211	3650	3700	2187	2647	1602	2606	5621	2930	4022	5817	1319	815	2228	3009	3306	1011	2739	917	558	1007	2834	720	3625	5623	3618	872	5833	6106	4756	2458	3265	5546	5629	1554	2999	3564	334	4933	2931	2681	3657	436	2864	4711	962	2590	4891	2929	2404
301	3262	6105	4164	5673	4028	4094	1871	3915	533	5795	1179	5732	4849	5489	2344	1842	5124	1205	2545	4154	2937	248	5559	2952	5153	110	494	4669	3821	2822	3588	4848	3627	4417	3919	5326	1272	854	5964	4972	1126	5972	1236	4382	1081	914	2056	1171	1752	656	4777	4434	192	4625	2380	5089	5926	3596	4378	2825	1149	2032	1690	1188	4754	2845	4717	4566	1880	5267	2237	4447	4223	3379	3350	2667	5539	5734	3577	1723	3593	547	2077	4682	4744	2853	1105	157	4756	6106	2792	722	4776	5567	1103	1969	4739	5017	3261	2476	2191	3092	5348	1676	5898	838	1012	2209	710	4101
1784	4967	4809	4329	2804	2024	5486	5505	5803	2561	1196	195	3307	2066	5711	1051	3436	1200	1146	489	110	5939	1918	523	1684	197	149	2233	1116	1340	2322	4210	1075	1153	181	5896	1283	601	734	5407	1369	1099	1917	3128	4054	209	3670	5598	4122	810	5976	2002	1420	5401	2124	394	1779	3182	559	5195	3499	5361	4743	6082	1176	2108	5099	5878	1905	1398	6022	739	1835	2475	2127	6030	5959	2740	5448	2365	3122	3304	1139	5270	1120	5792	4742	3943	4992	2458	2792	6106	5542	4634	310	4337	4011	4748	406	1396	3784	5183	4902	4007	3458	1389	1928	2922	352	1014	4198
2670	1529	320	4076	3287	531	1070	4443	4344	2777	3816	1143	4436	650	3129	3707	3378	984	4124	2695	1222	1165	1035	356	4081	4660	4825	2102	451	5555	3542	4778	1764	723	110	4543	2281	2871	1336	5916	5502	658	4823	2044	4077	5853	3637	5496	1088	326	1841	1194	3360	2808	4767	5402	2307	1833	1915	1501	4024	2277	3972	2310	941	2747	4181	5433	4501	2678	2430	5696	3069	3556	5022	5657	1675	1320	930	4942	748	712	5210	4285	2854	110	1849	859	3001	3265	722	5542	6106	2849	2707	3914	796	1656	1326	4637	4174	1269	133	4694	5500	4330	1869	3698	4381	5622	517
4808	5560	537	5458	5255	2258	4367	785	2801	2654	1045	2110	4762	113	4817	110	5556	3523	2147	3257	5030	2599	4985	5319	1489	5171	541	1639	771	6086	2302	4426	2497	5641	5054	411	3616	1530	110	1642	4519	2557	2487	4585	2696	397	2393	1549	4534	5913	3950	2304	2227	5965	5740	3877	1673	856	770	110	4114	4457	3444	1206	1543	1669	4470	3030	5475	4965	3055	1719	1159	4542	1064	3818	4734	3011	3216	2016	3012	2567	2376	3463	1409	1971	2508	938	315	5546	4776	4634	2849	6106	1832	3389	2914	3679	1785	4063	5656	679	766	3203	110	3892	5933	5290	4192	1955	1292
2742	618	4705	5137	3314	860	4577	5818	5462	6035	5870	3782	4429	5914	3085	5653	1456	4172	5056	4431	141	3751	661	1897	5642	919	5161	3941	5321	110	5813	2610	5865	665	1480	616	5811	4481	3190	243	4728	249	4098	433	5315	2498	614	232	1119	3955	5766	2212	2200	3066	5920	229	5177	2571	3482	873	110	3246	1219	5355	4659	316	2540	4506	426	1866	3103	5324	757	5146	1613	4771	5519	5200	3749	3082	1801	204	5574	1316	5668	2477	2912	2823	5354	5629	5567	310	2707	1832	6106	5901	442	2428	5552	2403	2156	3907	5723	2974	255	1775	1747	3990	1616	1680	398
1762	5523	3717	5950	1416	2728	3829	4620	3912	3239	916	2683	508	4736	5543	3901	5144	5369	3152	5864	5587	2472	5599	2962	132	4679	3024	1546	1466	2409	402	3748	4579	4439	5781	778	566	2242	434	2852	5360	3330	3838	3359	2329	1781	261	4798	5703	3989	1462	4267	2639	4117	4345	134	1570	3811	5536	1467	4555	5663	1916	5262	3969	2702	2283	5296	3747	314	3178	1284	801	348	5701	4690	5978	3506	4146	709	1623	1314	110	4126	5597	666	3626	160	4184	1554	1103	4337	3914	3389	5901	6106	3953	4049	1927	3971	3587	1555	1609	4947	579	2862	3372	4806	5596	3460	5858
2264	6065	1303	2466	1019	4950	538	620	1792	5884	4480	5106	4936	2764	1885	5509	3879	4595	4905	3368	697	1586	3790	1581	410	2957	5435	110	5232	4651	5576	2116	641	4392	110	1538	3293	1046	4377	2336	3419	5432	2759	1985	158	5160	635	4454	165	110	4005	1276	6047	5532	3313	1278	3540	5705	4779	3604	1977	1692	2516	1604	1843	3888	1577	2371	1050	396	5890	1610	659	1978	1368	1513	1158	2049	3170	5875	5626	551	5123	3756	738	1563	1987	4824	4755	2999	1969	4011	796	2914	442	3953	6106	3231	936	5413	2662	5728	110	4269	2161	2966	3040	2619	1242	371	1281
1141	2661	2953	3918	3329	4095	5138	5756	2479	1572	4015	2337	2254	1527	4924	3310	1851	2192	3567	3741	870	5564	110	5180	5294	117	3703	2841	454	959	174	1483	3227	3682	851	1986	2099	1450	5439	5047	3162	5619	110	3684	2040	3868	4100	5921	268	5246	3153	4785	5322	4102	3551	2973	5019	5212	3518	3528	1086	4467	1580	5507	2586	2609	2325	1995	4758	3068	2780	5962	878	3481	5366	2903	4379	997	662	2605	1596	3857	5379	5086	3562	3202	3923	1310	3724	3564	4739	4748	1656	3679	2428	4049	3231	6106	3416	2629	1780	3106	284	3487	3574	5157	5358	1379	2703	4427	2221
1783	3123	4185	1169	3212	3080	1186	841	4929	3767	889	110	992	3107	3502	5397	1872	4335	4142	2455	798	1405	5889	628	5907	1816	6015	5187	4312	5699	2373	3568	5545	5594	2842	4491	915	5527	2797	2529	865	110	3340	1814	110	5125	1697	3032	4127	1378	1001	5721	2070	880	119	4287	440	1919	5082	5103	1463	1503	3064	6091	1963	3669	201	3515	3280	3148	1475	2082	5591	4299	3841	6024	2057	4917	807	4080	2688	5525	565	2152	5011	2570	4619	110	437	334	5017	406	1326	1785	5552	1927	936	3416	6106	1167	5345	4572	4017	2782	3145	6100	3475	2799	1189	5610	4050
5072	5806	6075	5790	2888	4997	5139	2645	1863	2699	4006	2530	225	220	921	5607	4257	283	472	3812	2795	5083	3595	3880	2781	5514	3951	5426	763	3742	2569	4684	1074	5845	2650	2964	4034	3842	3792	5080	2166	5279	2597	5421	578	4327	5708	2286	2616	3028	1593	1238	2887	5840	3653	4106	713	110	3737	5997	929	3651	2421	4182	1454	3934	2093	4765	2761	1859	2238	4262	1608	2244	4313	572	2893	1376	4941	1005	3193	3871	3558	5678	3464	146	2658	2453	4918	4933	3261	1396	4637	4063	2403	3971	5413	2629	1167	6106	3088	2308	4473	2697	5553	2898	5164	5381	5277	4116	4365
2552	240	4190	1551	3799	2512	4406	1773	3422	1472	3297	3087	2123	3908	996	5481	1021	2690	2724	830	4952	1473	1404	4162	5575	264	5126	2535	2635	159	4196	1850	2042	4646	4693	1113	4311	4389	3015	3667	1415	1048	3760	1622	3282	2279	1397	3479	3468	4529	2174	1561	4680	302	3571	5039	1661	1006	2410	5309	2486	3191	530	2246	3338	755	1361	5066	5919	1599	5269	1686	1568	1882	5444	4014	935	110	2891	2381	3580	1825	4990	457	2932	387	5751	5595	657	2931	2476	3784	4174	5656	2156	3587	2662	1780	5345	3088	6106	3488	6081	2107	135	2910	4396	2983	2510	5611	5220
588	2047	493	1391	2122	799	1044	3027	505	4060	5328	2349	2591	2149	5488	4784	1252	2990	5179	1895	4093	4241	5658	6039	3771	2370	417	4703	5748	1681	5340	120	3402	4482	1939	4384	4247	3050	2846	2086	4199	376	3964	1323	4745	5206	849	5380	5085	4197	4896	3421	608	4248	1845	3131	5344	3952	2359	901	2432	3133	920	1392	3249	1948	4235	794	6058	5088	3752	110	4867	2660	5836	1032	2072	2271	1168	4626	1640	5948	1847	862	5209	5557	218	2967	5718	2681	2191	5183	1269	679	3907	1555	5728	3106	4572	2308	3488	6106	2374	110	5645	4270	546	3171	5700	5357	3649
1355	4996	695	496	4322	2000	1926	5855	2292	705	1328	3263	3442	643	707	5226	4966	5988	4654	3326	4652	425	2037	3835	2034	2720	328	2063	285	3420	3238	3945	3599	776	4026	5222	3987	1909	2234	3189	1797	1535	2907	5374	1534	4541	711	3403	3008	3853	4403	2534	3473	208	3322	4254	1840	3443	4139	217	2251	3718	1479	632	4333	5712	2289	4953	110	4031	4982	4159	1451	3052	4700	2036	5482	3029	2551	3539	4903	5677	5958	140	1539	2878	3048	678	768	3657	3092	4902	133	766	5723	1609	110	284	4017	4473	6081	2374	6106	3820	6044	5411	1819	3664	4930	5303	2835
3658	5860	4640	753	1998	2946	3851	1933	1540	1434	5452	4610	2025	629	2588	5052	2594	1974	3237	800	5685	1651	3273	1248	5376	3278	2640	874	478	1365	200	5006	5193	803	3631	5037	4040	5816	3101	1589	2006	685	4843	5245	252	3441	5473	3891	4892	325	699	110	1713	5288	5130	3208	210	3654	6055	110	733	5800	5819	2637	3351	6059	5851	4458	2706	5499	4341	438	5132	3445	4002	5802	1182	4509	6000	3624	2004	4878	2296	3575	563	5111	575	3988	3808	436	5348	4007	4694	3203	2974	4947	4269	3487	2782	2697	2107	110	3820	6106	5606	2549	3996	4356	993	4238	333
5235	2712	5429	5733	2861	3764	1079	3789	4065	3783	5306	3924	3393	1491	4685	5150	2620	840	1876	3873	5742	2627	2384	446	480	3121	4161	2450	3341	116	5410	4277	5487	1975	3388	3833	4816	3175	1844	2274	741	5644	1852	3035	5147	3607	3159	2449	668	5570	3992	2649	3676	2807	4129	676	5383	4714	3079	5722	1532	3535	1461	1317	2055	1750	1730	4558	586	3617	4180	1089	5463	1771	3109	1345	5548	5973	5697	128	552	1732	956	267	1408	1474	5969	5876	4321	2864	1676	3458	5500	110	255	579	2161	3574	3145	5553	135	5645	6044	5606	6106	5468	905	5464	4932	1253	203
2331	573	3712	5995	2970	1605	3434	680	4282	4432	4938	2762	4535	3711	6071	358	2053	270	4033	186	4818	1964	2226	5754	4303	4206	3930	868	273	1426	1344	3179	1625	5832	4484	4636	2188	1976	3680	2129	4336	4279	1332	2355	3233	5646	2665	2257	3656	3521	4792	5000	1808	562	2850	4826	1706	896	853	1263	3138	150	1628	5297	4729	3489	5094	1663	1108	5173	2362	2330	4979	1702	2806	5494	4195	1192	4895	5883	692	2572	2048	2531	368	3255	5577	4228	5485	4711	5898	1389	4330	3892	1775	2862	2966	5157	6100	2898	2910	4270	5411	2549	5468	6106	1660	4340	887	4621	110
2840	1679	2345	1942	3332	4251	3070	5495	2142	4701	4704	1026	3151	843	2224	2154	3427	5168	5029	3843	4600	4343	690	792	1037	3081	795	3753	3714	5954	1226	669	5568	2908	3157	5717	2525	3146	4811	5417	3188	675	4149	2343	5944	3318	138	295	5218	3640	4342	5318	988	5027	1318	495	553	995	5257	3497	4831	2789	4141	2235	4592	1904	5747	5256	2241	2843	6084	5838	2261	2600	706	2500	5078	2340	4658	5480	3407	615	4733	5295	4916	3825	2401	1338	1507	962	838	1928	1869	5933	1747	3372	3040	5358	3475	5164	4396	546	1819	3996	905	1660	6106	5471	110	1174	4850
3400	3292	2105	4499	5121	1518	224	490	5260	5152	5110	1970	5579	4047	465	2790	2810	2301	831	2263	4259	4380	3163	329	1233	1413	2028	1967	1471	4144	5521	3119	6104	1782	1991	3994	837	297	4998	4353	3683	4212	2220	3204	4001	2580	5777	3947	928	4858	4066	4829	4072	3960	5713	3305	5569	4835	4591	550	4815	4493	5420	5010	4411	3135	5141	2311	2413	5092	1700	3363	4712	2638	110	2088	5731	580	5687	4639	2230	879	4554	233	1377	337	1287	461	867	2590	1012	2922	3698	5290	3990	4806	2619	1379	2799	5381	2983	3171	3664	4356	5464	4340	5471	6106	749	3881	3763
2029	4731	311	2316	5947	3778	922	4363	5184	5283	1435	802	5857	339	4827	1237	3461	5910	4193	2495	3074	468	5036	1594	5455	5425	2592	2826	4753	265	4305	3589	5531	3872	5449	4298	5639	469	4281	5826	343	2018	3701	3141	169	3810	4023	5761	762	736	2838	4306	215	2863	979	137	3428	5861	603	2977	2046	110	2033	2824	2938	1515	372	5396	4268	413	4622	3373	362	1190	3899	3503	5390	3974	4844	1094	5854	3834	881	3321	3104	4045	266	2216	5419	4891	2209	352	4381	4192	1616	5596	1242	2703	1189	5277	2510	5700	4930	993	4932	887	110	749	6106	877	673
1155	2309	820	291	3720	3284	577	5871	667	4676	2358	1946	2208	5743	2426	5783	6050	806	5436	4786	216	5960	4177	2940	2193	882	1324	1722	4859	4027	1887	1703	2158	5793	2490	2339	2913	4975	5120	2950	2965	262	2267	5196	4123	110	5618	5060	5211	937	5265	582	110	1768	5541	1734	977	1906	1520	4357	4255	4070	1315	747	2802	4515	5254	5451	731	1990	2389	1559	2539	5127	245	1949	3672	5877	1941	2844	5529	2464	5809	991	986	374	2295	5592	1626	2929	710	1014	5622	1955	1680	3460	371	4427	5610	4116	5611	5357	5303	4238	1253	4621	1174	3881	877	6106	4995
3235	5325	2396	4186	1313	2236	5129	1181	3759	2217	4900	2434	4315	846	2148	5533	1304	1127	2313	5615	5217	3414	5551	1077	3885	683	5902	3860	548	2468	2419	4606	3224	4710	4963	4653	3984	3271	246	2669	2565	5852	5979	183	4483	3268	5343	369	3228	1481	3219	2473	110	2714	5393	1556	1544	1519	1137	5156	424	4200	535	639	2711	5337	389	1476	3861	4229	1131	2379	1329	5686	3335	3524	847	5955	1720	2593	5856	1929	5443	1807	2480	883	2098	2956	1659	2404	4101	4198	517	1292	398	5858	1281	2221	4050	4365	5220	3649	2835	333	203	110	4850	3763	673	4995	6106
