7261	4194	2710	1620	4580	3630	7202	6323	1434	234	3088	563	4334	3774	4421	6031	2221	2741	1016	382	120	1653	5430	1897	3455	4809	4575	6581	927	3481	6470	6829	1760	318	4968	484	2857	5271	2519	3389	3422	4317	6730	6564	1817	6422	5234	5825	974	3115	3982	6055	5010	6742	5923	5152	6507	3775	615	1347	1165	153	5881	6659	3937	6647	1571	7173	2069	747	5770	6471	691	453	6946	5908	1065	6148	5390	1887	5334	5460	3116	5520	6888	6650	3730	3224	3039	285	4034	4223	6572	187	3138	1910	4242	6480	5855	6755	6648	5578	3167	6567	1749	3081	2522	6700	3981	1098	5741	4463	662	2439	600	5730	3629	5048	3069	5216	1834
4194	7261	999	5127	5936	1394	2686	886	4282	5796	2903	7245	5333	4789	557	2030	292	3728	120	2748	120	3133	7222	7142	2112	587	5728	3369	458	5211	217	1387	7009	704	4826	341	2925	1719	622	4245	5451	4101	1175	7101	4736	2363	3457	4599	5015	2237	6616	1901	5196	3893	2601	7210	2465	4622	3902	6277	987	2620	4407	300	199	270	2415	2449	4166	3851	6252	3106	2353	349	2572	120	6384	6526	1900	3281	1802	151	5715	538	6708	5603	4799	6000	530	3736	6949	6981	5456	2617	3692	2098	4477	1415	4204	1626	6605	6292	986	567	3945	2639	2401	259	2292	2737	5502	6445	5608	6324	6804	3368	5026	4556	6765	3678	6352
2710	999	7261	3354	5637	3541	617	4499	3062	5519	3404	6571	6403	3816	5348	6664	1348	1363	6049	127	1094	3162	2977	1185	4978	3289	3868	2307	3073	7054	562	120	5453	7051	3029	1517	1000	2286	5283	120	3969	282	2151	3403	560	4695	3990	3921	4790	3187	6387	4598	6202	3657	120	5024	1194	2611	3013	838	4971	6458	6662	5466	1126	165	2867	3564	1231	6638	3462	6415	744	6450	6780	7041	2131	4263	1188	6956	3592	432	6433	1614	2658	229	3152	7132	630	1443	1350	406	512	1307	2600	4345	4854	4224	936	6726	6749	379	1788	6228	5798	6366	1111	2810	6232	811	603	395	5399	4940	3147	3254	207	833	4354	7157	525
1620	5127	3354	7261	4258	5052	6061	120	6820	4935	5718	1987	5593	6552	6896	474	5818	7079	1470	480	5703	7196	4916	1642	120	3051	6608	4982	6678	6736	1420	6890	2526	2675	6149	2582	359	6305	2475	2239	2277	4265	6992	6898	5416	120	6590	2224	1832	1325	2165	5255	2016	3587	1037	1439	4989	6225	3257	5088	3182	5859	4024	2460	2877	5829	4002	1214	7111	6141	5025	1113	5774	2155	899	4484	5681	6079	3898	7208	3595	884	6776	6884	4643	1820	3253	866	195	1324	2102	1173	4610	4434	1727	4149	2354	6783	6028	4284	4413	4661	7030	6679	6118	3572	147	1594	5170	120	1411	6173	1912	6527	5149	5727	2071	1634	4823	5162	4480
4580	5936	5637	4258	7261	2287	4489	4160	2948	3971	2794	7094	743	4382	4142	4714	1778	4936	4557	4709	4760	7191	3511	5253	6882	1569	6617	362	2641	1352	6676	429	5801	2272	7052	6546	1390	5562	6081	3180	489	1107	3284	1870	3337	4970	5075	1006	2007	4070	5359	2164	4756	6383	5174	4679	6545	7176	1176	205	3474	4290	3011	4913	5016	120	5845	6897	6740	5876	120	3979	6793	2252	3311	2328	6474	3188	1793	5213	914	2152	4973	5296	2533	573	1579	6261	4750	2850	1355	5898	4355	6463	7143	4451	7013	1123	4893	2458	5823	533	2614	1148	2859	6543	1619	1460	3666	3075	4966	6769	1929	6022	2689	3648	1841	2391	829	917	5381
3630	1394	3541	5052	2287	7261	1028	5207	5251	1730	4453	3140	868	2555	2634	6003	1567	5784	2317	7038	3344	6865	6556	2849	1621	6964	4424	3663	3064	2149	1358	3135	3478	6753	5175	5712	3129	779	1538	4868	2663	3356	1344	561	6024	6883	5820	1116	3084	6626	5667	613	5403	957	391	5310	5532	5906	5561	5132	185	1589	1369	1408	1839	6322	273	6315	3795	3994	4422	2532	978	2220	3562	5932	6428	1321	6417	4697	2497	3510	1940	5096	1158	4761	5749	2259	5504	2783	6257	6972	3722	3328	5590	4071	1578	1821	5354	6155	1055	4432	5442	3699	3277	7155	4665	120	5807	293	1060	6015	5846	120	4930	2755	4703	628	2723	749	1952
7202	2686	617	6061	4489	1028	7261	5330	1448	4130	4086	4233	3189	7188	3020	4132	4134	254	6748	120	4210	529	1774	3173	932	5177	4945	4805	5827	4260	6441	7027	2893	1131	1522	4865	3424	464	188	7218	2779	5246	6331	4227	5486	4585	4038	3118	2866	1212	7018	6088	6885	819	5263	2334	1343	1482	3184	5314	2282	121	4855	1288	4845	1332	3752	120	2577	4216	4185	5103	3026	4963	2880	590	3754	5879	4794	4725	120	2744	3782	1863	4778	2543	7123	5102	4903	2669	253	579	3965	5221	1951	4604	2306	6523	6259	5965	548	679	3576	302	5005	5058	7121	3371	6249	2690	3312	2966	5975	3458	212	6559	3437	3032	5362	5236	3578
6323	886	4499	120	4160	5207	5330	7261	3617	1738	120	505	1124	6948	5847	3964	6790	2297	5620	2208	3107	5261	5049	4648	5889	1014	6974	5037	202	2479	1453	4657	2462	1440	1225	6957	120	4225	6443	6818	4394	3299	5668	2674	2389	1891	5998	1137	1591	5328	882	771	7204	1379	2471	2140	5138	120	2738	3758	4444	2397	4851	6562	4861	3201	5912	4640	6990	5952	5186	3049	7109	5586	2750	6835	959	3485	1554	5833	1724	5950	3070	4220	144	2835	3394	7228	825	6789	3776	495	4920	1965	4106	3317	4025	755	6725	2842	1367	5605	4815	4190	6363	6177	472	1534	3709	5463	4811	5029	1377	5567	5839	1662	878	836	2105	4412	1041
1434	4282	3062	6820	2948	5251	1448	3617	7261	3953	4581	4431	1032	4155	1857	6568	3671	5541	6354	5917	1442	5737	2495	6312	5159	2278	3508	4626	146	5054	2021	5776	5243	4090	3475	1174	6615	120	3683	680	733	6466	3440	3056	268	6573	1270	3840	6673	5569	850	523	4943	3600	6467	5665	6421	2717	5691	3285	3707	5487	2018	5513	543	1530	6169	6279	6187	5960	6293	6372	1930	3019	6713	462	120	7163	1543	5244	469	2649	1677	1044	4707	3745	6710	2972	1254	2255	3590	1375	289	2138	4977	6274	6969	3425	2236	3438	3929	3833	1409	4300	3954	5890	3074	6335	2274	4081	2059	5379	3835	232	2169	3307	4715	790	979	5318	1425
234	5796	5519	4935	3971	1730	4130	1738	3953	7261	3358	2192	3204	4666	5828	6396	2806	356	2843	5469	6993	6212	6655	5549	1950	1683	120	4246	6076	2621	1873	4625	451	3944	6815	2982	5099	5677	3519	6310	1384	1877	3468	1445	1919	345	2364	4822	3046	6839	4647	1164	4397	3942	5938	3031	3303	2381	2693	3589	5080	5289	935	835	3936	3076	843	3956	1833	5973	5173	775	1265	4072	6486	5337	673	3632	1844	6968	5928	6224	3117	4606	2294	6539	7159	5896	1229	3820	2684	3828	190	5157	5786	5686	4364	2459	1171	1303	5158	1860	3603	5424	5082	1723	4402	476	1504	6628	5443	4192	4068	5934	6320	1681	4636	3374	5633	276	1518
3088	2903	3404	5718	2794	4453	4086	120	4581	3358	7261	1883	5806	3762	3915	1385	5229	3958	1605	2001	4492	828	6186	4344	4776	508	5854	834	2438	452	1364	427	3229	1725	4098	624	3149	6181	4525	1371	650	6586	3007	479	5202	2665	588	343	2875	5742	333	3466	7182	2276	7085	3637	5920	4737	2781	7154	3805	5648	6057	4678	3798	5544	2984	3274	4437	6264	397	2126	304	6909	641	6271	928	540	211	6346	1602	5100	5370	1297	2464	947	197	3004	3085	906	1895	4178	5295	5689	4003	688	1755	2132	3680	1658	5914	3416	929	7190	1991	3131	953	7045	361	2654	6429	2172	6843	1073	4838	7061	1617	610	1784	6220	4788
563	7245	6571	1987	7094	3140	4233	505	4431	2192	1883	7261	6468	521	5817	6589	4812	4773	4848	1080	6425	762	657	967	1678	5269	3246	983	3725	1831	3716	2531	6911	2095	5311	4922	264	1040	350	1979	4686	6311	5120	5733	5020	1790	2823	2777	120	7229	3561	1946	5032	6798	741	2820	5631	5509	2430	434	4249	2704	2233	2203	3806	3334	463	1462	3383	4654	6681	738	6073	6610	3993	7072	1320	3708	5172	478	6771	3212	4672	6855	1266	7224	6162	5652	4455	6201	7022	7140	1424	1687	5156	4035	2882	3591	4152	968	2541	965	5676	3326	6745	4209	2858	4960	5714	4791	6703	3442	2632	6513	5325	4568	5514	5349	5322	6043	201
4334	5333	6403	5593	743	868	3189	1124	1032	3204	5806	6468	7261	632	3018	3291	7148	5983	7136	3804	5856	1854	6448	4456	468	5290	3747	6465	120	158	5018	4814	1380	4508	3719	3489	7214	2210	6852	6009	5064	3391	1694	1205	5393	4699	756	1110	6584	6290	3535	2618	3517	6965	2817	7134	760	2699	3128	6056	5000	1810	243	5895	5888	3210	3824	1293	1222	7055	2552	7207	4089	937	5623	4792	209	6995	2918	4156	2545	2013	4874	6152	7150	1905	3548	3080	4215	3072	2845	4910	6452	1036	4135	5131	4125	954	2114	1490	206	1199	2078	5013	3304	5231	2189	431	625	3243	1866	2761	4882	2913	5790	5537	5927	3502	5117	3766	556
3774	4789	3816	6552	4382	2555	7188	6948	4155	4666	3762	521	632	7261	407	1570	1033	815	4417	1575	2623	120	6436	2483	5518	5287	2392	4121	6525	5574	4235	3043	6176	2301	1505	6240	3551	6505	2184	1750	867	1540	1655	3105	3860	2719	6341	6457	2451	2139	5483	3483	2361	5135	1128	1771	1527	1383	3853	2273	4852	2550	3644	1741	4706	3012	291	2562	5809	7249	1769	4386	5672	2536	594	5293	5897	2775	5302	2636	3802	2530	5385	1980	1756	1058	2827	4353	5600	5803	4061	2146	5373	2881	7194	5508	3035	1772	6570	6980	2177	1397	535	2011	4016	3615	2801	2215	3687	2246	448	4511	2797	4127	918	4120	2595	7215	4608	376	955
4421	557	5348	6896	4142	2634	3020	5847	1857	5828	3915	5817	3018	407	7261	5563	6473	3628	2608	5584	5268	3503	5180	4147	7064	5427	5754	1431	4769	6672	6785	911	5814	2822	2851	3054	4340	2288	6509	4485	677	120	1059	2539	3050	4732	5257	6023	6368	2740	7231	1904	730	1146	2453	5129	4013	3767	6017	4659	6915	4080	5782	3041	2331	2285	4251	4108	4318	3735	2729	1615	6122	990	366	1506	3895	3381	5568	1942	1238	6531	4309	2383	1748	4786	6175	2100	6032	5329	4052	467	1402	3811	6880	3888	5380	4115	2640	3906	4842	3384	5114	2697	3469	5595	605	5119	6805	4055	905	1843	3270	5797	4262	2826	3009	455	4362	1828	5697
6031	2030	6664	474	4714	6003	4132	3964	6568	6396	1385	6589	3291	1570	5563	7261	528	636	3790	5224	1800	3556	1239	4023	3322	1310	6830	4713	6019	1299	2072	386	2879	6188	2516	1286	5294	2195	5056	2268	1217	2183	740	6707	5436	1273	6364	2238	971	2525	6268	1074	3878	4116	1242	5651	3700	2180	5795	7171	6140	3145	1827	5455	6078	3557	6333	1716	6506	3447	210	120	2917	5645	4172	3984	1200	6405	1446	6275	5078	2396	4932	5666	4148	798	6988	4785	889	2193	1162	4498	6163	1121	3681	531	863	5937	6702	2406	1989	621	611	5546	1721	4875	2175	5942	1117	1712	3090	1326	4105	719	3396	3071	2749	2724	3168	120	1038
2221	292	1348	5818	1778	1567	4134	6790	3671	2806	5229	4812	7148	1033	6473	528	7261	1907	4136	5093	742	4335	1119	3613	2828	4673	2782	2086	2681	1813	5059	5530	1623	3524	3939	2772	6899	4472	226	2509	135	5355	5772	7192	4646	288	1544	2764	2099	6939	3028	504	2428	5992	4835	714	5391	4690	2940	887	3618	4539	3668	4618	711	2393	1027	4900	4469	7166	2967	4308	658	801	4605	3093	5585	2283	5419	1585	1533	5203	2938	2829	4053	7107	6084	6594	6063	2554	323	6925	881	3078	984	7240	4767	1933	5838	4269	892	5789	686	120	5669	4435	2700	169	216	2520	4232	7219	1153	7069	941	2242	3815	445	3583	4928	5160
2741	3728	1363	7079	4936	5784	254	2297	5541	356	3958	4773	5983	815	3628	636	1907	7261	1654	218	3925	961	3697	120	3190	1745	3095	6631	120	1192	2019	5188	1216	4179	6026	6900	4994	6077	2855	3114	4956	2631	6687	4007	6302	6058	4352	5006	120	3099	1939	4388	2894	851	6722	4169	982	4859	4410	578	1941	3017	2494	6462	1285	1340	265	6329	1785	5700	2702	5274	6375	4206	6750	2648	2467	1693	1277	676	903	2200	1295	5787	3845	1451	2410	374	1520	1376	7017	6592	4280	2349	465	3278	4347	2049	5004	7221	6297	1708	5063	5288	155	5106	3025	5276	6280	2490	2921	140	950	400	5404	4471	6098	3087	3242	4087	6359
1016	120	6049	1470	4557	2317	6748	5620	6354	2843	1605	4848	7136	4417	2608	3790	4136	1654	7261	4174	5060	7239	6160	2671	4899	4307	3023	3742	2651	4416	6879	785	6636	1525	2588	3098	3352	1276	3386	1007	2073	2308	5894	821	5967	1458	1051	1992	4117	4183	5308	3154	390	713	4112	4423	1871	1090	577	3813	7005	3228	4830	4395	4745	1143	1697	7160	1811	2496	3300	2012	3222	3245	646	4941	3559	5418	1805	482	595	5205	3831	2097	5948	6392	1309	2027	1260	2538	5511	5165	6699	446	5657	2028	500	5376	3516	3854	3292	6614	2624	1740	1186	585	4468	5658	3377	2351	7049	2113	5622	7141	241	5371	438	6782	4806	6685	4050
382	2748	127	480	4709	7038	120	2208	5917	5469	2001	1080	3804	1575	5584	5224	5093	218	4174	7261	4758	6209	948	2250	1005	6999	6094	6727	758	4802	3631	2978	1339	6426	3602	1412	2421	6488	6260	909	4743	757	6825	5834	1410	7048	5003	2661	5815	1280	3491	2975	2362	3526	6817	5734	3961	4583	5964	2911	3441	776	2664	3972	2863	4796	5662	5835	5470	6720	3315	6814	174	6975	4426	6291	1633	150	4579	598	803	874	4490	3842	3968	4509	6127	120	3067	7103	4099	1791	4990	7149	6872	3293	1537	1049	4285	7177	3209	7029	2015	910	5943	519	5422	1815	4297	831	6587	5842	2999	1019	3908	120	3570	6377	3685	5410	627
120	120	1094	5703	4760	3344	4210	3107	1442	6993	4492	6425	5856	2623	5268	1800	742	3925	5060	4758	7261	2703	5146	1707	3410	3294	5091	5612	2426	4908	685	2190	4807	2523	3267	2063	5046	2650	5899	6144	2066	5522	2954	5589	2074	336	5997	1770	5659	4620	4512	7165	5367	5638	1934	3924	1292	5558	1207	526	1971	324	549	532	4350	4862	510	2466	1773	3433	2501	3803	4584	4314	2154	2955	1935	4832	1476	3213	4770	6131	609	5819	4141	4887	6516	5521	5192	2332	3931	3527	5570	3686	7096	5571	2950	180	320	583	7209	2973	5955	1232	263	4880	5946	4236	1593	5110	1553	7255	1801	4272	1590	1777	1523	6196	2930	7002	2824
1653	3133	3162	7196	7191	6865	529	5261	5737	6212	828	762	1854	120	3503	3556	4335	961	7239	6209	2703	7261	4662	120	3892	6503	3764	4768	2792	4886	7126	7145	4064	313	1572	371	4042	3436	5980	2897	5208	1132	1914	1735	4532	2253	4950	885	1086	6406	2111	2891	3620	4953	3102	517	1734	3301	6598	2346	2499	3739	6464	5871	3094	3729	1704	2939	5076	2404	5560	656	3792	2150	3886	940	5961	5708	6071	1822	1660	1999	2590	2366	6037	3706	2431	1378	6048	5710	2599	2556	1612	4825	3134	6090	788	6381	181	3333	3199	4110	3970	3247	1004	1392	5265	4505	2637	3839	3904	1994	3634	6623	3649	2009	4006	5407	4510	2435	4493
5430	7222	2977	4916	3511	6556	1774	5049	2495	6655	6186	657	6448	6436	5180	1239	1119	3697	6160	948	5146	4662	7261	4237	2840	120	1714	4901	120	3490	3266	2576	1894	3661	3702	6560	2206	5212	6887	2683	1679	4446	1327	6715	3493	4073	5313	1251	5444	4689	1180	6646	6871	6420	2314	120	1365	7034	706	1334	4759	6360	1812	1624	3065	3216	1087	2171	655	2812	4091	5035	5970	4867	2934	5905	2372	931	6355	3044	1880	2036	5002	4948	4837	4482	3486	3856	737	6192	6376	4563	4975	612	7063	2865	325	5552	120	6451	4011	5762	1336	6013	6998	242	5664	2108	5267	3472	606	3214	3037	6971	4129	1190	3659	2991	4438	1696	6682
1897	7142	1185	1642	5253	2849	3173	4648	6312	5549	4344	967	4456	2483	4147	4023	3613	120	2671	2250	1707	120	4237	7261	3538	167	7256	5241	6490	4075	5382	6121	2369	4094	4473	795	2558	1429	1196	2774	4734	3330	4436	7087	4521	6120	6052	5285	7090	5417	6694	6558	6929	7181	1768	2418	2515	5383	3650	7233	4614	4951	6832	6706	1072	7230	6255	4315	6456	120	2295	6207	4058	6497	5913	5629	1160	993	5634	4146	7186	4705	2338	2956	3763	574	2298	580	4409	6914	4460	160	1157	2359	1713	4615	1191	370	1198	5900	3207	4321	192	3881	4488	6764	4947	814	4173	2551	5655	4304	6171	1786	2886	1480	6477	1432	3992	4524	7151
3455	2112	4978	120	6882	1621	932	5889	5159	1950	4776	1678	468	5518	7064	3322	2828	3190	4899	1005	3410	3892	2840	3538	7261	178	2380	6361	2256	5500	3749	5301	4036	5969	2244	3111	5573	2581	943	4133	1301	3449	5067	4279	1836	5735	3014	2281	4766	331	3364	4660	2296	3834	3568	6108	682	2115	120	4833	164	449	4271	2310	4733	327	3123	1682	1676	5324	1680	3658	3423	3280	5903	120	586	6487	4439	6918	6021	728	7253	6538	7254	398	6731	3500	1361	3647	6618	827	2607	120	3055	5309	1026	4730	2892	5153	3159	4735	1613	381	4037	7093	1042	2559	2709	2474	6265	4847	5247	575	7195	2325	4253	6097	5235	6416	5529
4809	587	3289	3051	1569	6964	5177	1014	2278	1683	508	5269	5290	5287	5427	1310	4673	1745	4307	6999	3294	6503	120	167	178	7261	3660	2961	1622	6316	633	570	6728	1913	3132	4721	4276	5731	3164	619	5161	1316	3136	4009	6299	5304	5027	4898	4645	3555	640	3393	6482	4217	6859	2179	7118	1881	3332	5761	4621	2768	4138	4374	1961	4603	2766	2322	1396	1638	5628	5022	739	2937	2803	724	2838	1684	2653	4062	5183	964	3480	1974	2350	1978	5683	5300	1104	4594	142	156	4067	7003	6117	6041	1018	6921	6845	2580	3324	3711	539	6034	5083	3160	4889	6246	6138	3399	1673	7071	389	782	433	5450	4552	6461	2425	7044	2667
4575	5728	3868	6608	6617	4424	4945	6974	3508	120	5854	3246	3747	2392	5754	6830	2782	3095	3023	6094	5091	3764	1714	7256	2380	3660	7261	4324	2548	780	5252	5245	6371	2275	4168	5167	5095	1096	1903	5316	2924	1966	120	4782	4987	2933	5755	4338	6667	4632	4712	326	1342	1461	1488	3818	3513	3912	2630	492	2706	125	6624	5447	5123	2736	3665	2819	131	3456	1830	3126	3755	443	2869	4365	3030	6289	3997	5121	4187	145	1649	1220	5524	6920	4005	1269	1835	3338	3237	2757	6069	5725	120	4537	6524	2730	4883	1849	2502	5305	4231	3623	5077	1702	3759	3865	6245	2384	4305	7074	5538	3248	6923	499	470	5266	6653	6822	424
6581	3369	2307	4982	362	3663	4805	5037	4626	4246	834	983	6465	4121	1431	4713	2086	6631	3742	6727	5612	4768	4901	5241	6361	2961	4324	7261	4079	5627	120	5273	5204	852	5449	3814	3000	2161	1151	4600	3454	5848	1204	1452	5579	3443	2965	5614	1625	4763	6247	1068	3619	4379	421	6306	2571	5757	1492	6847	3800	1156	415	6550	6721	5147	6379	298	830	823	5752	1744	120	5155	4199	1842	1245	2395	6151	4676	2450	5134	6423	6203	2714	558	727	4617	7153	3509	1267	490	1193	3760	196	261	3923	1976	5604	4378	3890	2573	6959	3161	4381	7248	2062	5792	3183	4143	7130	6634	2477	4639	5987	5197	120	3058	5377	6848	3053
927	458	3073	6678	2641	3064	5827	202	146	6076	2438	3725	120	6525	4769	6019	2681	120	2651	758	2426	2792	120	6490	2256	1622	2548	4079	7261	383	4288	5118	6234	1253	1969	3714	3273	4351	2878	6801	244	4711	6294	3179	5042	3318	3609	1604	6229	4430	3359	4118	3226	3353	3230	1826	3529	3930	5342	1597	2728	745	2291	2731	4228	995	6862	7189	319	3544	6065	715	3120	2216	4554	6629	5661	4528	6781	6952	5256	7199	6198	5281	888	1064	6046	6494	6214	6670	193	2818	7147	4658	2358	5824	3638	6412	6669	5260	1319	4723	5494	2084	4904	249	2989	1071	3097	222	5084	120	5915	5477	5148	1142	2083	1039	3002	568	701
3481	5211	7054	6736	1352	2149	4260	2479	5054	2621	452	1831	158	5574	6672	1299	1813	1192	4416	4802	4908	4886	3490	4075	5500	6316	780	5627	383	7261	4538	481	3596	2929	1331	3894	2333	3236	3151	4996	330	721	1313	564	1535	3553	4420	2739	141	6649	6866	5994	6085	4503	4092	1809	1197	3966	5687	120	4157	2733	5872	4248	6231	3488	2407	295	3193	6460	4753	1454	1526	1484	2807	6739	4496	4795	5986	1958	3283	4303	262	4866	133	3157	1557	2992	5336	120	5401	2569	5996	1561	6137	6499	6004	3579	1177	3109	2927	2006	149	5482	3655	4039	2506	1437	487	4144	2602	3268	2270	4752	4239	2786	2382	1208	6204	3197	6217
6470	217	562	1420	6676	1358	6441	1453	2021	1873	1364	3716	5018	4235	6785	2072	5059	2019	6879	3631	685	7126	3266	5382	3749	633	5252	120	4288	4538	7261	3232	3370	6962	6554	4171	969	2680	1868	2318	3221	4609	6483	4696	2218	4051	1611	120	2508	7220	3042	4289	1456	4863	1256	4339	2159	4651	2854	4234	3588	796	6349	3926	3543	7193	2232	5409	6064	1984	4030	4027	278	3724	4540	6150	5863	6113	1209	2852	6540	805	5767	3584	5732	2990	7237	2173	1545	3594	1450	6941	4710	3768	6365	4724	857	6696	3414	5944	340	2330	4762	4342	5743	6951	4078	1824	3418	3185	5136	2077	3967	5227	1528	1700	6565	6170	3880	344	726
6829	1387	120	6890	429	3135	7027	4657	5776	4625	427	2531	4814	3043	911	386	5530	5188	785	2978	2190	7145	2576	6121	5301	570	5245	5273	5118	481	3232	7261	4522	5317	1103	5922	316	5901	143	2048	435	4748	171	2813	674	6620	5249	7244	2579	2070	6353	3721	3465	306	4663	2065	5107	7179	1514	6954	3978	6576	5831	1909	6537	4783	3413	629	3597	6551	5999	138	1215	2487	3769	5220	4137	3419	1853	1428	5653	4097	4597	6913	1743	5625	4441	3987	6484	2528	3558	3408	2455	5395	5886	5351	5484	2141	666	5112	5291	1465	1779	1471	659	4570	3850	5643	6704	3627	5319	2025	3871	2701	7075	2844	1876	4450	1864	6770	120
1760	7009	5453	2526	5801	3478	2893	2462	5243	451	3229	6911	1380	6176	5814	2879	1623	1216	6636	1339	4807	4064	1894	2369	4036	6728	6371	5204	6234	3596	3370	4522	7261	5050	5559	5414	4881	4254	6674	3314	6399	204	6547	5587	2178	4912	2575	3198	837	4240	139	5949	5699	272	5706	5870	1081	2963	3460	4944	6695	860	6038	3675	322	4369	5611	1643	1356	2311	2130	3823	1661	1732	2142	2023	5195	1054	6223	3679	4897	2900	442	2902	4243	3063	4878	816	4813	2104	2727	2223	6075	3238	5388	6109	985	6050	2809	735	2713	5429	5394	781	1852	4104	6222	3163	120	4021	7168	6106	6858	6864	6970	4656	4448	3165	5907	3387	4076
318	704	7051	2675	2272	6753	1131	1440	4090	3944	1725	2095	4508	2301	2822	6188	3524	4179	1525	6426	2523	313	3661	4094	5969	1913	2275	852	1253	2929	6962	5317	5050	7261	1510	3421	1029	1413	2505	2751	7183	4474	3249	4593	6066	2107	1481	3684	3482	3959	4041	5916	4494	5843	5347	385	2904	1640	3771	2422	5365	1956	5684	312	1629	2534	1733	1223	2745	3983	1050	951	3651	6047	6642	3672	120	1021	166	1765	120	5248	5432	6060	4470	6374	6502	5935	6263	6200	1056	6300	1762	6189	4738	6444	6080	284	4357	3577	5458	6528	1147	6665	1581	3682	6680	6227	3757	1988	5433	4449	1091	3256	3137	281	1609	6285	1127	3119	5868
4968	4826	3029	6149	7052	5175	1522	1225	3475	6815	4098	5311	3719	1505	2851	2516	3939	6026	2588	3602	3267	1572	3702	4473	2244	3132	4168	5449	1969	1331	6554	1103	5559	1510	7261	4151	3918	5033	1370	2789	6183	2038	1075	5864	2123	3220	581	1720	2010	3431	6411	471	6072	555	3873	3215	634	4962	6104	1279	2605	3836	7241	5785	2685	4044	3176	1161	6408	1359	3347	3282	2300	5475	1729	6660	2811	596	4363	5811	4082	6139	1436	6020	6716	6133	6351	3664	7162	6637	120	4010	1508	3319	394	3897	4428	2227	4717	3786	5098	1289	5576	5844	2436	750	1237	3710	513	399	5956	5515	511	305	3082	3200	2949	2915	5525	996	2263
484	341	1517	2582	6546	5712	4865	6957	1174	2982	624	4922	3489	6240	3054	1286	2772	6900	3098	1412	2063	371	6560	795	3111	4721	5167	3814	3714	3894	4171	5922	5414	3421	4151	7261	2044	5671	2906	1129	1382	5081	3949	5685	3883	1062	6677	4219	3052	120	5452	6172	707	5008	7058	1155	5292	4175	1070	352	2032	4487	5233	4396	5875	2969	1997	6886	5406	5164	4139	1550	4850	1406	6786	6917	2368	393	6216	3276	3177	2052	120	1562	1559	7042	7110	7119	6397	2136	5694	681	506	5616	5398	1498	2484	5209	2666	2557	6633	4574	5849	3598	1915	2529	3471	1169	4517	6340	5799	6641	4980	3108	3952	4370	4819	3654	6314	1258	1982
2857	2925	1000	359	1390	3129	3424	120	6615	5099	3149	264	7214	3551	4340	5294	6899	4994	3352	2421	5046	4042	2206	2558	5573	4276	5095	3000	3273	2333	969	316	4881	1029	3918	2044	7261	7086	1737	5719	807	1927	789	3957	3744	2958	2260	396	1499	4742	4008	6030	2420	6491	3830	4074	1636	5919	6105	4586	2814	4302	7133	4400	1159	2262	1354	337	2204	6976	3838	1878	6757	3640	6327	2841	3653	6481	2612	1867	7099	5303	4506	2935	1035	5791	2196	1045	1315	5137	1302	6091	5019	4182	1136	6337	5547	3989	3355	7125	1874	4547	2214	5510	6627	3518	5425	6800	120	6849	3713	2245	5981	6656	675	970	6588	5223	4976	3156	267
5271	1719	2286	6305	5562	779	464	4225	120	5677	6181	1040	2210	6505	2288	2195	4472	6077	1276	6488	2650	3436	5212	1429	2581	5731	1096	2161	4351	3236	2680	5901	4254	1413	5033	5671	7086	7261	4022	2280	120	4337	6146	1163	2167	7097	6688	2076	3554	4427	6806	5852	3751	5154	5777	4949	6210	2054	1221	3346	4330	2094	2135	894	3260	3566	4368	5327	4191	170	4296	6566	4546	3363	5124	5865	1531	2241	1282	4856	7113	7076	497	770	584	6191	2856	2446	7016	1502	7243	5426	2103	4047	2234	2584	2625	5169	6717	120	4757	3909	5264	1641	2060	1053	5275	554	4729	3533	1183	3727	783	5813	4425	6205	1568	1300	3986	4915	4829
2519	622	5283	2475	6081	1538	188	6443	3683	3519	4525	350	6852	2184	6509	5056	226	2855	3386	6260	5899	5980	6887	1196	943	3164	1903	1151	2878	3151	1868	143	6674	2505	1370	2906	1737	4022	7261	2726	6686	4649	2170	3980	2945	3901	5598	6754	6344	6924	2715	6906	607	7035	4327	1886	4229	3784	6612	3453	2816	5116	4287	4914	3342	5738	6778	1647	3426	5572	4692	1925	294	2643	338	1144	4700	4520	3463	213	1949	2908	3016	245	2388	6182	3796	3667	3877	4891	3606	3639	2547	447	2953	1775	4109	6367	2240	6233	120	5389	1010	6599	7091	3797	3646	3379	3534	7060	2540	4189	6179	6910	5885	4749	5654	120	1172	5527	5954
3389	4245	120	2239	3180	4868	7218	6818	680	6310	1371	1979	6009	1750	4485	2268	2509	3114	1007	909	6144	2897	2683	2774	4133	619	5316	4600	6801	4996	2318	2048	3314	2751	2789	1129	5719	2280	2726	7261	2022	2776	3812	6794	2271	2390	3477	2688	4048	2594	1595	157	1012	3211	2293	6557	3827	4972	6390	6427	4442	4550	6759	6711	751	6927	3737	4255	4275	7129	2589	5930	4601	5618	6919	2405	925	1754	120	4452	1637	5974	822	4001	4373	1084	120	5583	5182	6067	7161	6409	2570	2898	2217	5439	2386	1077	4346	1243	661	2889	329	1241	2489	1515	5045	6891	3406	6495	5315	5187	423	5812	5043	3186	5326	1529	3432	3345	3940
3422	5451	3969	2277	489	2663	2779	4394	733	1384	650	4686	5064	867	677	1217	135	4956	2073	4743	2066	5208	1679	4734	1301	5161	2924	3454	244	330	3221	435	6399	7183	6183	1382	807	120	6686	2022	7261	4111	1890	1981	3446	120	6431	566	3817	4163	3581	4993	2765	3059	1757	6661	4319	3911	7026	5480	593	3531	4731	7011	3171	3789	3295	7080	4399	7001	410	256	1847	2564	308	5649	6128	4124	3079	3196	4821	3439	2696	416	6424	5378	5816	5079	1474	4573	3459	1330	4938	4801	2371	847	3272	1219	1917	6548	4481	4984	6850	3048	7007	2905	6611	4827	7227	1718	436	6262	3340	5338	1101	7234	3621	7070	1576	483	1022
4317	4101	282	4265	1107	3356	5246	3299	6466	1877	6586	6311	3391	1540	120	2183	5355	2631	2308	757	5522	1132	4446	3330	3449	1316	1966	5848	4711	721	4609	4748	204	4474	2038	5081	1927	4337	4649	2776	4111	7261	1274	6533	3567	4408	1761	4596	365	3296	1487	6472	1728	6692	1031	690	5071	2482	5695	3582	2660	364	631	635	2821	4808	2815	5781	6668	4997	5297	4641	414	3985	454	2045	1304	1284	5421	1798	6007	3362	3150	4872	963	1742	6074	3496	1478	6068	1345	5259	5526	3704	3946	4677	2604	2645	3891	7260	120	6476	1943	4320	3995	1709	3101	3761	6347	4180	5596	5057	6989	4349	2871	2309	5739	4358	3821	1711	2800
6730	1175	2151	6992	3284	1344	6331	5668	3440	3468	3007	5120	1694	1655	1059	740	5772	6687	5894	6825	2954	1914	1327	4436	5067	3136	120	1204	6294	1313	6483	171	6547	3249	1075	3949	789	6146	2170	3812	1890	1274	7261	6087	4564	6991	7014	6394	2379	4691	2087	6895	1139	1792	4264	7023	1823	6115	2754	2117	5125	126	3849	297	5353	6230	3604	6522	1235	1275	6984	5933	620	3501	1872	1368	7073	2004	3913	5808	647	4107	3143	670	4589	5074	6206	2942	4628	120	6652	4923	672	4322	4885	1766	5150	2560	5557	1224	4631	6100	3321	3947	4401	4630	5716	2901	2615	4359	6784	2365	1659	553	3748	3605	6330	5976	7197	2895	1400
6564	7101	3403	6898	1870	561	4227	2674	3056	1445	479	5733	1205	3105	2539	6707	7192	4007	821	5834	5589	1735	6715	7087	4279	4009	4782	1452	3179	564	4696	2813	5587	4593	5864	5685	3957	1163	3980	6794	1981	6533	6087	7261	4181	4627	614	2222	4591	2692	3121	7039	4924	4849	6892	5198	1746	120	3575	2133	3175	5126	942	4404	2042	4447	7135	7031	194	4558	2119	2668	296	2837	5941	5191	6283	3601	734	6401	2753	1444	5350	3521	6657	649	1246	3688	2174	5821	4165	6419	6799	2209	5577	444	2080	258	7211	6168	2988	7043	6267	3089	2409	3928	6410	4202	3523	2720	4065	4331	3910	729	565	6596	6893	5464	314	3530	7088
1817	4736	560	5416	3337	6024	5486	2389	268	1919	5202	5020	5393	3860	3050	5436	4646	6302	5967	1410	2074	4532	3493	4521	1836	6299	4987	5579	5042	1535	2218	674	2178	6066	2123	3883	3744	2167	2945	2271	3446	3567	4564	4181	7261	3250	2861	3879	3733	3255	861	1639	5066	5958	654	6593	5545	541	2040	120	6102	4299	491	5660	718	5286	4877	369	198	7066	5372	921	2936	5009	6520	5320	2585	6492	4775	6846	286	6619	2756	191	1577	3130	4638	1691	1671	5704	1753	1145	4746	4283	5343	1921	3367	6153	2056	2481	5826	2698	6787	6243	1252	4797	2864	2043	6101	3927	5591	4475	1500	4888	4286	2456	1972	2512	4726	1699	2535
6422	2363	4695	120	4970	6883	4585	1891	6573	345	2665	1790	4699	2719	4732	1273	288	6058	1458	7048	336	2253	4073	6120	5735	5304	2933	3443	3318	3553	4051	6620	4912	2107	3220	1062	2958	7097	3901	2390	120	4408	6991	4627	3250	7261	6595	2106	1433	2510	1501	2029	1818	1689	5931	5280	6514	1338	3388	5323	3068	3919	5673	2682	1996	5090	6345	908	7128	1795	2798	6130	5023	6762	4781	854	2145	4879	7213	3741	1218	2964	246	4670	6912	5904	6287	2707	5533	2423	426	5402	6517	4571	203	1763	4818	208	1203	1001	5062	1787	952	5650	5756	501	4336	1998	5887	1133	3499	4869	1799	1551	5001	4853	4526	4965	962	1630	1003
5234	3457	3990	6590	5075	5820	4038	5998	1270	2364	588	2823	756	6341	5257	6364	1544	4352	1051	5003	5997	4950	5313	6052	3014	5027	5755	2965	3609	4420	1611	5249	2575	1481	581	6677	2260	6688	5598	3477	6431	1761	7014	614	2861	6595	7261	5656	1512	1078	4281	5751	120	2676	2642	4153	6881	4929	1816	4060	2290	6802	5030	5092	5989	6414	5108	2848	4751	4497	1731	880	130	4329	4576	177	2212	689	2957	274	6273	1911	2629	1560	5055	2289	3430	5012	1957	2952	6544	2796	4000	872	5493	797	5539	1048	660	475	2153	2394	6932	1024	5473	3306	3450	4154	1600	5262	4333	6236	1399	5621	6099	6889	5384	4764	5226	6643	351
5825	4599	3921	2224	1006	1116	3118	1137	3840	4822	343	2777	1110	6457	6023	2238	2764	5006	1992	2661	1770	885	1251	5285	2281	4898	4338	5614	1604	2739	120	7244	3198	3684	1720	4219	396	2076	6754	2688	566	4596	6394	2222	3879	2106	5656	7261	6380	5491	2767	2414	1298	5412	1170	4765	2678	1698	1667	1892	5457	2248	6530	425	4637	4128	1922	4418	2498	980	6479	4131	2068	3715	2478	2163	2357	1372	4688	1796	1477	2832	387	840	5397	2912	3034	1079	1262	4377	3316	5239	4937	3169	7206	1418	4466	3545	7083	3385	1486	4515	6791	5830	7095	904	3586	6449	5531	3520	3288	3392	5086	5085	5503	5626	5988	5551	2002	4553	3843
974	5015	4790	1832	2007	3084	2866	1591	6673	3046	2875	120	6584	2451	6368	971	2099	120	4117	5815	5659	1086	5444	7090	4766	4645	6667	1625	6229	141	2508	2579	837	3482	2010	3052	1499	3554	6344	4048	3817	365	2379	4591	3733	1433	1512	6380	7261	280	1819	2127	2417	6317	712	411	1573	2670	4211	2718	6810	4085	2511	120	6767	2147	3563	1674	3271	2784	1184	5646	4387	417	6489	2553	3673	1427	2158	3218	5094	6735	3614	5306	6541	5663	5240	2064	5431	2419	5194	3100	486	5115	2442	3375	6303	1047	7205	4981	2033	2561	6542	4214	3022	120	6184	6413	1710	6824	4443	787	5495	5374	1092	120	6907	1814	3376	2656	5836
3115	2237	3187	1325	4070	6626	1212	5328	5569	6839	5742	7229	6290	2139	2740	2525	6939	3099	4183	1280	4620	6406	4689	5417	331	3555	4632	4763	4430	6649	7220	2070	4240	3959	3431	120	4742	4427	6924	2594	4163	3296	4691	2692	3255	2510	1078	5491	280	7261	4629	275	2005	5415	6945	7067	4653	5284	6966	2226	2402	752	7156	250	5517	6774	3844	5434	5331	3689	5857	4458	924	2385	5139	4159	3799	5104	5883	4798	1855	1140	7105	7010	1651	6851	3329	6744	5582	664	1885	4565	2996	2261	355	1381	441	5396	1953	5201	7146	746	4701	6812	4683	176	3170	1539	5254	2181	4084	800	6014	3505	2791	4059	5840	897	2034	4018	3962
3982	6616	6387	2165	5359	5667	7018	882	850	4647	333	3561	3535	5483	7231	6268	3028	1939	5308	3491	4512	2111	1180	6694	3364	640	4712	6247	3359	6866	3042	6353	139	4041	6411	5452	4008	6806	2715	1595	3581	1487	2087	3121	861	1501	4281	2767	1819	4629	7261	1341	5364	4810	4268	6561	2339	3622	2995	6569	6402	6621	3916	3794	4523	873	1441	5070	120	3599	4588	3773	6125	2188	2899	4772	6358	5206	4840	2053	2067	3998	1483	6690	3166	1945	1503	875	3975	120	1290	1536	1983	1264	1272	6407	6958	1803	3779	1924	6738	6857	283	1959	227	2959	2847	2574	6766	5543	2313	6095	997	2079	877	5724	2342	6498	7198	5459	6607
6055	1901	4598	5255	2164	613	6088	771	523	1164	3466	1946	2618	3483	1904	1074	504	4388	3154	2975	7165	2891	6646	6558	4660	3393	326	1068	4118	5994	4289	3721	5949	5916	471	6172	6030	5852	6906	157	4993	6472	6895	7039	1639	2029	5751	2414	2127	275	1341	7261	4186	303	6145	1563	2759	2305	4952	6002	4411	1584	3060	358	6874	3869	3645	5880	2148	5105	1652	4828	4445	1645	1489	981	2622	6180	3240	5878	6854	6701	522	6296	4390	6266	4911	1333	3772	2655	120	1373	4722	1308	4029	6797	5553	5692	6054	6083	6001	1607	2673	2324	3096	2514	3585	6328	5822	4433	120	5375	4817	6213	7056	3339	589	6823	2247	6119	6844
5010	5196	6202	2016	4756	5403	6885	7204	4943	4397	7182	5032	3517	2361	730	3878	2428	2894	390	2362	5367	3620	6871	6929	2296	6482	1342	3619	3226	6085	1456	3465	5699	4494	6072	707	2420	3751	607	1012	2765	1728	1139	4924	5066	1818	120	1298	2417	2005	5364	4186	7261	3938	5696	4999	6834	6194	1206	1592	2157	856	5068	2542	3846	3153	4429	7053	5282	3731	3977	6154	5258	2440	2922	3810	2672	148	3847	456	6435	7120	120	4841	6313	7019	260	2091	5166	6994	7169	678	1020	1558	6165	235	4958	4270	5122	3077	722	4405	1250	7037	7223	6454	3241	1360	4804	5615	136	6288	4590	597	3920	3104	4624	6325	3234	5675	799
6742	3893	3657	3587	6383	957	819	1379	3600	3942	2276	6798	6965	5135	1146	4116	5992	851	713	3526	5638	4953	6420	7181	3834	4217	1461	4379	3353	4503	4863	306	272	5843	555	5008	6491	5154	7035	3211	3059	6692	1792	4849	5958	1689	2676	5412	6317	5415	4810	303	3938	7261	1583	4465	7235	1118	3066	120	3765	3139	949	2344	6453	5178	5783	6321	2596	172	7180	248	6272	958	2876	6724	3015	5705	5340	876	3996	5411	120	7015	6447	753	1213	4926	1469	6258	6338	4543	5097	3264	6156	2979	3504	2980	3263	257	4323	671	3251	716	992	5109	1807	5368	865	4056	1109	1329	6326	4964	5775	6123	3313	2486	5101	4140	5040
5923	2601	120	1037	5174	391	5263	2471	6467	5938	7085	741	2817	1128	2453	1242	4835	6722	4112	6817	1934	3102	2314	1768	3568	6859	1488	421	3230	4092	1256	4663	5706	5347	3873	7058	3830	5777	4327	2293	1757	1031	4264	6892	654	5931	2642	1170	712	6945	4268	6145	5696	1583	7261	3867	3569	7077	6916	1995	5893	6903	2257	853	3999	3753	1106	777	5580	363	2799	5190	2846	5011	2491	1764	2267	6282	5200	4406	4122	901	6601	4293	2504	6870	2352	5210	687	3641	1008	3624	6937	7184	2492	6432	239	375	832	4193	1906	3861	2265	2343	5869	1234	405	3302	3444	6760	5711	3690	6143	3124	2160	1463	3674	5971	4020	1918	3336
5152	7210	5024	1439	4679	5310	2334	2140	5665	3031	3637	2820	7134	1771	5129	5651	714	4169	4423	5734	3924	517	120	2418	6108	2179	3818	6306	1826	1809	4339	2065	5870	385	3215	1155	4074	4949	1886	6557	6661	690	7023	5198	6593	5280	4153	4765	411	7067	6561	1563	4999	4465	3867	7261	3086	1089	4559	3146	4871	2408	120	2802	930	1666	4906	6671	6159	845	3305	1782	4595	7024	2319	2524	3192	1715	933	6010	335	5499	1430	2162	846	2691	6853	919	494	237	7104	3791	3539	2593	1580	1967	6404	3428	2266	4201	5034	6006	6591	4063	4983	6382	1417	536	339	2609	4551	1150	3287	2061	3194	5765	912	3492	3522	4755	4587
6507	2465	1194	4989	6545	5532	1343	5138	6421	3303	5920	5631	760	1527	4013	3700	5391	982	1871	3961	1292	1734	1365	2515	682	7118	3513	2571	3529	1197	2159	5107	1081	2904	634	5292	1636	6210	4229	3827	4319	5071	1823	1746	5545	6514	6881	2678	1573	4653	2339	2759	6834	7235	3569	3086	7261	515	4566	1646	1955	2082	2416	3231	2563	576	2051	2225	1829	3778	6729	920	3973	534	3841	2323	493	3610	2981	6251	1650	5072	5345	991	902	2219	1227	1497	5639	848	1479	5607	2725	4668	5523	4917	6051	6304	120	3914	4184	4113	5794	5575	5729	7236	6235	763	2488	4876	4892	7047	2885	2833	4514	5800	4292	2721	6053	5726	3402
3775	4622	2611	6225	7176	5906	1482	120	2717	2381	4737	5509	2699	1383	3767	2180	4690	4859	1090	4583	5558	3301	7034	5383	2115	1881	3912	5757	3930	3966	4651	7179	2963	1640	4962	4175	5919	2054	3784	4972	3911	2482	6115	120	541	1338	4929	1698	2670	5284	3622	2305	6194	1118	7077	1089	515	7261	4004	299	4727	725	3297	1283	1404	5440	1556	608	1034	1248	4096	6934	6777	3552	2677	6319	973	6709	420	6221	3829	934	200	2041	6248	1025	1201	3351	4366	547	3884	2437	6908	6863	1931	1936	652	4500	537	6684	810	2722	1178	5873	4569	5516	4291	7138	6254	1057	5779	4054	6208	1889	5929	2659	4083	2120	694	3464	514
615	3902	3013	3257	1176	5561	3184	2738	5691	2693	2781	2430	3128	3853	6017	5795	2940	4410	577	5964	1207	6598	706	3650	120	3332	2630	1492	5342	5687	2854	1514	3460	3771	6104	1070	6105	1221	6612	6390	7026	5695	2754	3575	2040	3388	1816	1667	4211	6966	2995	4952	1206	3066	6916	4559	4566	4004	7261	5720	120	2770	4252	5133	6269	2168	4602	3948	4771	2340	5690	4545	255	3325	3429	2020	4592	1152	5867	5619	4784	976	3872	3781	4478	5471	5993	944	5111	3208	1703	7032	231	1015	6439	1168	665	6350	849	3580	1845	764	2329	1898	7040	6926	5990	2326	4198	3625	6579	2320	3991	1717	2191	552	6796	643	2370	5357	236
1347	6277	838	5088	205	5132	5314	3758	3285	3589	7154	434	6056	2273	4659	7171	887	578	3813	2911	526	2346	1334	7233	4833	5761	492	6847	1597	120	4234	6954	4944	2422	1279	352	4586	3346	3453	6427	5480	3582	2117	2133	120	5323	4060	1892	2718	2226	6569	6002	1592	120	1995	3146	1646	299	5720	7261	315	2932	2185	7050	6816	7062	6861	818	7004	2026	6129	544	5392	3309	1759	5680	913	4754	6613	1542	6691	1608	6768	5858	4043	4028	4718	4088	2249	2785	2228	2743	1069	3676	3113	5606	2143	5151	1426	2587	4682	6935	4777	5861	159	1011	377	7164	6070	2014	120	3695	2345	2121	6147	5632	1664	2251	602	4326	4779
1165	987	4971	3182	3474	185	2282	4444	3707	5080	3805	4249	5000	4852	6915	6140	3618	1941	7005	3441	1971	2499	4759	4614	164	4621	2706	3800	2728	4157	3588	3978	6695	5365	2605	2032	2814	4330	2816	4442	593	2660	5125	3175	6102	3068	2290	5457	6810	2402	6402	4411	2157	3765	5893	4871	1955	4727	120	315	7261	6931	6534	4655	6860	1603	120	7008	7100	6714	582	3155	154	6645	1962	1705	858	317	2619	1472	945	926	864	2230	7238	1627	7068	6963	6779	5344	4504	774	2476	3669	2454	4942	5766	6603	5420	3611	6838	769	401	2374	1555	3691	437	1846	2473	5298	6521	1305	1970	6158	2299	869	6256	1195	2513	2890	4652
153	2620	6458	5859	4290	1589	121	2397	5487	5289	5648	2704	1810	2550	4080	3145	4539	3017	3228	776	324	3739	6360	4951	449	2768	125	1156	745	2733	796	6576	860	1956	3836	4487	4302	2094	5116	4550	3531	364	126	5126	4299	3919	6802	2248	4085	752	6621	1584	856	3139	6903	2408	2082	725	2770	2932	6931	7261	1125	5910	4040	2434	2825	120	5788	6042	7144	6563	5462	161	2461	2862	5940	6819	4440	120	5065	2400	6658	2156	6663	6239	5128	3036	972	4909	1599	5721	120	5228	1187	2039	4741	6763	5588	5438	3882	4196	1088	3323	698	6253	6126	173	3903	5555	4902	2211	6385	2258	1695	4298	4343	1134	1166	3348	2109
5881	4407	6662	4024	3011	1369	4855	4851	2018	935	6057	2233	243	3644	5782	1827	3668	2494	4830	2664	549	6464	1812	6832	4271	4138	6624	415	2291	5872	6349	5831	6038	5684	7241	5233	7133	2135	4287	6759	4731	631	3849	942	491	5673	5030	6530	2511	7156	3916	3060	5068	949	2257	120	2416	3297	4252	2185	6534	1125	7261	4177	428	668	6112	794	4955	6111	418	1328	5804	2452	3372	6092	4787	1596	4633	3380	3515	1899	3445	720	7000	2971	3701	7212	290	1928	3703	2987	3889	7185	4459	4927	3808	4274	2931	1519	6370	3858	6808	4161	6978	3225	4708	977	2134	6947	2946	3417	683	922	1850	5805	4918	5140	5717	3195	5232
6659	300	5466	2460	4913	1408	1288	6562	5513	835	4678	2203	5895	1741	3041	5455	4618	6462	4395	3972	532	5871	1624	6706	2310	4374	5447	6550	2731	4248	3926	1909	3675	312	5785	4396	4400	894	4914	6711	7011	635	297	4404	5660	2682	5092	425	120	250	3794	358	2542	2344	853	2802	3231	1283	5133	7050	4655	5910	4177	7261	5215	2229	4694	7216	3142	6356	5564	3203	2356	4870	4954	1261	6597	6519	2201	1783	1009	3047	2493	5507	6809	3732	1467	3740	669	5467	7108	2960	5602	1908	7225	450	3290	6281	4986	571	6040	3202	1108	1167	1023	3405	1013	1587	4213	2771	5007	6515	1688	2598	4066	6821	134	4549	4728	759	4328
3937	199	1126	2877	5016	1839	4845	4861	543	3936	3798	3806	5888	4706	2331	6078	711	1285	4745	2863	4350	3094	3065	1072	4733	1961	5123	6721	4228	6231	3543	6537	322	1629	2685	5875	1159	3260	3342	751	3171	2821	5353	2042	718	1996	5989	4637	6767	5517	4523	6874	3846	6453	3999	930	2563	1404	6269	6816	6860	4040	428	5215	7261	3864	4519	6583	485	1182	4674	120	5647	498	5363	4398	1314	4103	5780	6693	1751	5400	4933	4531	3542	4356	4644	4669	3608	1566	5624	4247	392	457	3008	7046	6496	6867	367	3862	6270	4501	4019	6357	3573	2591	6332	2081	6639	2521	7006	3033	5053	4667	347	5031	5446	4167	2646	403	4226
6647	270	165	5829	120	6322	1332	3201	1530	3076	5544	3334	3210	3012	2285	3557	2393	1340	1143	4796	4862	3729	3216	7230	327	4603	2736	5147	995	3488	7193	4783	4369	2534	4044	2969	2262	3566	5738	6927	3789	4808	6230	4447	5286	5090	6414	4128	2147	6774	873	3869	3153	5178	3753	1666	576	5440	2168	7062	1603	2434	668	2229	3864	7261	6792	4535	4483	4069	3917	4495	3040	4230	2746	3409	5386	346	120	4341	2205	1189	404	6986	5496	120	6059	6875	2403	5279	4957	2586	6418	6795	124	2432	6602	2176	1552	4925	3705	898	2503	175	6308	5387	4195	804	6761	251	3636	6107	3373	132	5038	5505	1893	3537	960	6086	123
1571	2415	2867	4002	5845	273	3752	5912	6169	843	2984	463	3824	291	4251	6333	1027	265	1697	5662	510	1704	1087	6255	3123	2766	3665	6379	6862	2407	2232	3413	5611	1733	3176	1997	1354	4368	6778	3737	3295	2815	3604	7135	4877	6345	5108	1922	3563	3844	1441	3645	4429	5783	1106	4906	2051	1556	4602	6861	120	2825	6112	4694	4519	6792	7261	6018	3001	4607	353	3512	7217	3158	1990	6388	7084	5866	4095	784	6012	6837	3951	1496	806	2124	4675	388	1112	1455	6276	309	5250	639	2243	3038	6773	7117	6430	3390	215	3360	220	503	3866	4890	5142	6016	3922	1403	6922	3506	6751	2860	7257	477	6027	4316	5926	3696	3547
7173	2449	3564	1214	6897	6315	120	4640	6279	3956	3274	1462	1293	2562	4108	1716	4900	6329	7160	5835	2466	2939	2171	4315	1682	2322	2819	298	7189	295	5409	629	1643	1223	1161	6886	337	5327	1647	4255	7080	5781	6522	7031	369	908	2848	4418	1674	5434	5070	5880	7053	6321	777	6671	2225	608	3948	818	7008	120	794	7216	6583	4535	6018	7261	3822	4839	6307	4991	1509	3626	5877	6362	3528	4383	5014	6029	5423	1963	4391	6318	4197	1869	3148	1181	5130	1657	120	6284	3495	2089	2732	6339	4348	3899	2805	844	3341	4831	2567	2735	2399	772	791	4740	5179	1281	5802	6967	6632	4162	551	3010	4486	4360	1226	120	5701
2069	4166	1231	7111	6740	3795	2577	6990	6187	1833	4437	3383	1222	5809	4318	6506	4469	1785	1811	5470	1773	5076	655	6456	1676	1396	131	830	319	3193	6064	3597	1356	2745	6408	5406	2204	4191	3426	4275	4399	6668	1235	194	198	7128	4751	2498	3271	5331	120	2148	5282	2596	5580	6159	1829	1034	4771	7004	7100	5788	4955	3142	485	4483	3001	3822	7261	1249	5171	5189	7247	184	6478	6062	3092	4259	7167	5219	6979	4393	3875	618	1255	7203	2197	4464	5369	3852	6733	6532	6942	7098	6400	2348	2000	2321	703	4032	1902	4704	4188	6813	699	1475	4367	6438	5089	3950	7092	4698	1052	1389	693	4212	4612	3378	5853	1675	4301
747	3851	6638	6141	5876	3994	4216	5952	5960	5973	6264	4654	7055	7249	3735	3447	7166	5700	2496	6720	3433	2404	2812	120	5324	1638	3456	823	3544	6460	1984	6551	2311	3983	1359	5164	6976	170	5572	7129	7001	4997	1275	4558	7066	1795	4497	980	2784	3689	3599	5105	3731	172	363	845	3778	1248	2340	2026	6714	6042	6111	6356	1182	4069	4607	4839	1249	7261	4026	3670	4361	2907	5745	1491	5021	6575	6036	1464	6943	1859	4793	459	4278	2144	1521	6840	6110	7033	824	813	559	1115	4371	792	3061	4312	4491	2047	2747	4014	409	1840	3398	4518	3112	6242	2694	5642	5225	4046	1938	527	915	736	2638	2705	4846	6772	7081
5770	6252	3462	5025	120	4422	4185	5186	6293	5173	397	6681	2552	1769	2729	210	2967	2702	3300	3315	2501	5560	4091	2295	1680	5628	1830	5752	6065	4753	4030	5999	2130	1050	3347	4139	3838	4296	4692	2589	410	5297	6984	2119	5372	2798	1731	6479	1184	5857	4588	1652	3977	7180	2799	3305	6729	4096	5690	6129	582	7144	418	5564	4674	3917	353	6307	5171	4026	7261	5497	5670	2128	916	4744	1063	183	1291	7124	765	6580	6606	1781	311	1767	3219	793	1337	5750	5921	1692	6278	6348	3662	247	1061	120	4613	3787	6512	408	3723	3310	5841	1416	4392	2928	5768	460	5709	3473	709	7246	5087	1848	667	4218	488	1105	5478
6471	3106	6415	1113	3979	2532	5103	3049	6372	775	2126	738	7207	4386	1615	120	4308	5274	2012	6814	3803	656	5035	6207	3658	5022	3126	1744	715	1454	4027	138	3823	951	3282	1550	1878	6566	1925	5930	256	4641	5933	2668	921	6130	880	4131	5646	4458	3773	4828	6154	248	5190	1782	920	6934	4545	544	3155	6563	1328	3203	120	4495	3512	4991	5189	3670	5497	7261	5957	3178	1093	3144	1362	3335	6039	7089	3127	5238	4864	2711	1825	5358	2830	1312	1964	5143	3612	6697	4415	6997	4372	1776	6395	1574	2769	663	896	3448	2468	2603	7200	1582	5184	1473	368	1808	7250	1856	4176	301	5995	1485	1449	642	223	684	6518
691	2353	744	5774	6793	978	3026	7109	1930	1265	304	6073	4089	5672	6122	2917	658	6375	3222	174	4584	3792	5970	4058	3423	739	3755	120	3120	1526	278	1215	1661	3651	2300	4850	6757	4546	294	4601	1847	414	620	296	2936	5023	130	2068	4387	924	6125	4445	5258	6272	2846	4595	3973	6777	255	5392	154	5462	5804	2356	5647	3040	7217	1509	7247	4361	5670	5957	7261	224	1306	2518	6250	2335	413	3244	2923	3777	1494	1588	1838	3467	4720	380	1960	271	644	4311	2092	6856	6342	2046	5506	7078	1631	4457	2635	4685	3141	3027	5485	2606	4205	3275	2887	2375	1644	3826	6485	2264	5461	4619	3943	1665	2896	1122	5214
453	349	6450	2155	2252	2220	4963	5586	3019	4072	6909	6610	937	2536	990	5645	801	4206	3245	6975	4314	2150	4867	6497	3280	2937	443	5155	2216	1484	3724	2487	1732	6047	5475	1406	3640	3363	2643	5618	2564	3985	3501	2837	5009	6762	4329	3715	417	2385	2188	1645	2440	958	5011	7024	534	3552	3325	3309	6645	161	2452	4870	498	4230	3158	3626	184	2907	2128	3178	224	7261	808	5601	7057	3487	839	2441	1259	4114	2304	3239	3401	6644	4998	439	4403	5693	6301	1546	1323	5678	6298	2003	120	230	3960	2626	1926	1879	2874	623	3217	6944	6836	3643	5909	4527	6442	6904	4012	2008	7232	2199	2303	2315	2853	269	2186
6946	2572	6780	899	3311	3562	2880	2750	6713	6486	641	3993	5623	594	366	4172	4605	6750	646	4426	2154	3886	2934	5913	5903	2803	2869	4199	4554	2807	4540	3769	2142	6642	1729	6786	6327	5124	338	6919	308	454	1872	5941	6520	4781	4576	2478	6489	5139	2899	1489	2922	2876	2491	2319	3841	2677	3429	1759	1962	2461	3372	4954	5363	2746	1990	5877	6478	5745	916	1093	1306	808	7261	120	7158	5810	6136	988	2549	6985	3320	1524	3887	1690	820	1130	2695	4820	2712	6876	592	3783	6226	6244	6811	1541	4150	3122	6199	1244	3461	7174	4529	6549	3470	1944	7059	5498	7127	1493	3343	6373	1240	6011	5722	5778	3540	3476	1102
5908	120	7041	4484	2328	5932	590	6835	462	5337	6271	7072	4792	5293	1506	3984	3093	2648	4941	6291	2955	940	5905	5629	120	724	4365	1842	6629	6739	6150	5220	2023	3672	6660	6917	2841	5865	1144	2405	5649	2045	1368	5191	5320	854	177	2163	2553	4159	4772	981	3810	6724	1764	2524	2323	6319	2020	5680	1705	2862	6092	1261	4398	3409	6388	6362	6062	1491	4744	3144	2518	5601	120	7261	5413	3734	2269	1236	1565	4582	4389	1739	4031	1043	1366	3361	809	2235	893	5556	5481	6938	2888	4541	3258	6577	5047	883	2429	2613	6510	2367	2398	3497	7021	6983	6167	956	616	4572	3174	3366	4684	6164	1916	3976	440	162	5489
1065	6384	2131	5681	6474	6428	3754	959	120	673	928	1320	209	5897	3895	1200	5585	2467	3559	1633	1935	5961	2372	1160	586	2838	3030	1245	5661	4496	5863	4137	5195	120	2811	2368	3653	1531	4700	925	6128	1304	7073	6283	2585	2145	2212	2357	3673	3799	6358	2622	2672	3015	2267	3192	493	973	4592	913	858	5940	4787	6597	1314	5386	7084	3528	3092	5021	1063	1362	6250	7057	7158	5413	7261	6093	4642	3896	637	572	3819	2075	1357	3451	6977	2500	1263	946	748	3974	3349	6718	2537	120	2985	601	4476	5769	4934	6827	1837	5339	5492	4534	3870	645	4385	3233	6215	2254	1230	5748	5939	473	430	717	342	1278	7082
6148	6526	4263	6079	3188	1321	5879	3485	7163	3632	540	3708	6995	2775	3381	6405	2283	1693	5418	150	4832	5708	931	993	6487	1684	6289	2395	4528	4795	6113	3419	1054	1021	596	393	6481	2241	4520	1754	4124	1284	2004	3601	6492	4879	689	1372	1427	5104	5206	6180	148	5705	6282	1715	3610	6709	1152	4754	317	6819	1596	6519	4103	346	5866	4383	4259	6575	183	3335	2335	3487	5810	3734	6093	7261	1937	766	4376	7122	4513	695	1466	5884	6500	871	855	120	3125	1648	5947	2808	4530	2387	723	4414	4774	2207	5959	1706	3907	4693	1861	5193	2279	3110	4967	7226	5405	3642	3549	120	3560	5702	2057	4907	2780	599	542
5390	1900	1188	3898	1793	6417	4794	1554	1543	1844	211	5172	2918	5302	5568	1446	5419	1277	1805	4579	1476	6071	6355	5634	4439	2653	3997	6151	6781	5986	1209	1853	6223	166	4363	6216	2612	1282	3463	120	3079	5421	3913	734	4775	7213	2957	4688	2158	5883	4840	3240	3847	5340	5200	933	2981	420	5867	6613	2619	4440	4633	2201	5780	120	4095	5014	7167	6036	1291	6039	413	839	6136	2269	4642	1937	7261	767	6211	1095	1977	1758	4905	3788	4145	4894	3693	2951	120	7116	3357	5217	412	3411	2997	6842	3365	4222	6752	5968	2088	3415	7012	6894	7172	6651	1335	1586	1083	3484	5307	1875	2427	2448	1391	1954	6743	4158	879
1887	3281	6956	7208	5213	4697	4725	5833	5244	6968	6346	478	4156	2636	1942	6275	1585	676	482	598	3213	1822	3044	4146	6918	4062	5121	4676	6952	1958	2852	1428	3679	1765	5811	3276	1867	4856	213	4452	3196	1798	5808	6401	6846	3741	274	1796	3218	4798	2053	5878	456	876	4406	6010	6251	6221	5619	1542	1472	120	3380	1783	6693	4341	784	6029	5219	1464	7124	7089	3244	2441	988	1236	3896	766	767	7261	6096	1393	6953	3837	4257	2976	3801	2943	3205	3863	6868	1947	6178	3003	6132	5069	4959	4544	129	518	3574	3434	2566	6142	569	6508	5542	4057	3286	4454	2679	5017	4102	4507	4816	1386	7114	6732	3261	3832	4533
5334	1802	3592	3595	914	2497	120	1724	469	5928	1602	6771	2545	3802	1238	5078	1533	903	595	803	4770	1660	1880	7186	6021	5183	4187	2450	5256	3283	6540	5653	4897	120	4082	3177	7099	7113	1949	1637	4821	6007	647	2753	286	1218	6273	1477	5094	1855	2067	6854	6435	3996	4122	335	1650	3829	4784	6691	945	5065	3515	1009	1751	2205	6012	5423	6979	6943	765	3127	2923	1259	2549	1565	637	4376	6211	6096	7261	2716	1507	6134	5073	6035	5882	2568	120	817	3809	3083	137	2970	890	5978	5911	5918	705	2872	3269	900	279	6174	4561	1114	287	3172	4310	1374	7102	2628	6536	2194	6833	1423	2316	3720	378	2627	1701
5460	151	432	884	2152	3510	2744	5950	2649	6224	5100	3212	2013	2530	6531	2396	5203	2200	5205	874	6131	1999	2036	4705	728	964	145	5134	7199	4303	805	4097	2900	5248	6139	2052	5303	7076	2908	5974	3439	3362	4107	1444	6619	2964	1911	2832	6735	1140	3998	6701	7120	5411	901	5499	5072	934	976	1608	926	2400	1899	3047	5400	1189	6837	1963	4393	1859	6580	5238	3777	4114	6985	4582	572	7122	1095	1393	2716	7261	5550	509	7131	2870	6737	120	2647	4256	1138	3006	710	1030	6747	520	4502	6195	2883	1398	5041	1067	773	5991	4747	4961	4857	2793	182	6622	1549	4687	5746	3452	1968	307	152	6033	648	6393	7187
3116	5715	6433	6776	4973	1940	3782	3070	1677	3117	5370	4672	4874	5385	4309	4932	2938	1295	3831	4490	609	2590	5002	2338	7253	3480	1649	6423	6198	262	5767	4597	442	5432	1436	120	4506	497	3016	822	2696	3150	3143	5350	2756	246	2629	387	3614	7105	1483	522	120	120	6601	1430	5345	200	3872	6768	864	6658	3445	2493	4933	404	3951	4391	3875	4793	6606	4864	1494	2304	3320	4389	3819	4513	1977	6953	1507	5550	7261	3712	4921	2778	5360	7170	2583	1076	6103	6841	3514	546	786	2327	3717	3726	2213	5674	4946	938	3885	1100	6775	2914	4562	4093	6005	240	6604	5707	5361	4858	5698	3191	4462	1414	2284	2058	1797
5520	538	1614	6884	5296	5096	1863	4220	1044	4606	1297	6855	6152	1980	2383	5666	2829	5787	2097	3842	5819	2366	4948	2956	6538	1974	1220	6203	5281	4866	3584	6913	2902	6060	6020	1562	2935	770	245	4001	416	4872	670	3521	191	4670	1560	840	5306	7010	6690	6296	4841	7015	4293	2162	991	2041	3781	5858	2230	2156	720	5507	4531	6986	1496	6318	618	459	1781	2711	1588	3239	1524	1739	2075	695	1758	3837	6134	509	3712	7261	1888	120	2708	6901	6398	4824	1780	4267	5985	5113	4567	5850	859	5832	731	3382	120	5747	5472	5759	3420	3407	4384	2445	802	6578	3593	7201	1865	419	4988	122	4985	4123	163	4635	5953
6888	6708	2658	4643	2533	1158	4778	144	4707	2294	2464	1266	7150	1756	1748	4148	4053	3845	5948	3968	4141	6037	4837	3763	7254	2350	5524	2714	888	133	5732	1743	4243	4470	6716	1559	1035	584	2388	4373	6424	963	4589	6657	1577	6912	5055	5397	6541	1651	3166	4390	6313	6447	2504	846	902	6248	4478	4043	7238	6663	7000	6809	3542	5496	806	4197	1255	4278	311	1825	1838	3401	3887	4031	1357	1466	4905	4257	5073	7131	4921	1888	7261	2472	3021	3900	1438	4221	870	1257	4834	6928	1548	4479	4634	2341	4578	4719	4015	732	168	5448	3427	4681	502	3988	4577	7152	422	1419	1318	2662	1346	2312	3024	3045	5688	2983	120
6650	5603	229	1820	573	4761	2543	2835	3745	6539	947	7224	1905	1058	4786	798	7107	1451	6392	4509	4887	3706	4482	574	398	1978	6920	558	1064	3157	2990	5625	3063	6374	6133	7042	5791	6191	6182	1084	5378	1742	5074	649	3130	5904	2289	2912	5663	6851	1945	6266	7019	753	6870	2691	2219	1025	5471	4028	1627	6239	2971	3732	4356	120	2124	1869	7203	2144	1767	5358	3467	6644	1690	1043	3451	5884	3788	2976	6035	2870	2778	120	2472	7261	2916	1736	923	3677	2616	1002	4100	5465	5528	6689	6437	2986	5963	5437	1606	1747	2787	4077	2610	348	5332	2790	2910	6582	1351	5962	3498	1468	1670	2457	5490	5445	186	2444	5299
3730	4799	3152	3253	1579	5749	7123	3394	6710	7159	197	6162	3548	2827	6175	6988	6084	2410	1309	6127	6516	2431	3486	2298	6731	5683	4005	727	6046	1557	7237	4441	4878	6502	6351	7110	2196	2856	3796	120	5816	6074	6206	1246	4638	6287	3430	3034	5240	3329	1503	4911	260	1213	2352	6853	1227	1201	5993	4718	7068	5128	3701	1467	4644	6059	4675	3148	2197	1521	3219	2830	4720	4998	820	1366	6977	6500	4145	3801	5882	6737	5360	2708	3021	2916	7261	1635	2962	4803	2734	638	812	1547	1311	6082	6905	1993	2944	354	1349	6116	1532	2968	6555	5925	5230	2578	550	4611	6940	2788	6831	1932	626	466	6469	1407	4325	2096	4332
3224	6000	7132	866	6261	2259	5102	7228	2972	5896	3004	5652	3080	4353	2100	4785	6594	374	2027	120	5521	1378	3856	580	3500	5300	1269	4617	6494	2992	2173	3987	816	5935	3664	7119	1045	2446	3667	5583	5079	3496	2942	3688	1691	2707	5012	1079	2064	6744	875	1333	2091	4926	5210	919	1497	3351	944	4088	6963	3036	7212	3740	4669	6875	388	1181	4464	6840	793	1312	380	439	1130	3361	2500	871	4894	2943	2568	120	7170	6901	3900	1736	1635	7261	3859	189	2031	2050	1985	591	6025	384	1210	1668	5036	2347	5272	2834	4780	2544	5051	2129	6535	3941	1097	6996	3756	6185	3780	1656	5635	2485	3785	1082	2742	6723	4380
3039	530	630	195	4750	5504	4903	825	1254	1229	3085	4455	4215	5600	6032	889	6063	1520	1260	3067	5192	6048	737	4409	1361	1104	1835	7153	6214	5336	1545	6484	4813	6263	7162	6397	1315	7016	3877	5182	1474	1478	4628	2174	1671	5533	1957	1262	5431	5582	3975	3772	5166	1469	687	494	5639	4366	5111	2249	6779	972	290	669	3608	2403	1112	5130	5369	6110	1337	1964	1960	4403	2695	809	1263	855	3693	3205	120	2647	2583	6398	1438	923	2962	3859	7261	1435	1322	1405	2424	1516	4203	6475	1685	5145	3091	4306	1228	3607	3793	4616	2919	7028	7178	2411	4375	5902	5610	372	120	989	2752	1388	2116	6987	1726	1459	5924
285	3736	1443	1324	2850	2783	2669	6789	2255	3820	906	6201	3072	5803	5329	2193	2554	1376	2538	7103	2332	5710	6192	6914	3647	4594	3338	3509	6670	120	3594	2528	2104	6200	6637	2136	5137	1502	4891	6067	4573	6068	120	5821	5704	2423	2952	4377	2419	664	120	2655	6994	6258	3641	237	848	547	3208	2785	5344	4909	1928	5467	1566	5279	1455	1657	3852	7033	5750	5143	271	5693	4820	2235	946	120	2951	3863	817	4256	1076	4824	4221	3677	4803	189	1435	7261	708	6734	6334	6719	252	895	2480	4119	2517	3694	2024	6788	402	2412	3057	5984	4033	4200	3571	2035	5609	5435	4017	3935	516	5758	5630	461	6309	3412	6741
4034	6949	1350	2102	1355	6257	253	3776	3590	2684	1895	7022	2845	4061	4052	1162	323	7017	5511	4099	3931	2599	6376	4460	6618	142	3237	1267	193	5401	1450	3558	2727	1056	120	5694	1302	7243	3606	7161	3459	1345	6652	4165	1753	426	6544	3316	5194	1885	1290	120	7169	6338	1008	7104	1479	3884	1703	2228	4504	1599	3703	7108	5624	4957	6276	120	6733	824	5921	3612	644	6301	2712	893	748	3125	120	6868	3809	1138	6103	1780	870	2616	2734	2031	1322	708	7261	6654	5242	4045	6756	179	6630	310	3532	4241	334	5945	1752	975	6955	5874	120	4931	2762	5366	6826	3397	6950	6114	357	5540	4164	2182	120	6504	5565
4223	6981	406	1173	5898	6972	579	495	1375	3828	4178	7140	4910	2146	467	4498	6925	6592	5165	1791	3527	2556	4563	160	827	156	2757	490	2818	2569	6941	3408	2223	6300	4010	681	6091	5426	3639	6409	1330	5259	4923	6419	1145	5402	2796	5239	3100	4565	1536	1373	678	4543	3624	3791	5607	2437	7032	2743	774	5721	2987	2960	4247	2586	309	6284	6532	813	1692	6697	4311	1546	6876	5556	3974	1648	7116	1947	3083	3006	6841	4267	1257	1002	638	2050	1405	6734	6654	7261	5764	6683	7106	6166	4467	5199	5479	1669	778	862	120	5474	3905	4995	120	2085	1271	3738	697	2413	4266	5181	2336	5536	6698	4542	5163	842	1421
6572	5456	512	4610	4355	3722	3965	4920	289	190	5295	1424	6452	5373	1402	6163	881	4280	6699	4990	5570	1612	4975	1157	2607	4067	6069	1193	7147	5996	4710	2455	6075	1762	1508	506	5019	2103	2547	2570	4938	5526	672	6799	4746	6517	4000	4937	486	2996	1983	4722	1020	5097	6937	3539	2725	6908	231	1069	2476	120	3889	5602	392	6418	5250	3495	6942	559	6278	4415	2092	1323	592	5481	3349	5947	3357	6178	137	710	3514	5985	4834	4100	812	1985	2424	6334	5242	5764	7261	7242	2597	3546	1923	5566	1806	1154	1610	1296	3103	6218	3400	4974	7020	1353	3259	2998	1149	4939	5312	5321	1135	2198	360	6386	3770	4277	768
187	2617	1307	4434	6463	3328	5221	1965	2138	5157	5689	1687	1036	2881	3811	1121	3078	2349	446	7149	3686	4825	612	2359	120	7003	5725	3760	4658	1561	3768	5395	3238	6189	3319	5616	4182	4047	447	2898	4801	3704	4322	2209	4283	4571	872	3169	5115	2261	1264	1308	1558	3264	7184	2593	4668	6863	1015	3676	3669	5228	7185	1908	457	6795	639	2089	7098	1115	6348	6997	6856	5678	3783	6938	6718	2808	5217	3003	2970	1030	546	5113	6928	5465	1547	591	1516	6719	4045	6683	7242	7261	2884	6135	1511	1447	4992	5860	5599	6869	6675	6705	4860	5972	2101	4739	6045	5644	238	321	2633	2378	2527	3656	5793	2909	4884	3223	3746
3138	3692	2600	1727	7143	5590	1951	4106	4977	5786	4003	5156	4135	7194	6880	3681	984	465	5657	6872	7096	3134	7063	1713	3055	6117	120	196	2358	6137	6365	5886	5388	4738	394	5398	1136	2234	2953	2217	2371	3946	4885	5577	5343	203	5493	7206	2442	355	1272	4029	6165	6156	2492	1580	5523	1931	6439	3113	2454	1187	4459	7225	3008	124	2243	2732	6400	4371	3662	4372	6342	6298	6226	2888	2537	4530	412	6132	890	6747	786	4567	1548	5528	1311	6025	4203	252	6756	7106	2597	2884	7261	6600	7258	5454	4516	221	7137	2947	6389	5044	2202	1046	2110	3181	3525	5141	5713	6625	6434	6982	3750	4800	1618	1948	3435	1804	5837
1910	2098	4345	4149	4451	4071	4604	3317	6274	5686	688	4035	5131	5508	3888	531	7240	3278	2028	3293	5571	6090	2865	4615	5309	6041	4537	261	5824	6499	4724	5351	6109	6444	3897	1498	6337	2584	1775	5439	847	4677	1766	444	1921	1763	797	1418	3375	1381	6407	6797	235	2979	6432	1967	4917	1936	1168	5606	4942	2039	4927	450	7046	2432	3038	6339	2348	792	247	1776	2046	2003	6244	4541	120	2387	3411	5069	5978	520	2327	5850	4479	6689	6082	384	6475	895	179	6166	3546	6135	6600	7261	3933	1233	2546	4671	3479	6446	6585	3876	7252	4313	2592	1294	3932	5679	225	1287	2868	6336	998	5851	1179	2993	5222	2565	2231
4242	4477	4854	2354	7013	1578	2306	4025	6969	4364	1755	2882	4125	3035	5380	863	4767	4347	500	1537	2950	788	325	1191	1026	1018	6524	3923	3638	6004	857	5484	985	6080	4428	2484	5547	2625	4109	2386	3272	2604	5150	2080	3367	4818	5539	4466	6303	441	6958	5553	4958	3504	239	6404	6051	652	665	2143	5766	4741	3808	3290	6496	6602	6773	4348	2000	3061	1061	6395	5506	120	6811	3258	2985	723	2997	4959	5911	4502	3717	859	4634	6437	6905	1210	1685	2480	6630	4467	1923	1511	7258	3933	7261	4560	6936	4244	2758	2831	4536	1663	5535	3633	120	5597	2644	2166	3265	3252	5753	754	4461	214	6369	2360	5346	5476	2443
6480	1415	4224	6783	1123	1821	6523	755	3425	2459	2132	3591	954	1772	4115	5937	1933	2049	5376	1049	180	6381	5552	370	4730	6921	2730	1976	6412	3579	6696	2141	6050	284	2227	5209	3989	5169	6367	1077	1219	2645	2560	258	6153	208	1048	3545	1047	5396	1803	5692	4270	2980	375	3428	6304	4500	6350	5151	6603	6763	4274	6281	6867	2176	7117	3899	2321	4312	120	1574	7078	230	1541	6577	601	4414	6842	4544	5918	6195	3726	5832	2341	2986	1993	1668	5145	4119	310	5199	5566	1447	5454	1233	4560	7261	4836	939	219	3807	891	6635	6877	5278	5951	7251	3298	4843	6157	6197	1862	6574	5771	5594	5554	3718	5744	4664	2187
5855	4204	936	6028	4893	5354	6259	6725	2236	1171	3680	4152	2114	6570	2640	6702	5838	5004	3516	4285	320	181	120	1198	2892	6845	4883	5604	6669	1177	3414	666	2809	4357	4717	2666	3355	6717	2240	4346	1917	3891	5557	7211	2056	1203	660	7083	7205	1953	3779	6054	5122	3263	832	2266	120	537	849	1426	5420	5588	2931	4986	367	1552	6430	2805	703	4491	4613	2769	1631	3960	4150	5047	4476	4774	3365	129	705	2883	2213	731	4578	5963	2944	5036	3091	2517	3532	5479	1806	4992	4516	2546	6936	4836	7261	4873	604	6873	5468	5168	2804	6640	5428	5512	1598	5979	826	1851	6089	507	2093	1616	4295	3616	4208	328	496
6755	1626	6726	4284	2458	6155	5965	2842	3438	1303	1658	968	1490	6980	3906	2406	4269	7221	3854	7177	583	3333	6451	5900	5153	2580	1849	4378	5260	3109	5944	5112	735	3577	3786	2557	7125	120	6233	1243	6548	7260	1224	6168	2481	1001	475	3385	4981	5201	1924	6083	3077	257	4193	4201	3914	6684	3580	2587	3611	5438	1519	571	3862	4925	3390	844	4032	2047	3787	663	4457	2626	3122	883	5769	2207	4222	518	2872	1398	5674	3382	4719	5437	354	2347	4306	3694	4241	1669	1154	5860	221	4671	4244	939	4873	7261	3825	3235	2376	2337	4250	5237	651	6238	5277	5548	7025	3279	1672	1601	2373	6553	2017	5636	7065	3327	841
6648	6605	6749	4413	5823	1055	548	1367	3929	5158	5914	2541	206	2177	4842	1989	892	6297	3292	3209	7209	3199	4011	3207	3159	3324	2502	3890	1319	2927	340	5291	2713	5458	5098	6633	1874	4757	120	661	4481	120	4631	2988	5826	5062	2153	1486	2033	7146	6738	6001	722	4323	1906	5034	4184	810	1845	4682	6838	3882	6370	6040	6270	3705	215	3341	1902	2747	6512	896	2635	1926	6199	2429	4934	5959	6752	3574	3269	5041	4946	120	4015	1606	1349	5272	1228	2024	334	778	1610	5599	7137	3479	2758	219	604	3825	7261	2125	5982	6241	4716	2122	6828	524	2470	6746	5039	4680	4895	2652	545	907	6758	6803	1066	6286	2137
5578	6292	379	4661	533	4432	679	5605	3833	1860	3416	965	1199	1397	3384	621	5789	1708	6614	7029	2973	4110	5762	4321	4735	3711	5305	2573	4723	2006	2330	1465	5429	6528	1289	4574	4547	3909	5389	2889	4984	6476	6100	7043	2698	1787	2394	4515	2561	746	6857	1607	4405	671	3861	6006	4113	2722	764	6935	769	4196	3858	3202	4501	898	3360	4831	4704	4014	408	3448	4685	1879	1244	2613	6827	1706	5968	3434	900	1067	938	5747	732	1747	6116	2834	3607	6788	5945	862	1296	6869	2947	6446	2831	3807	6873	3235	2125	7261	2463	4702	1017	2687	228	3934	5028	3874	5723	966	1317	233	120	6878	6193	1211	5501	6440	3005
3167	986	1788	7030	2614	5442	3576	4815	1409	3603	929	5676	2078	535	5114	611	686	5063	2624	2015	5955	3970	1336	192	1613	539	4231	6959	5494	149	4762	1779	5394	1147	5576	5849	2214	5264	1010	329	6850	1943	3321	6267	6787	952	6932	6791	6542	4701	283	2673	1250	3251	2265	6591	5794	1178	2329	4777	401	1088	6808	1108	4019	2503	220	2567	4188	409	3723	2468	3141	2874	3461	6510	1837	3907	2088	2566	279	773	3885	5472	168	2787	1532	4780	3793	402	1752	120	3103	6675	6389	6585	4536	891	5468	2376	5982	2463	7261	7112	1628	4555	6459	2055	3855	1422	1789	2118	5617	7139	692	5341	1975	1085	5640	5613	6190
6567	567	6228	6679	1148	3699	302	4190	4300	5424	7190	3326	5013	2011	2697	5546	120	5288	1740	910	1232	3247	6013	3881	381	6034	3623	3161	2084	5482	4342	1471	781	6665	5844	3598	5510	1641	6599	1241	3048	4320	3947	3089	6243	5650	1024	5830	4214	6812	1959	2324	7037	716	2343	4063	5575	5873	1898	5861	2374	3323	4161	1167	6357	175	503	2735	6813	1840	3310	2603	3027	623	7174	2367	5339	4693	3415	6142	6174	5991	1100	5759	5448	4077	2968	2544	4616	2412	975	5474	6218	6705	5044	3876	1663	6635	5168	2337	6241	4702	7112	7261	4919	4548	4979	373	6609	3955	4238	1858	5441	120	2760	3331	2433	1882	5581	6237	3395
1749	3945	5798	6118	2859	3277	5005	6363	3954	5082	1991	6745	3304	4016	3469	1721	5669	155	1186	5943	263	1004	6998	4488	4037	5083	5077	4381	4904	3655	5743	659	1852	1581	2436	1915	6627	2060	7091	2489	7007	3995	4401	2409	1252	5756	5473	7095	3022	4683	227	3096	7223	992	5869	4983	5729	4569	7040	159	1555	698	6978	1023	3573	6308	3866	2399	699	3398	5841	7200	5485	3217	4529	2398	5492	1861	7012	569	4561	4747	6775	3420	3427	2610	6555	5051	2919	3057	6955	3905	3400	4860	2202	7252	5535	6877	2804	4250	4716	1017	1628	4919	7261	6343	5891	3635	2994	6295	7175	120	4650	3350	3743	6219	4170	6666	4049	5335	2302
3081	2639	6366	3572	6543	7155	5058	6177	5890	1723	3131	4209	5231	3615	5595	4875	4435	5106	585	519	4880	1392	242	6764	7093	3160	1702	7248	249	4039	6951	4570	4104	3682	750	2529	3518	1053	3797	1515	2905	1709	4630	3928	4797	501	3306	904	120	176	2959	2514	6454	5109	1234	6382	7236	5516	6926	1011	3691	6253	3225	3405	2591	5387	4890	772	1475	4518	1416	1582	2606	6944	6549	3497	4534	5193	6894	6508	1114	4961	2914	3407	4681	348	5925	2129	7028	5984	5874	4995	4974	5972	1046	4313	3633	5278	6640	5237	2122	2687	4555	4548	6343	7261	5185	653	5736	1973	6124	5760	1401	2920	1457	5977	5966	1495	5408	2941	6933
2522	2401	1111	147	1619	4665	7121	472	3074	4402	953	2858	2189	2801	605	2175	2700	3025	4468	5422	5946	5265	5664	4947	1042	4889	3759	2062	2989	2506	4078	3850	6222	6680	1237	3471	5425	5275	3646	5045	6611	3101	5716	6410	2864	4336	3450	3586	6184	3170	2847	3585	3241	1807	405	1417	6235	4291	5990	377	437	6126	4708	1013	6332	4195	5142	791	4367	3112	4392	5184	4205	6836	3470	7021	3870	2279	7172	5542	287	4857	4562	4384	502	5332	5230	6535	7178	4033	120	120	7020	2101	2110	2592	120	5951	5428	651	6828	228	6459	4979	5891	5185	7261	1513	3857	4207	5862	6961	2974	1884	277	5144	2377	2873	6501	5061	2926
6700	259	2810	1594	1460	120	3371	1534	6335	476	7045	4960	431	2215	5119	5942	169	5276	5658	1815	4236	4505	2108	814	2559	6246	3865	5792	1071	1437	1824	5643	3163	6227	3710	1169	6800	554	3379	6891	4827	3761	2901	4202	2043	1998	4154	6449	6413	1539	2574	6328	1360	5368	3302	536	763	7138	2326	7164	1846	173	977	1587	2081	804	6016	4740	6438	6242	2928	1473	3275	3643	1944	6983	645	3110	6651	4057	3172	2793	4093	2445	3988	2790	2578	3941	2411	4200	4931	2085	1353	4739	3181	1294	5597	7251	5512	6238	524	3934	2055	373	3635	653	1513	7261	5773	6493	4126	5641	1395	761	6930	3550	994	700	266	6044	332
3981	2292	6232	5170	3666	5807	6249	3709	2274	1504	361	5714	625	3687	6805	1117	216	6280	3377	4297	1593	2637	5267	4173	2709	6138	6245	3183	3097	487	3418	6704	120	3757	513	4517	120	4729	3534	3406	7227	6347	2615	3523	6101	5887	1600	5531	1710	5254	6766	5822	4804	865	3444	339	2488	6254	4198	6070	2473	3903	2134	4213	6639	6761	3922	5179	5089	2694	5768	368	2887	5909	7059	6167	4385	4967	1335	3286	4310	182	6005	802	4577	2910	550	1097	4375	3571	2762	1271	3259	6045	3525	3932	2644	3298	1598	5277	2470	5028	3855	6609	2994	5736	3857	5773	7261	4294	2090	1120	5740	3507	6455	6511	5682	6973	1141	5892	1722
1098	2737	811	120	3075	293	2690	5463	4081	6628	2654	4791	3243	2246	4055	1712	2520	2490	2351	831	5110	3839	3472	2551	2474	3399	2384	4143	222	4144	3185	3627	4021	1988	399	6340	6849	3533	7060	6495	1718	4180	4359	2720	3927	1133	5262	3520	6824	2181	5543	4433	5615	4056	6760	2609	4876	1057	3625	2014	5298	5555	6947	2771	2521	251	1403	1281	3950	5642	460	1808	2375	4527	5498	956	3233	7226	1586	4454	1374	6622	240	6578	7152	6582	4611	6996	5902	2035	5366	3738	2998	5644	5141	5679	2166	4843	5979	5548	6746	3874	1422	3955	6295	1973	4207	6493	4294	7261	4419	2839	1896	6378	7036	5270	6960	1986	1564	3494	3227
5741	5502	603	1411	4966	1060	3312	4811	2059	5443	6429	6703	1866	448	905	3090	4232	2921	7049	6587	1553	3904	606	5655	6265	1673	4305	7130	5084	2602	5136	5319	7168	5433	5956	5799	3713	1183	2540	5315	436	5596	6784	4065	5591	3499	4333	3288	4443	4084	2313	120	136	1109	5711	4551	4892	5779	6579	120	6521	4902	2946	5007	7006	3636	6922	5802	7092	5225	5709	7250	1644	6442	7127	616	6215	5405	1083	2679	7102	1549	6604	3593	422	1351	6940	3756	5610	5609	6826	697	1149	238	5713	225	3265	6157	826	7025	5039	5723	1789	4238	7175	6124	5862	4126	2090	4419	7261	3206	6529	5763	6807	2507	5352	4273	3698	702	6712
4463	6445	395	6173	6769	6015	2966	5029	5379	4192	2172	3442	2761	4511	1843	1326	7219	140	2113	5842	7255	1994	3214	4304	4847	7071	7074	6634	120	3268	2077	2025	6106	4449	5515	6641	2245	3727	4189	5187	6262	5057	2365	4331	4475	4869	6236	3392	787	800	6095	5375	6288	1329	3690	1150	7047	4054	2320	3695	1305	2211	3417	6515	3033	6107	3506	6967	4698	4046	3473	1856	3826	6904	1493	4572	2254	3642	3484	5017	2628	4687	5707	7201	1419	5962	2788	6185	372	5435	3397	2413	4939	321	6625	1287	3252	6197	1851	3279	4680	966	2118	1858	120	5760	6961	5641	1120	2839	3206	7261	3536	5218	3963	696	4623	1247	7259	1268	2773
662	5608	5399	1912	1929	5846	5975	1377	3835	4068	6843	2632	4882	2797	3270	4105	1153	950	5622	2999	1801	3634	3037	6171	5247	389	5538	2477	5915	2270	3967	3871	6858	1091	511	4980	5981	783	6179	423	3340	6989	1659	3910	1500	1799	1399	5086	5495	6014	997	4817	4590	6326	6143	3287	2885	6208	3991	2345	1970	6385	683	1688	5053	3373	6751	6632	1052	1938	709	4176	6485	4012	3343	3174	1230	3549	5307	4102	6536	5746	5361	1865	1318	3498	6831	3780	120	4017	6950	4266	5312	2633	6434	2868	5753	1862	6089	1672	4895	1317	5617	5441	4650	1401	2974	1395	5740	1896	6529	3536	7261	3565	120	4969	3848	3652	3308	2037	5592
2439	6324	4940	6527	6022	120	3458	5567	232	5934	1073	6513	2913	4127	5797	719	7069	400	7141	1019	4272	6623	6971	1786	575	782	3248	4639	5477	4752	5227	2701	6864	3256	305	3108	6656	5813	6910	5812	5338	4349	553	729	4888	1551	5621	5085	5374	3505	2079	6213	597	4964	3124	2061	2833	1889	1717	2121	6158	2258	922	2598	4667	132	2860	4162	1389	527	7246	301	2264	2008	6373	3366	5748	120	1875	4507	2194	3452	4858	419	2662	1468	1932	1656	989	3935	6114	5181	5321	2378	6982	6336	754	6574	507	1601	2652	233	7139	120	3350	2920	1884	761	3507	6378	5763	5218	3565	7261	3262	1920	2657	6391	7115	4896	128
600	6804	3147	5149	2689	4930	212	5839	2169	6320	4838	5325	5790	918	4262	3396	941	5404	241	3908	1590	3649	4129	2886	7195	433	6923	5987	5148	4239	1528	7075	6970	3137	3082	3952	675	4425	5885	5043	1101	2871	3748	565	4286	5001	6099	5503	1092	2791	877	7056	3920	5775	2160	3194	4514	5929	2191	6147	2299	1695	1850	4066	347	5038	7257	551	693	915	5087	5995	5461	7232	1240	4684	5939	3560	2427	4816	6833	1968	5698	4988	1346	1670	626	5635	2752	516	357	2336	1135	2527	3750	998	4461	5771	2093	2373	545	120	692	2760	3743	1457	277	6930	6455	7036	6807	3963	120	3262	7261	6161	2795	1202	6008	5534	6902
5730	3368	3254	5727	3648	2755	6559	1662	3307	1681	7061	4568	5537	4120	2826	3071	2242	4471	5371	120	1777	2009	1190	1480	2325	5450	499	5197	1142	2786	1700	2844	4656	281	3200	4370	970	6205	4749	3186	7234	2309	3605	6596	2456	4853	6889	5626	120	4059	5724	3339	3104	6123	1463	5765	5800	2659	552	5632	869	4298	5805	6821	5031	5505	477	3010	4212	736	1848	1485	4619	2199	6011	6164	473	5702	2448	1386	1423	307	3191	122	2312	2457	466	2485	1388	5758	5540	5536	2198	3656	4800	5851	214	5594	1616	6553	907	6878	5341	3331	6219	5977	5144	3550	6511	5270	2507	696	4969	1920	6161	7261	4261	2447	1686	5356	5176
3629	5026	207	2071	1841	4703	3437	878	4715	4636	1617	5514	5927	2595	3009	2749	3815	6098	438	3570	1523	4006	3659	6477	4253	4552	470	120	2083	2382	6565	1876	4448	1609	2949	4819	6588	1568	5654	5326	3621	5739	6330	6893	1972	4526	5384	5988	6907	5840	2342	589	4624	3313	3674	912	4292	4083	6796	1664	6256	4343	4918	134	5446	1893	6027	4486	4612	2638	667	1449	3943	2303	5722	1916	430	2057	1391	7114	2316	152	4462	4985	3024	5490	6469	3785	2116	5630	4164	6698	360	5793	1618	1179	6369	5554	4295	2017	6758	6193	1975	2433	4170	5966	2377	994	5682	6960	5352	4623	3848	2657	2795	4261	7261	2836	1632	120	1794
5048	4556	833	1634	2391	628	3032	836	790	3374	610	5349	3502	7215	455	2724	445	3087	6782	6377	6196	5407	2991	1432	6097	6461	5266	3058	1039	1208	6170	4450	3165	6285	2915	3654	5223	1300	120	1529	7070	4358	5976	5464	2512	4965	4764	5551	1814	897	6498	6823	6325	2486	5971	3492	2721	2120	643	2251	1195	1134	5140	4549	4167	3537	4316	4360	3378	2705	4218	642	1665	2315	5778	3976	717	4907	1954	6732	3720	6033	1414	4123	3045	5445	1407	1082	6987	461	2182	4542	6386	2909	1948	2993	2360	3718	3616	5636	6803	1211	1085	1882	6666	1495	2873	700	6973	1986	4273	1247	3652	6391	1202	2447	2836	7261	5488	2355	4844
3069	6765	4354	4823	829	2723	5362	2105	979	5633	1784	5322	5117	4608	4362	3168	3583	3242	4806	3685	2930	4510	4438	3992	5235	2425	6653	5377	3002	6204	3880	1864	5907	1127	5525	6314	4976	3986	1172	3432	1576	3821	7197	314	4726	962	5226	2002	3376	2034	7198	2247	3234	5101	4020	3522	6053	694	2370	602	2513	1166	5717	4728	2646	960	5926	1226	5853	4846	488	223	2896	2853	3540	440	342	2780	6743	3261	378	648	2284	163	5688	186	4325	2742	1726	6309	120	5163	3770	4884	3435	5222	5346	5744	4208	7065	1066	5501	5640	5581	4049	5408	6501	266	1141	1564	3698	7259	3308	7115	6008	1686	1632	5488	7261	2469	2763
5216	3678	7157	5162	917	749	5236	4412	5318	276	6220	6043	3766	376	1828	120	4928	4087	6685	5410	7002	2435	1696	4524	6416	7044	6822	6848	568	3197	344	6770	3387	3119	996	1258	3156	4915	5527	3345	483	1711	2895	3530	1699	1630	6643	4553	2656	4018	5459	6119	5675	4140	1918	4755	5726	3464	5357	4326	2890	3348	3195	759	403	6086	3696	120	1675	6772	1105	684	1122	269	3476	162	1278	599	4158	3832	2627	6393	2058	4635	2983	2444	2096	6723	1459	3412	6504	842	4277	3223	1804	2565	5476	4664	328	3327	6286	6440	5613	6237	5335	2941	5061	6044	5892	3494	702	1268	2037	4896	5534	5356	120	2355	2469	7261	1099
1834	6352	525	4480	5381	1952	3578	1041	1425	1518	4788	201	556	955	5697	1038	5160	6359	4050	627	2824	4493	6682	7151	5529	2667	424	3053	701	6217	726	120	4076	5868	2263	1982	267	4829	5954	3940	1022	2800	1400	7088	2535	1003	351	3843	5836	3962	6607	6844	799	5040	3336	4587	3402	514	236	4779	4652	2109	5232	4328	4226	123	3547	5701	4301	7081	5478	6518	5214	2186	1102	5489	7082	542	879	4533	1701	7187	1797	5953	120	5299	4332	4380	5924	6741	5565	1421	768	3746	5837	2231	2443	2187	496	841	2137	3005	6190	3395	2302	6933	2926	332	1722	3227	6712	2773	5592	128	6902	5176	1794	4844	2763	1099	7261
