6106	3330	1210	3398	3812	4315	5437	2360	1395	5933	4972	879	4634	2138	5361	2299	127	4341	868	1754	1103	2932	1165	4881	5199	5336	1091	1776	2879	4620	5216	1997	357	1541	4411	3113	1910	1866	5060	1629	505	251	2875	5348	413	5653	989	1576	5902	1492	1848	4902	1762	5742	2342	3440	4958	5157	1401	4059	1054	5763	2563	889	3632	5313	3770	4679	274	4986	1544	2974	3645	5403	3970	1393	2421	5900	2425	5780	2586	3173	110	1189	649	660	2836	6037	4764	4743	1385	3170	4838	265	3733	883	633	110	143	768	167	203	3241	2307	4303	3158	5070	5575	5046	1581	4224
3330	6106	709	3978	3749	4102	4756	4884	4308	3941	910	5740	1941	1959	843	1066	1714	775	5083	5946	2725	1685	603	3648	3472	5017	1266	3548	6007	4068	5222	3169	3950	4192	915	4056	4741	5881	641	3009	3829	3734	2365	228	5293	219	1553	1134	3228	637	3803	1519	974	3698	2031	5939	4188	3091	2917	3702	2546	2598	5863	2010	1442	2162	2861	3839	802	1814	110	4967	4288	5953	3629	5486	723	700	172	1203	999	4479	5461	2687	5944	5552	5200	3692	1984	5432	1171	5372	6098	2840	5819	2958	3213	3252	1991	1697	4229	2400	1248	2878	4517	2338	2752	2841	2683	3872	3983
1210	709	6106	5991	2937	4201	5943	4566	5459	841	2562	3195	4951	5225	5799	626	1925	3649	5658	2739	5445	836	658	5050	1194	6056	4064	1624	797	5052	2883	3972	1574	2873	2084	2992	2082	4500	3813	5754	2002	5568	1412	3393	1045	727	304	3756	2940	4999	2625	3074	2109	5273	537	110	928	6012	2824	4096	5481	1449	4126	745	5261	4160	2565	448	1253	4589	3458	1268	1388	1980	4586	3392	1341	4751	2913	1877	4163	2849	2564	1095	3077	4267	4784	1000	430	5587	4648	4321	2904	6059	819	4867	3433	2127	217	1002	546	2708	129	110	3057	706	4748	3431	3489	1001	4476
3398	3978	5991	6106	5028	5434	2892	476	1026	5167	4248	743	4198	3523	5438	2146	2745	360	2483	5504	308	2585	4027	4953	4588	423	110	3604	3541	2735	1787	5467	1979	690	2194	5353	2401	4717	2500	1604	110	5087	137	1870	4629	2005	4608	4366	1648	4691	4623	816	2336	3145	717	4483	969	2744	1381	4932	3727	393	1063	4062	3855	5891	110	5541	1914	110	4776	5480	1050	1284	1455	907	2716	2267	5295	2783	5171	2665	3000	1534	1136	2593	1738	3485	1359	5919	1864	5202	1771	3383	5683	1638	2984	5765	181	5379	965	3754	399	453	586	414	3710	3183	544	1898	5158
3812	3749	2937	5028	6106	4498	5208	3623	878	3147	4162	804	3456	5675	2278	2133	4474	2722	4492	6041	433	5778	5112	1694	1601	711	1122	1518	275	2998	5707	4465	2191	4922	370	1833	801	207	945	2410	4660	995	4942	4239	2671	2713	5850	4348	4675	194	5756	3655	5100	208	6039	2733	5175	1453	2568	1652	1365	2950	4180	2547	1297	110	174	1304	950	1646	6063	1622	1447	5926	3713	3100	3974	3843	2654	2423	1556	688	3877	4989	1042	5426	5767	4885	2809	4697	2661	5061	2659	4846	1126	1501	1600	831	848	1211	1133	5761	2259	4837	408	139	4514	5041	5227	3027	1222
4315	4102	4201	5434	4498	6106	1998	784	2929	4541	1896	1097	4472	3878	4888	5764	548	4630	3125	1878	1035	3175	1554	5632	4146	4385	5816	5840	5326	3351	4359	5752	5021	4358	705	2374	396	3004	5741	652	3307	416	234	3375	2350	3576	3597	2978	4302	5124	2045	2119	178	616	5165	522	4652	4413	488	5330	5430	4901	2244	3789	4313	3918	110	5668	576	4533	4141	1871	5704	3237	2828	4173	338	667	2211	632	919	1378	6003	421	734	5734	4550	1158	5166	2504	4386	2093	1087	3610	3574	5319	2753	5762	262	4780	1263	3858	1135	2059	2061	2558	2825	2808	678	4685	3201
5437	4756	5943	2892	5208	1998	6106	3747	5533	1164	2507	3744	2157	4131	5749	1178	5657	4968	1414	3026	316	1465	3784	5408	5335	2316	184	287	3832	3524	5959	2531	1712	5233	820	2724	985	4827	110	2669	5416	547	1466	1426	3339	979	3025	6027	953	4067	4708	5062	1182	3118	1372	2384	110	4650	1961	4965	5441	3512	3538	3319	1318	901	5973	4410	1193	1999	4759	4851	3102	4199	5204	4863	4114	5346	285	1639	4599	1625	2925	5328	296	110	4664	1955	4598	458	1316	4340	5986	1836	899	2618	4907	4104	3334	5284	1533	3430	2394	5081	2295	1683	366	4880	1217	735	5066
2360	4884	4566	476	3623	784	3747	6106	2533	2263	4653	277	1433	503	110	1060	3663	3564	525	1680	5429	4564	1862	925	2627	5164	2807	3320	244	1921	1115	1162	3572	4971	4353	3464	3781	528	4301	110	4251	2845	3455	4149	4392	5075	3618	3021	2283	1159	2229	3520	2859	204	3400	5931	2848	5659	179	4519	4113	288	3363	1526	319	533	829	3909	3796	5909	930	2100	133	2408	3064	4236	3229	2602	2339	2334	4152	5814	1260	110	2642	1750	719	1225	4836	662	3399	3355	5239	1321	3206	867	3920	497	5343	4122	2155	2363	536	3349	3256	2122	2612	5257	3244	3539	3496
1395	4308	5459	1026	878	2929	5533	2533	6106	3401	3110	6008	5989	4420	1974	5805	2908	2770	3369	4667	3575	4291	5251	5178	4905	917	5611	1747	5690	914	2065	2264	2040	4210	3965	3461	1865	4770	4810	4626	5927	3806	3859	124	676	2163	5952	2767	4878	4755	2389	1538	2268	2812	3137	3466	110	2287	5019	1587	607	4822	5415	2395	2916	2181	1839	1665	5745	5524	407	3683	1946	191	403	3929	499	854	2440	3343	2982	1512	1547	725	110	5867	938	786	3775	2789	4506	3951	1844	4786	5300	2897	5567	4928	2041	2694	2130	5500	880	5392	1405	2345	4552	1845	1007	4893	5880
5933	3941	841	5167	3147	4541	1164	2263	3401	6106	5988	322	758	543	1698	5702	2508	4769	2979	6067	3338	5152	2776	5258	4656	2584	3122	1545	4377	387	6084	1197	5378	6083	1802	4195	3874	1138	874	3380	1940	298	3958	5795	2580	3593	5604	855	2714	1022	898	1312	173	1603	2415	3558	3873	1687	3194	5120	5578	5347	4573	5747	2315	4823	3808	651	4993	3879	2000	2442	6051	4017	3599	927	3621	1373	3639	1241	2219	1110	2817	682	4242	2757	3479	4447	5979	1816	5634	1177	3035	2578	3894	4732	156	1858	5884	1311	3474	2411	3268	2600	2588	3611	3904	5427	110	3337	3716
4972	910	2562	4248	4162	1896	2507	4653	3110	5988	6106	1219	5869	859	5091	5443	5848	5586	5176	4992	6057	2399	3546	1840	3892	2418	1464	5868	5545	2246	4185	1988	4003	1671	1976	618	4342	1792	2313	4592	2321	5365	3006	1820	4205	3626	3492	5043	2106	1751	2655	3225	213	4774	3581	110	4736	2284	200	392	4263	501	579	5032	3276	3511	5168	5562	2390	1047	1619	2532	4662	704	2502	2230	4745	2296	5885	5864	4604	3208	5743	4896	1246	2210	2495	145	1127	2223	4739	1970	3588	248	3701	2590	5117	1251	6099	1861	5576	5244	2607	4037	5270	1081	4397	205	4423	1868	1753
879	5740	3195	743	804	1097	3744	277	6008	322	1219	6106	4706	4266	2033	5655	5077	1489	4844	1653	4709	4714	3311	5428	5414	5890	147	3976	2272	5784	5162	3272	4393	4300	2213	3732	4841	4273	5714	1298	1522	2120	2730	1476	2468	4026	2279	5037	110	4512	1672	3134	3331	169	3533	4857	1739	6050	1031	1478	3054	4793	4944	3764	1310	4204	2016	3052	4804	1324	2173	555	5373	578	4127	4750	2649	1173	258	2317	2462	4647	110	3032	5115	4796	3378	2955	4298	3210	504	5580	4439	5228	5935	4150	1161	2068	4077	4777	2843	4233	5930	3924	6031	772	1692	1468	2827	1423	3883
4634	1941	4951	4198	3456	4472	2157	1433	5989	758	5869	4706	6106	3615	1730	1038	1144	2290	934	666	2409	4795	2571	165	2248	936	508	5728	4619	4282	155	3714	3073	4502	2981	4072	3484	4775	4568	5777	3778	4941	2412	5496	3554	4584	1116	824	4438	3198	5808	5940	2186	2834	4481	2615	1124	4828	1892	3587	5377	1285	1137	4707	512	1917	4676	1264	4752	3278	1763	4738	1668	4569	170	2208	2151	4125	990	4687	4487	2463	656	1480	233	5317	3111	1644	5823	2419	1884	4835	2624	2103	4718	5851	5824	1931	4414	4779	970	1154	2164	1826	823	110	2201	4286	483	5173	297
2138	1959	5225	3523	5675	3878	4131	503	4420	543	859	4266	3615	6106	3910	2446	4076	6015	1954	467	2358	283	2662	3417	1610	562	3884	5048	2108	3117	3203	1204	2476	4522	5546	2886	5892	3471	2176	1014	306	5001	1188	4526	4980	2881	1371	1479	1155	1358	350	4365	2047	3463	5888	2529	435	110	4963	437	2449	3748	284	1368	4749	1893	110	1566	1631	2450	1821	2457	3139	5114	1034	5013	913	1838	5682	245	2286	3446	2364	5570	2539	1323	713	4632	628	5148	920	5134	5004	5936	5431	3067	2960	4761	838	2663	1939	4170	2858	334	3435	5172	3596	3434	2743	2583	5399
5361	843	5799	5438	2278	4888	5749	110	1974	1698	5091	2033	1730	3910	6106	388	3449	4627	1143	1709	1278	2288	427	206	4051	3309	3573	4924	4322	2145	4145	5063	2455	5841	3457	3470	3591	1361	5268	3667	1746	1090	3327	3966	5629	397	4913	3799	3971	3347	3679	5488	954	269	5782	5130	760	1024	5738	1235	3627	2850	1649	1542	236	2456	1269	4578	4787	3700	5882	4098	1651	5264	4763	822	1032	5787	394	1927	3931	4404	5566	5516	4580	2617	2755	1978	481	5136	5729	2486	267	5897	4994	777	2806	5614	5871	1568	5487	3509	1889	4571	2319	771	3902	2220	3352	1850	5142
2299	1066	626	2146	2133	5764	1178	1060	5805	5702	5443	5655	1038	2446	388	6106	3121	798	4609	5711	2054	5123	908	2051	4431	4545	5411	110	4754	4744	620	5691	952	1006	224	6001	4955	4383	2166	5463	5701	583	3107	668	4382	5770	4176	3477	395	2723	5159	3772	2480	150	4191	6101	4515	2359	189	5790	252	1425	3677	5923	3630	238	3436	2997	3791	3467	890	2637	6010	2980	2337	5585	3132	142	4446	982	4467	5464	1843	1657	5357	2633	4376	891	2680	4839	450	2657	5383	5598	3863	5073	6070	1951	3087	598	1897	5616	1157	3235	881	708	5712	1678	5291	5242	5549
127	1714	1925	2745	4474	548	5657	3663	2908	2508	5848	5077	1144	4076	3449	3121	6106	1114	4731	3589	1247	3521	349	3835	6096	2641	1410	5350	608	5967	4485	5254	111	256	5015	2199	4765	2466	4516	4329	2941	5735	4362	2496	3318	2842	478	2467	3515	2820	4812	762	3866	4022	5731	2062	5217	5510	2161	1588	3557	2681	471	4631	5990	3985	5177	3254	653	4250	967	1100	3146	3695	2926	1899	2301	5354	5693	5051	1928	3893	1472	3602	718	5876	3885	5092	2501	3932	2518	3427	5694	1779	2987	378	3914	571	5012	375	1070	5539	3450	2448	3563	110	314	110	4306	2202	1930
4341	775	3649	360	2722	4630	4968	3564	2770	4769	5586	1489	2290	6015	4627	798	1114	6106	2291	4430	4287	510	4323	1799	3634	3644	4494	5358	1068	3126	4672	1226	3911	347	329	454	1200	4422	4539	540	4351	2017	2698	5849	5579	4293	235	2233	345	2688	5699	2983	4468	2004	5820	5219	1656	800	5950	4762	1913	4531	3108	4560	2952	1982	5483	5206	3513	4462	5088	1615	5404	4379	1926	4503	6079	1727	1306	3418	4044	3650	1190	2954	2382	5144	3669	3348	3656	4073	5213	2498	3967	5274	1743	1290	3903	1229	5838	1039	1996	2492	2224	359	5201	2906	459	2188	6062	110	110
868	5083	5658	2483	4492	3125	1414	525	3369	2979	5176	4844	934	1954	1143	4609	4731	2291	6106	5928	2837	2797	5129	650	4284	2931	6049	3823	2477	5000	3293	3944	2499	4528	1627	3275	1594	2936	2096	110	5180	2183	3234	3321	4246	3154	3518	4850	2703	5997	1637	2444	4940	2509	5174	5960	5147	4610	1938	3298	6054	5469	5883	1737	5084	5744	158	5311	3825	5618	2215	2018	2060	3290	5627	2370	6017	1030	2402	6052	4977	1048	402	5589	292	3736	1419	2915	4310	3561	3494	5423	5417	1869	1273	4616	472	972	1099	541	2795	3443	3776	992	4926	3265	805	4814	2386	4495	5071
1754	5946	2739	5504	6041	1878	3026	1680	4667	6067	4992	1653	666	467	1709	5711	3589	4430	5928	6106	1141	4212	3284	229	701	5774	5209	1374	5210	1647	5478	6091	3997	4722	3281	2247	4540	2702	4138	5005	876	197	808	1387	2758	2594	3583	5181	3141	1577	4791	4338	1344	3161	4538	2034	1915	904	976	2050	3617	4858	4930	1065	4464	2437	4834	1366	4960	4917	3071	766	1012	3066	2222	1132	5563	2086	4327	1650	3834	110	2055	3410	1005	4767	3005	2140	2014	4797	2488	3774	4807	327	1669	1945	3905	1445	2675	4335	1250	3157	2058	4407	3283	3725	1875	479	4202	3886	1339
1103	2725	5445	308	433	1035	316	5429	3575	3338	6057	4709	2409	2358	1278	2054	1247	4287	2837	1141	6106	318	3939	2217	4032	3002	1497	635	2965	551	5266	3900	3717	4175	5660	2454	5299	1245	645	2104	5553	3103	2592	3816	5150	5877	3718	2318	5448	2182	4640	3697	809	2589	2254	1275	2352	5103	3214	2726	5207	346	1109	2549	188	2970	4524	5475	619	1812	1011	4997	5364	1176	5529	2205	3465	5612	1082	5666	444	2822	1717	110	4190	4490	5422	5356	5896	1589	4159	3549	3445	1734	2910	3285	4914	4801	4132	2012	5831	1286	2635	5340	1983	3200	4164	4169	2021	2621	1986
2932	1685	836	2585	5778	3175	1465	4564	4291	5152	2399	4714	4795	283	2288	5123	3521	510	2797	4212	318	6106	3514	3891	110	1846	182	5875	3743	3870	2601	5687	4505	5809	2971	3345	4536	2821	4548	3247	5739	2174	4117	1505	5275	3202	2392	2734	2506	3809	4021	2801	1185	5381	5710	4768	1872	4576	5938	3016	3769	3097	4008	2961	1067	4970	1551	5282	4866	1549	3191	4735	5941	4238	3204	916	310	3930	4918	1317	3370	575	966	5548	5069	1267	1357	3600	2485	811	1922	5833	5895	441	442	4208	2896	1645	5451	2153	1623	5862	5116	5156	4443	2676	398	3686	3010	1579	2258
1165	603	658	4027	5112	1554	3784	1862	5251	2776	3546	3311	2571	2662	427	908	349	4323	5129	3284	3939	3514	6106	1367	1752	3660	4343	549	4794	4241	3192	4637	5022	3542	5153	2327	3460	5198	5643	856	5637	4137	3174	5089	737	886	5948	5887	391	3773	4203	738	144	3762	4424	2640	2782	2779	3661	5182	2613	3890	937	5218	3760	747	110	643	4429	5723	754	2231	3411	3787	4331	6088	1319	3916	1903	3504	2597	5440	702	4724	5665	4421	5155	507	3366	1681	1274	4596	4889	2715	2574	1612	3807	597	1564	3562	3078	5571	4374	1421	4231	443	1493	5495	3055	5593	1120
4881	3648	5050	4953	1694	5632	5408	925	5178	5258	1840	5428	165	3417	206	2051	3835	1799	650	229	2217	3891	1367	6106	3631	4155	5921	932	3928	1354	3238	209	2383	2968	3263	5722	464	896	3854	447	1146	3282	922	780	926	492	6029	4435	4559	3766	565	3898	3034	1238	527	3001	1728	873	3316	4954	1932	2559	5188	2672	3444	5307	5878	2474	5339	846	110	5680	5391	5485	4615	405	3594	4297	4320	3934	6058	1389	2124	4525	3044	5055	4729	3478	6046	3804	2718	3390	3919	2232	1348	3706	2905	339	166	683	340	2095	5625	3171	1355	2707	1767	2292	3407	4030	3709
5199	3472	1194	4588	1601	4146	5335	2627	4905	4656	3892	5414	2248	1610	4051	4431	6096	3634	4284	701	4032	110	1752	3631	6106	2305	3646	3715	943	4361	5154	3987	3409	5847	5540	5768	2427	3707	636	4428	5263	157	1475	5802	1766	2079	406	4478	4186	1234	5798	1819	2946	4381	4455	2788	947	2763	5341	3797	2833	5333	3112	4700	5302	4939	3373	2673	1769	323	5613	4721	4085	5949	1912	5072	5574	5800	1101	1183	3088	1294	1695	4890	5238	5856	3317	110	983	1876	4065	3731	1806	4387	5807	691	2942	5505	2069	1216	4070	5197	2024	3979	2810	6042	4344	4371	5859	132	1664
5336	5017	6056	423	711	4385	2316	5164	917	2584	2418	5890	936	562	3309	4545	2641	3644	2931	5774	3002	1846	3660	4155	2305	6106	2731	4719	1379	4898	161	410	4486	5466	2719	1854	3379	2924	3136	4257	4434	3086	5569	2951	5870	4445	367	2240	1543	5024	3326	1458	2830	1810	354	335	1715	2934	1452	1403	2322	6035	1793	5835	2489	4521	5791	951	3503	1069	5898	3551	260	2241	3953	1515	2764	5911	3030	1935	4684	748	4480	5034	2309	2692	5133	5532	2451	6064	3856	2912	5792	1830	3624	2690	3105	3955	4906	482	1634	4409	4856	3151	110	1121	3249	1352	2011	3239	4982
1091	1266	4064	110	1122	5816	184	2807	5611	3122	1464	147	508	3884	3573	5411	1410	4494	6049	5209	1497	182	4343	5921	3646	2731	6106	199	5436	1370	584	1443	2381	5243	4501	317	3750	1280	290	1175	1640	621	1798	377	5708	4683	4433	4852	4758	4144	3871	639	5465	3033	2441	1530	5229	5630	5220	552	1073	5713	1729	1061	2212	2823	5758	765	1448	1642	3841	4943	3988	3397	3940	2251	5721	186	5033	3453	591	2465	3580	4471	587	1958	1901	1531	412	1679	3432	844	1231	4120	1033	1584	4829	5558	1384	4666	3028	5310	3848	2037	720	1074	3795	5256	3532	4285	2510
1776	3548	1624	3604	1518	5840	287	3320	1747	1545	5868	3976	5728	5048	4924	110	5350	5358	3823	1374	635	5875	549	932	3715	4719	199	6106	5956	5329	4237	2297	2721	832	2710	1213	2435	230	978	2699	3704	3536	572	5106	5248	2754	2294	2914	4130	4081	642	1055	4271	1391	498	1883	3425	2596	5964	5525	5709	4033	3412	2759	685	3724	2668	110	177	2333	4197	4339	3672	2894	1332	2221	2335	5484	4830	812	1778	539	1789	2285	731	2818	792	3332	872	436	5241	707	1859	592	5371	4402	2377	4875	6013	2192	2555	1009	1438	2116	4766	4106	614	1815	1732	1733	2416
2879	6007	797	3541	275	5326	3832	244	5690	4377	5545	2272	4619	2108	4322	4754	608	1068	2477	5210	2965	3743	4794	3928	943	1379	5436	5956	6106	4408	1153	2195	2791	2326	4938	1923	884	4840	939	2147	5557	2171	3083	1252	4824	5195	4119	1673	3565	2542	4641	4368	4038	291	3013	4705	3329	439	2046	2073	1299	2432	3982	4048	3120	4690	110	5773	4909	5491	2582	1504	424	1191	5915	4952	3590	599	739	305	466	4461	361	4226	3361	3301	964	4088	5610	5498	529	5419	2935	1857	3609	600	5717	2717	4864	3094	935	4427	3124	3888	517	980	1540	5246	1507	606	5810
4620	4068	5052	2735	2998	3351	3524	1921	914	387	2246	5784	4282	3117	2145	4744	5967	3126	5000	1647	551	3870	4241	1354	4361	4898	1370	5329	4408	6106	1609	2727	1102	438	1643	1508	2685	5669	2136	5920	1139	1552	4848	3613	4606	559	4304	5108	4688	3297	3177	4118	1307	3007	6069	518	1513	644	3831	311	389	2577	4757	3844	6087	1555	5252	477	5250	4658	3555	5554	3223	2256	404	674	3187	4196	858	585	276	3726	3437	468	5044	3426	4035	1147	122	2135	110	870	949	5457	4279	3665	2257	3095	2102	3356	2525	4781	1567	434	4760	5376	3705	3938	4440	3447	4581
5216	5222	2883	1787	5707	4359	5959	1115	2065	6084	4185	5162	155	3203	4145	620	4485	4672	3293	5478	5266	2601	3192	3238	5154	161	584	4237	1153	1609	6106	2695	944	580	654	4802	5477	249	2650	5929	5320	1772	629	2207	4643	3658	2784	4024	1088	638	3592	530	1228	4194	5468	6102	138	1834	3827	4276	1320	452	5978	110	1633	1473	5303	1085	5054	2760	3861	1224	2903	2732	3925	4908	4243	2988	4601	1855	149	2803	2379	4783	1967	5686	4537	857	1427	3605	4988	5458	3377	4715	1303	3368	125	4274	726	2325	5572	1212	110	2092	3014	4651	5958	1338	3535	3994	4565
1997	3169	3972	5467	4465	5752	2531	1162	2264	1197	1988	3272	3714	1204	5063	5691	5254	1226	3944	6091	3900	5687	4637	209	3987	410	1443	2297	2195	2727	2695	6106	3299	2990	379	5963	813	3552	3694	2266	5581	5074	5260	2523	2123	3488	770	3628	803	5646	1693	419	2262	3847	5783	418	5592	2639	110	4268	2053	4084	3585	958	5788	960	3824	1025	1244	2464	1145	3869	6019	3949	3984	1369	4686	5624	3155	4328	2057	5999	5315	4058	3308	1043	5994	1942	975	2172	3653	4355	659	2749	2044	4469	5803	5879	1186	532	1517	3845	2239	2393	3441	869	3221	2078	1402	1017	564
357	3950	1574	1979	2191	5021	1712	3572	2040	5378	4003	4393	3073	2476	2455	952	111	3911	2499	3997	3717	4505	5022	2383	3409	4486	2381	2721	2791	1102	944	3299	6106	5138	2152	1696	3999	1828	4277	3046	3625	1296	2922	4617	2276	110	3059	4400	3897	4811	1716	2137	1684	2608	2805	5998	1781	1906	2591	1152	5987	1431	3011	4920	4094	2019	211	2798	3688	1803	2527	2643	5010	3860	4406	3231	4713	4053	2128	2261	538	5494	4663	2538	4613	3862	1376	3906	5007	1293	5196	6093	2902	2067	4105	110	126	5393	3218	2091	5093	1832	496	3069	1094	4272	514	3070	4654	5971	3197
1541	4192	2873	690	4922	4358	5233	4971	4210	6083	1671	4300	4502	4522	5841	1006	256	347	4528	4722	4175	5809	3542	2968	5847	5466	5243	832	2326	438	580	2990	5138	6106	3887	2438	5771	3448	1289	3388	4808	1075	4006	110	5769	5822	794	4583	3346	3805	5617	2575	343	4261	2101	4826	806	2281	3259	3193	2417	2168	3018	2993	1813	4220	2170	4915	4370	5846	788	1470	665	4853	3681	4789	1170	5509	4701	1907	996	853	3216	1784	4882	4222	3188	2159	1902	2938	110	2493	1759	2674	5534	5402	2158	5031	2686	110	5029	3336	3131	3196	4497	4981	3180	3159	1908	5511	2579
4411	915	2084	2194	370	705	820	4353	3965	1802	1976	2213	2981	5546	3457	224	5015	329	1627	3281	5660	2971	5153	3263	5540	2719	4501	2710	4938	1643	654	379	2152	3887	6106	1911	3763	1856	5388	2204	5523	1494	6092	2660	2918	3788	5811	4133	4816	1689	1295	1430	5842	5828	1292	900	159	2891	1800	5027	5530	2114	1223	5538	1277	2882	4737	1535	1313	2097	5865	371	5564	871	3942	6036	3189	4673	5479	1916	5137	5389	1703	1617	1383	5918	1895	4442	4990	887	1118	3130	1072	4211	2609	1123	2595	3865	1314	4785	110	5697	3190	1111	5409	1804	502	4638	1287	1350	4317
3113	4056	2992	5353	1833	2374	2724	3464	3461	4195	618	3732	4072	2886	3470	6001	2199	454	3275	2247	2454	3345	2327	5722	5768	1854	317	1213	1923	1508	4802	5963	1696	2438	1911	6106	1261	5059	2544	212	1160	933	5975	2856	3266	4720	110	3062	3501	1078	5633	5513	3800	3598	2835	1611	2543	4618	2132	3508	3684	574	3969	3365	4703	5342	4689	2911	4733	3545	1607	3060	1659	4935	3277	3566	4093	865	5718	255	3801	757	3178	4128	5874	561	931	3556	4817	2406	1558	3814	6022	2235	4134	3350	2066	1184	220	6053	5837	2901	1349	353	2880	4148	4080	1398	4874	382	4319
1910	4741	2082	2401	801	396	985	3781	1865	3874	4342	4841	3484	5892	3591	4955	4765	1200	1594	4540	5299	4536	3460	464	2427	3379	3750	2435	884	2685	5477	813	3999	5771	3763	1261	6106	1411	1227	776	4482	2652	882	1863	646	3273	3109	4815	2838	4352	5170	1187	1439	1281	3745	5296	4216	400	259	956	3232	4047	110	647	2667	1397	2306	1258	1013	3236	4405	4143	1053	3153	4110	1597	2003	1794	2781	2348	5845	5065	120	3048	223	5855	1761	1900	232	3342	3961	2802	4189	4956	1691	940	5934	834	1337	214	3312	4380	3963	2975	2511	3506	110	2814	2452	2868	1496
1866	5881	4500	4717	207	3004	4827	528	4770	1138	1792	4273	4775	3471	1361	4383	2466	4422	2936	2702	1245	2821	5198	896	3707	2924	1280	230	4840	5669	249	3552	1828	3448	1856	5059	1411	6106	3708	3012	3085	6082	5240	1506	5151	5316	2816	2372	5424	386	1780	877	1351	1240	3475	4290	817	1422	2075	4040	2794	2403	5406	1705	1436	383	4014	5008	4542	740	511	3529	2429	5521	4820	5385	2129	3255	2516	1308	2630	110	5980	5650	6094	1168	5145	110	4513	226	5482	2367	595	3482	5591	1881	2569	4364	5289	5595	315	2113	4809	5962	5096	5318	863	1975	1742	4600	2750
5060	641	3813	2500	945	5741	110	4301	4810	874	2313	5714	4568	2176	5268	2166	4516	4539	2096	4138	645	4548	5643	3854	636	3136	290	978	939	2136	2650	3694	4277	1289	5388	2544	1227	3708	6106	5362	332	2884	3619	3842	5279	5003	6065	5917	4156	4484	5656	589	4782	605	4572	4270	1593	1064	3852	1256	4772	5366	1037	1450	611	4723	2890	5996	4193	4086	3652	6071	3288	4419	1236	2430	1989	5212	1233	4082	2064	5236	5163	6026	2796	5561	2039	4553	1677	1586	604	417	3289	4716	1704	2141	2829	911	2323	1392	3719	4948	4354	2398	110	710	2330	1420	411	2396	2866
1629	3009	5754	1604	2410	652	2669	110	4626	3380	4592	1298	5777	1014	3667	5463	4329	540	110	5005	2104	3247	856	447	4428	4257	1175	2699	2147	5920	5929	2266	3046	3388	2204	212	776	3012	5362	6106	4215	4217	2677	3495	302	1413	3864	4973	1424	997	968	425	2098	4227	2029	728	2537	6073	110	790	2561	5992	1214	3666	2631	4305	307	420	2072	2909	5126	1469	1962	4101	703	5596	2623	1539	3671	3636	2545	4463	5098	2986	2089	300	3166	5332	1943	112	4603	4395	3989	4962	5107	4444	4451	4330	5355	2472	3739	2160	5836	473	5285	4611	5839	4228	2167	615	2947
505	3829	2002	110	4660	3307	5416	4251	5927	1940	2321	1522	3778	306	1746	5701	2941	4351	5180	876	5553	5739	5637	1146	5263	4434	1640	3704	5557	1139	5320	5581	3625	4808	5523	1160	4482	3085	332	4215	6106	5367	2985	6002	1104	663	1221	1028	4295	4975	1905	2748	2420	825	1596	3559	557	3687	2385	1327	131	553	4551	2391	4961	5338	796	5957	2070	2387	2534	3258	5899	1918	5631	3080	560	3442	1131	1758	5853	736	755	2038	5733	1437	3304	5321	4066	3507	5924	1056	2351	909	3476	2885	2156	3780	3817	330	2832	6024	113	5292	3741	1722	3172	2036	2689	1059	669
251	3734	5568	5087	995	416	547	2845	3806	298	5365	2120	4941	5001	1090	583	5735	2017	2183	197	3103	2174	4137	3282	157	3086	621	3536	2171	1552	1772	5074	1296	1075	1494	933	2652	6082	2884	4217	5367	6106	4747	5090	4147	2006	369	4871	1276	2121	4166	4661	1605	5324	2388	5671	5413	1860	3577	1305	4491	4933	1180	624	3830	2560	4726	4115	268	2428	4527	2250	401	1842	1973	175	270	942	1969	1347	6060	3148	5191	5079	4418	2431	3473	2015	3089	3487	2344	5766	110	3757	3322	2227	885	2959	1957	5247	1618	672	609	1537	4010	3294	3205	4367	2310	2530	5394
2875	2365	1412	137	4942	234	1466	3455	3859	3958	3006	2730	2412	1188	3327	3107	4362	2698	3234	808	2592	4117	3174	922	1475	5569	1798	572	3083	4848	629	5260	2922	4006	6092	5975	882	5240	3619	2677	2985	4747	6106	2008	6086	4894	5908	1459	218	2111	4710	2774	3260	1731	2629	3752	680	4031	1550	5105	4090	1300	2209	3578	5821	4391	1199	3690	1044	3328	110	2614	2570	3015	5492	4587	3269	1301	4991	168	2206	4375	1981	2728	1882	3114	3531	110	6043	545	4919	4135	3693	3143	470	5688	6034	623	4460	799	5565	4112	526	2273	2226	1046	1666	1690	1483	3036	524
5348	228	3393	1870	4239	3375	1426	4149	124	5795	1820	1476	5496	4526	3966	668	2496	5849	3321	1387	3816	1505	5089	780	5802	2951	377	5106	1252	3613	2207	2523	4617	110	2660	2856	1863	1506	3842	3495	6002	5090	2008	6106	254	1205	627	5040	4818	2790	1242	2443	1949	2216	5078	1179	1201	4704	5337	1654	3454	1502	4577	1532	5407	5374	535	3300	2361	4978	3836	5442	4821	162	677	5977	3076	2131	617	2154	550	4734	5527	2478	3641	2197	280	5190	4061	5002	4488	961	2876	221	5695	451	4622	4092	4356	554	4887	2762	715	5205	5685	1220	5512	2771	2026	6000	849
413	5293	1045	4629	2671	2350	3339	4392	676	2580	4205	2468	3554	4980	5629	4382	3318	5579	4246	2758	5150	5275	737	926	1766	5870	5708	5248	4824	4606	4643	2123	2276	5769	2918	3266	646	5151	5279	302	1104	4147	6086	254	6106	2481	3785	5775	971	336	1706	5621	4543	4349	2376	1950	1723	2700	1259	2994	4959	5648	5110	779	2766	6048	5827	3387	3691	2035	648	4009	110	2105	4345	3550	2293	445	4699	5472	5815	3516	5237	1052	5651	3921	3423	3798	3386	1578	6009	3209	4987	5573	3303	1463	5751	2404	3662	3737	3405	3384	1591	4214	6021	2742	1702	5794	4388	3414	2872
5653	219	727	2005	2713	3576	979	5075	2163	3593	3626	4026	4584	2881	397	5770	2842	4293	3154	2594	5877	3202	886	492	2079	4445	4683	2754	5195	559	3658	3488	110	5822	3788	4720	3273	5316	5003	1413	663	2006	4894	1205	2481	6106	5267	5272	2196	5281	2785	5832	1343	5518	4585	110	4964	2751	3782	5450	4860	2996	2528	3098	5454	1105	3217	3837	2550	5639	3682	851	3664	247	1417	3008	2088	1621	3468	2280	1887	2077	140	5111	5664	835	2265	1920	4183	1745	5716	4727	3959	474	5760	3753	110	1796	4530	1805	1811	153	4466	5854	2963	1965	3251	6077	5203	2949	1590
989	1553	304	4608	5850	3597	3025	3618	5952	5604	3492	2279	1116	1371	4913	4176	478	235	3518	3583	3718	2392	5948	6029	406	367	4433	2294	4119	4304	2784	770	3059	794	5811	110	3109	2816	6065	3864	1221	369	5908	627	3785	5267	6106	2112	4532	847	5857	3279	4903	2513	5995	3786	257	5635	613	2648	1029	4649	4184	3152	2125	998	712	1985	2308	115	5306	4289	3579	4950	3612	449	3553	5755	2684	2249	1096	110	5910	1098	3567	4452	1149	2701	5607	116	4256	1635	2275	3500	5042	5517	2729	344	2928	1460	4378	5025	6038	1847	110	4773	4209	895	4886	1092	5893
1576	1134	3756	4366	4348	2978	6027	3021	2767	855	5043	5037	824	1479	3799	3477	2467	2233	4850	5181	2318	2734	5887	4435	4478	2240	4852	2914	1673	5108	4024	3628	4400	4583	4133	3062	4815	2372	5917	4973	1028	4871	1459	5040	5775	5272	2112	6106	1380	1686	2142	6040	331	2920	986	782	864	3534	5398	3977	5297	1467	6078	5559	3024	5192	959	3927	6004	2178	1257	5793	4507	3310	4996	4614	1660	303	4299	610	4187	152	5725	3712	110	3323	6023	5508	2175	696	2185	3637	5135	2052	1270	2999	4625	957	5410	5645	763	860	5736	1356	6090	4316	3416	5169	2622	351	3996
5902	3228	2940	1648	4675	4302	953	2283	4878	2714	2106	110	4438	1155	3971	395	3515	345	2703	3141	5448	2506	391	4559	4186	1543	4758	4130	3565	4688	1088	803	3897	3346	4816	3501	2838	5424	4156	1424	4295	1276	218	4818	971	2196	4532	1380	6106	4426	4813	732	3422	1049	1964	3880	681	1626	4680	828	3678	1966	1291	4314	3822	2243	601	2857	1510	3595	3333	1394	2554	2368	2898	1786	1790	1434	3017	2632	4153	1662	381	2893	2874	602	5255	110	5334	2225	295	671	2962	3721	456	187	993	3058	4019	2653	3735	2447	1675	3452	3042	1904	4029	789	2540	751	4788
1492	637	4999	4691	194	5124	4067	1159	4755	1022	1751	4512	3198	1358	3347	2723	2820	2688	5997	1577	2182	3809	3773	3766	1234	5024	4144	4081	2542	3297	638	5646	4811	3805	1689	1078	4352	386	4484	997	4975	2121	2111	2790	336	5281	847	1686	4426	6106	5453	5652	4947	3821	1084	164	5942	5817	486	1499	4591	714	465	5642	4493	475	2311	4891	5726	110	2877	795	4454	110	4360	3895	3526	1408	1521	2799	3867	5026	5969	764	4544	1613	1825	5301	1573	5345	5981	814	1086	1663	1265	1818	5187	1167	3793	5380	5599	3295	2989	4671	542	1080	3264	2606	5603	749	1572
1848	3803	2625	4623	5756	2045	4708	2229	2389	898	2655	1672	5808	350	3679	5159	4812	5699	1637	4791	4640	4021	4203	565	5798	3326	3871	642	4641	3177	3592	1693	1716	5617	1295	5633	5170	1780	5656	968	1905	4166	4710	1242	1706	2785	5857	2142	4813	5453	6106	3675	5818	3945	3306	2804	1462	1148	4931	1112	4682	921	500	2773	110	3043	4432	3341	2242	3429	1953	4394	4016	4157	3768	2943	716	5925	5640	2603	2863	1018	2933	5375	1456	3601	582	5009	5184	3039	3607	272	1117	2107	6080	5860	5360	2964	963	4549	1960	5677	4041	746	5922	3685	5703	1457	1071	1977	358
4902	1519	3074	816	3655	2119	5062	3520	1538	1312	3225	3134	5940	4365	5488	3772	762	2983	2444	4338	3697	2801	738	3898	1819	1458	639	1055	4368	4118	530	419	2137	2575	1430	5513	1187	877	589	425	2748	4661	2774	2443	5621	5832	3279	6040	732	5652	3675	6106	4694	1353	3314	4711	2636	4806	3840	4412	5970	273	5447	110	1575	1801	2362	4259	3913	4254	3857	5397	5036	356	3402	3065	689	1057	2887	5131	455	5606	4558	2587	2340	1628	568	2737	3569	4508	4235	1375	4936	5866	4425	4415	5813	1933	2436	3582	2458	5825	5474	5433	2864	2772	4557	4129	2645	2704	905
1762	974	2109	2336	5100	178	1182	2859	2268	173	213	3331	2186	2047	954	2480	3866	4468	4940	1344	809	1185	144	3034	2946	2830	5465	4271	4038	1307	1228	2262	1684	343	5842	3800	1439	1351	4782	2098	2420	1605	3260	1949	4543	1343	4903	331	3422	4947	5818	4694	6106	3502	3499	4336	3020	4116	4872	5602	4403	622	5113	3245	2620	1255	4877	4510	1360	2778	2255	3084	1021	240	463	3413	4910	923	5696	3480	906	429	6033	1036	110	2619	5609	3826	5781	4778	1880	5759	3998	341	5706	192	5396	4253	3527	1130	5873	4957	3224	1879	5280	5757	1482	3802	3642	1335	5439
5742	3698	5273	3145	208	616	3118	204	2812	1603	4774	169	2834	3463	269	150	4022	2004	2509	3161	2589	5381	3762	1238	4381	1810	3033	1391	291	3007	4194	3847	2608	4261	5828	3598	1281	1240	605	4227	825	5324	1731	2216	4349	5518	2513	2920	1049	3821	3945	1353	3502	6106	3101	457	4052	5620	426	2022	4876	1077	2526	1315	5945	5556	294	3606	5551	818	3907	2094	4574	1993	3037	3759	3881	1326	2604	2628	5446	1744	840	1471	198	3608	4805	1987	2413	2867	5497	1490	1484	1486	3325	2378	2769	342	1536	5507	4635	1329	4798	4001	5101	110	2080	2269	741	363	1777
2342	2031	537	717	6039	5165	1372	3400	3137	2415	3581	3533	4481	5888	5782	4191	5731	5820	5174	4538	2254	5710	4424	527	4455	354	2441	498	3013	6069	5468	5783	2805	2101	1292	2835	3745	3475	4572	2029	1596	2388	2629	5078	2376	4585	5995	986	1964	1084	3306	3314	3499	3101	6106	5903	2282	4167	3973	5748	5720	1963	4249	1206	531	2341	1713	5619	3029	3659	4702	2118	664	1481	4937	807	1262	5662	2711	4225	924	193	6075	4269	4124	4862	2434	1283	1874	3794	3680	5673	3711	1528	1272	1330	4633	2470	5844	2839	5506	5622	625	1952	3490	5231	110	4140	5456	1774	2187
3440	5939	110	4483	2733	522	2384	5931	3466	3558	110	4857	2615	2529	5130	6101	2062	5219	5960	2034	1275	4768	2640	3001	2788	335	1530	1883	4705	518	6102	418	5998	4826	900	1611	5296	4290	4270	728	3559	5671	3752	1179	1950	110	3786	782	3880	164	2804	4711	4336	457	5903	6106	5369	2520	4221	3267	1062	4325	5215	368	4692	2490	4534	1867	4071	4800	171	4983	3135	5583	4969	1785	2063	5715	6032	3851	3156	3620	2747	1670	231	1817	431	694	4518	5287	5577	4865	5968	4218	4039	3220	2519	4698	1620	3728	163	3849	2180	3144	893	4912	4590	1399	1849	4597	2670
4958	4188	928	969	5175	4652	110	2848	110	3873	4736	1739	1124	435	760	4515	5217	1656	5147	1915	2352	1872	2782	1728	947	1715	5229	3425	3329	1513	138	5592	1781	806	159	2543	4216	817	1593	2537	557	5413	680	1201	1723	4964	257	864	681	5942	1462	2636	3020	4052	2282	5369	6106	4575	1500	3242	237	4283	3286	3882	190	506	6047	2304	6103	3975	428	3616	2028	5932	4831	5947	1364	4624	5499	4091	5914	1195	3050	6044	1768	4746	1309	902	4075	1765	5224	5535	523	2117	3899	5056	4234	5904	2469	2576	3868	4100	1461	282	3182	1282	364	4819	3699	4275	4230
5157	3091	6012	2744	1453	4413	4650	5659	2287	1687	2284	6050	4828	110	1024	2359	5510	800	4610	904	5103	4576	2779	873	2763	2934	5630	2596	439	644	1834	2639	1906	2281	2891	4618	400	1422	1064	6073	3687	1860	4031	4704	2700	2751	5635	3534	1626	5817	1148	4806	4116	5620	4167	2520	4575	6106	2346	4307	2076	5674	5626	5689	3344	2270	5194	4292	3335	3123	446	4535	2494	4457	3396	918	5412	630	2503	299	2144	5628	1956	2567	631	5698	4398	1791	1516	3099	5277	2298	2085	2252	1595	3367	4087	4567	5913	1382	861	4028	1726	409	4097	309	4004	826	263	2765	994
1401	2917	2824	1381	2568	488	1961	179	5019	3194	200	1031	1892	4963	5738	189	2161	5950	1938	976	3214	5938	3661	3316	5341	1452	5220	5964	2046	3831	3827	110	2591	3259	1800	2132	259	2075	3852	110	2385	3577	1550	5337	1259	3782	613	5398	4680	486	4931	3840	4872	426	3973	4221	1500	2346	6106	2696	1559	4089	5955	372	3818	4025	4332	110	761	4181	897	2433	821	1377	1218	313	778	5080	5420	3246	1302	3584	180	2658	1004	4562	3922	4556	1565	4605	756	4509	1919	384	3406	2740	5834	1076	519	110	4529	1944	3038	973	509	2524	3404	810	5724	3168	2487
4059	3702	4096	4932	1652	5330	4965	4519	1587	5120	392	1478	3587	437	1235	5790	1588	4762	3298	2050	2726	3016	5182	4954	3797	1403	552	5525	2073	311	4276	4268	1152	3193	5027	3508	956	4040	1256	790	1327	1305	5105	1654	2994	5450	2648	3977	828	1499	1112	4412	5602	2022	5748	3267	3242	4307	2696	6106	4832	733	6018	4111	1971	110	4018	2679	3082	2919	110	1520	4849	1682	5843	201	1249	5395	5435	1503	1230	3150	1947	2090	2184	3926	955	3047	2189	729	4645	4437	1934	3248	4659	5064	5269	2134	3164	1795	4158	2777	5560	5907	3915	3968	2025	3469	4511	5288	5058
1054	2546	5481	3727	1365	5430	5441	4113	607	5578	4263	3054	5377	2449	3627	252	3557	1913	6054	3617	5207	3769	2613	1932	2833	2322	1073	5709	1299	389	1320	2053	5987	2417	5530	3684	3232	2794	4772	2561	131	4491	4090	3454	4959	4860	1029	5297	3678	4591	4682	5970	4403	4876	5720	1062	237	2076	1559	4832	6106	1444	4870	692	566	1511	5401	3777	3820	2851	781	4174	3391	2471	2923	183	1509	2720	1089	1271	2009	5141	110	6089	3031	5705	5528	3946	2548	3980	110	4050	3481	352	5852	1527	977	3163	1710	2706	5615	1741	1446	4925	3696	135	2238	4363	2200	3703	1209
5763	2598	1449	393	2950	4901	3512	288	4822	5347	501	4793	1285	3748	2850	1425	2681	4531	5469	4858	346	3097	3890	2559	5333	6035	5713	4033	2432	2577	452	4084	1431	2168	2114	574	4047	2403	5366	5992	553	4933	1300	1502	5648	2996	4649	1467	1966	714	921	273	622	1077	1963	4325	4283	5674	4089	733	1444	6106	833	5985	1181	4607	2356	321	3657	3901	1740	2572	328	5737	1888	1994	4916	4561	5214	2373	6085	3544	4372	2860	1608	3439	365	376	2616	362	110	5503	3003	250	4790	3451	1363	4496	324	4845	4771	3740	1495	460	2236	1254	5679	6076	2556	5600	4489
2563	5863	4126	1063	4180	2244	3538	3363	5415	4573	579	4944	1137	284	1649	3677	471	3108	5883	4930	1109	4008	937	5188	3112	1793	1729	3412	3982	4757	5978	3585	3011	3018	1223	3969	110	5406	1037	1214	4551	1180	2209	4577	5110	2528	4184	6078	1291	465	500	5447	5113	2526	4249	5215	3286	5626	5955	6018	4870	833	6106	3185	4976	5185	1404	2599	2300	1488	2966	5779	742	4245	4899	1718	2813	4055	5858	3104	461	1606	2422	3751	5801	3292	2953	2312	1151	2900	2611	3081	1724	912	1562	2977	495	3498	1592	2473	5405	3023	5121	3738	3838	5501	2424	577	5636	3142	5886
889	2010	745	4062	2547	3789	3319	1526	2395	5747	5032	3764	4707	1368	1542	5923	4631	4560	1737	1065	2549	2961	5218	2672	4700	5835	1061	2759	4048	3844	110	958	4920	2993	5538	3365	647	1705	1450	3666	2391	624	3578	1532	779	3098	3152	5559	4314	5642	2773	110	3245	1315	1206	368	3882	5689	372	4111	692	5985	3185	6106	2792	3537	2214	3746	5018	5776	4109	5582	5016	5386	4000	5983	1700	2302	5647	4998	4015	4892	4005	4854	4644	2328	2907	264	1929	521	5912	227	5519	5122	5304	4240	3767	3270	4347	222	1937	4670	1150	3176	3354	355	4247	176	4458	5806	3291
3632	1442	5261	3855	1297	4313	1318	319	2916	2315	3276	1310	512	4749	236	3630	5990	2952	5084	4464	188	1067	3760	3444	5302	2489	2212	685	3120	6087	1633	5788	4094	1813	1277	4703	2667	1436	611	2631	4961	3830	5821	5407	2766	5454	2125	3024	3822	4493	110	1575	2620	5945	531	4692	190	3344	3818	1971	566	1181	4976	2792	6106	5537	4927	110	4570	4523	1027	4103	4168	2786	5351	490	1108	3917	5186	2320	4334	3771	515	4373	3875	4095	5906	1440	3723	432	3792	4136	5143	4258	5489	2149	4657	5322	2647	5271	5597	5045	5905	655	5789	2271	5102	3483	2709	1140	1107
5313	2162	4160	5891	110	3918	901	533	2181	4823	3511	4204	1917	1893	2456	238	3985	1982	5744	2437	2970	4970	747	5307	4939	4521	2823	3724	4690	1555	1473	960	2019	4220	2882	5342	1397	383	4723	4305	5338	2560	4391	5374	6048	1105	998	5192	2243	475	3043	1801	1255	5556	2341	2490	506	2270	4025	110	1511	4607	5185	3537	5537	6106	5149	3424	301	520	225	2491	3357	1948	5265	984	1708	5023	5937	5601	1972	3419	6016	4123	2741	2865	3673	196	4011	4054	4677	1890	4384	3571	4107	2245	946	1585	588	281	4264	2646	3128	1142	1894	2869	2793	3935	3212	4995	4475
3770	2861	2565	110	174	110	5973	829	1839	3808	5168	2016	4676	110	1269	3436	5177	5483	158	4834	4524	1551	110	5878	3373	5791	5758	2668	110	5252	5303	3824	211	2170	4737	4689	2306	4014	2890	307	796	4726	1199	535	5827	3217	712	959	601	2311	4432	2362	4877	294	1713	4534	6047	5194	4332	4018	5401	2356	1404	2214	4927	5149	6106	1807	5276	4396	5700	695	5030	3640	744	3106	1232	110	3040	2969	2712	2581	5804	2505	3948	1407	2862	4294	3505	5796	3876	5132	4139	5286	4161	5014	4326	2847	5049	2314	4946	1239	4740	1418	4171	489	333	110	767	6045	5872
4679	3839	448	5541	1304	5668	4410	3909	1665	651	5562	3052	1264	1566	4578	2997	3254	5206	5311	1366	5475	5282	643	2474	2673	951	765	110	5773	477	1085	1025	2798	4915	1535	2911	1258	5008	5996	420	5957	4115	3690	3300	3387	3837	1985	3927	2857	4891	3341	4259	4510	3606	5619	1867	2304	4292	110	2679	3777	321	2599	3746	110	3424	1807	6106	5127	3638	5663	4049	1548	2497	146	1441	4002	5039	3382	6030	2541	440	2651	2357	3041	5684	374	2573	195	5514	2049	3643	5344	1172	3243	326	3689	1207	4873	3570	5047	5753	5727	1237	2889	3222	6104	279	2815	2956	1853
274	802	1253	1914	950	576	1193	3796	5745	4993	2390	4804	4752	1631	4787	3791	653	3513	3825	4960	619	4866	4429	5339	1769	3503	1448	177	4909	5250	5054	1244	3688	4370	1313	4733	1013	4542	4193	2072	2070	268	1044	2361	3691	2550	2308	6004	1510	5726	2242	3913	1360	5551	3029	4071	6103	3335	761	3082	3820	3657	2300	5018	4570	301	5276	5127	6106	2522	5095	5594	415	5390	136	5785	5670	2274	3676	5460	5550	5826	4678	5861	4855	2972	1106	110	2042	673	866	1477	2369	5327	5520	2768	6081	3990	1831	3889	2521	2414	4554	6072	4172	4949	1083	5661	2535	4742	1342
4986	1814	4589	110	1646	4533	1999	5909	5524	3879	1047	1324	3278	2450	3700	3467	4250	4462	5618	4917	1812	1549	5723	846	323	1069	1642	2333	5491	4658	2760	2464	1803	5846	2097	3545	3236	740	4086	2909	2387	2428	3328	4978	2035	5639	115	2178	3595	110	3429	4254	2778	818	3659	4800	3975	3123	4181	2919	2851	3901	1488	5776	4523	520	4396	3638	2522	6106	3459	2115	5230	5649	4324	2143	3072	5555	5189	3486	1602	266	4499	4470	679	4833	1546	3833	1435	110	1885	634	2870	2482	787	4945	1485	128	3912	5278	3068	4309	2343	3722	1599	3603	6006	1852	385	2030	2826
1544	110	3458	4776	6063	4141	4759	930	407	2000	1619	2173	1763	1821	5882	890	967	5088	2215	3071	1011	3191	754	110	5613	5898	3841	4197	2582	3555	3861	1145	2527	788	5865	1607	4405	511	3652	5126	2534	4527	110	3836	648	3682	5306	1257	3333	2877	1953	3857	2255	3907	4702	171	428	446	897	110	781	1740	2966	4109	1027	225	5700	5663	5095	3459	6106	3090	6028	4369	894	3947	5502	5678	4593	3428	4695	5118	4034	2032	2179	4219	1129	3075	5308	2939	2819	2811	5323	5076	3186	4318	1322	596	1837	2644	4278	2439	3528	6066	5490	2871	4504	3956	110	4260	390
2974	4967	1268	5480	1622	1871	4851	2100	3683	2442	2532	555	4738	2457	4098	2637	1100	1615	2018	766	4997	4735	2231	5680	4721	3551	4943	4339	1504	5554	1224	3869	2643	1470	371	3060	4143	3529	6071	1469	3258	2250	2614	5442	4009	851	4289	5793	1394	795	4394	5397	3084	2094	2118	4983	3616	4535	2433	1520	4174	2572	5779	5582	4103	2491	695	4049	5594	2115	3090	6106	246	2177	5623	5370	4563	3079	1279	3394	1432	1128	5109	2324	687	5797	4182	4252	684	110	5305	1995	4416	815	3305	1415	5590	5094	3257	850	3828	4013	6020	3981	1661	2087	3654	3421	5067	3790	3462
3645	4288	1388	1050	1447	5704	3102	133	1946	6051	4662	5373	1668	3139	1651	6010	3146	5404	2060	1012	5364	5941	3411	5391	4085	260	3988	3672	424	3223	2903	6019	5010	665	5564	1659	1053	2429	3288	1962	5899	401	2570	4821	110	3664	3579	4507	2554	4454	4016	5036	1021	4574	664	3135	2028	2494	821	4849	3391	328	742	5016	4168	3357	5030	1548	415	5230	6028	246	6106	5038	4069	3568	5259	5099	3340	3274	4436	2169	573	5982	4473	1909	2557	3755	110	134	3119	640	1992	5473	2203	686	2944	5961	1113	5449	4456	5470	5006	2855	3138	4929	130	773	5966	5730	5901
5403	5953	1980	1284	5926	3237	4199	2408	191	4017	704	578	4569	5114	5264	2980	3695	4379	3290	3066	1176	4238	3787	5485	5949	2241	3397	2894	1191	2256	2732	3949	3860	4853	871	4935	3153	5521	4419	4101	1918	1842	3015	162	2105	247	4950	3310	2368	110	4157	356	240	1993	1481	5583	5932	4457	1377	1682	2471	5737	4245	5386	2786	1948	3640	2497	5390	5649	4369	2177	5038	6106	3184	312	5531	698	1822	3614	2371	697	5418	1525	5068	5536	3674	2800	5476	3519	3403	839	469	5097	4669	2081	5455	3933	3313	5128	1725	4825	862	2517	6011	4621	1416	4108	5011	2746	5522
3970	3629	4586	1455	3713	2828	5204	3064	403	3599	2502	4127	170	1034	4763	2337	2926	1926	5627	2222	5529	3204	4331	4615	1912	3953	3940	1332	5915	404	3925	3984	4406	3681	3942	3277	4110	4820	1236	703	5631	1973	5492	677	4345	1417	3612	4996	2898	4360	3768	3402	463	3037	4937	4969	4831	3396	1218	5843	2923	1888	4899	4000	5351	5265	744	146	136	4324	894	5623	4069	3184	6106	3720	2260	4803	3993	4668	5916	2967	1748	2193	3115	2973	2634	988	3287	110	5283	3943	1058	5608	4911	2756	5526	2375	4390	3049	3063	216	110	2445	3560	1334	2656	4555	750	110	2001
1393	5486	3392	907	3100	4173	4863	4236	3929	927	2230	4750	2208	5013	822	5585	1899	4503	2370	1132	2205	916	6088	405	5072	1515	2251	2221	4952	674	4908	1369	3231	4789	6036	3566	1597	5385	2430	5596	3080	175	4587	5977	3550	3008	449	4614	1786	3895	2943	3065	3413	3759	807	1785	5947	918	313	201	183	1994	1718	5983	490	984	3106	1441	5785	2143	3947	5370	3568	312	3720	6106	5349	3647	348	110	3359	2253	3937	5746	1809	3908	783	3385	4281	1215	5543	110	5290	1079	5104	1563	4879	5140	3420	2945	5452	2995	3415	1328	4979	1198	4200	2736	4007	5732	293
2421	723	1341	2716	3974	338	4114	3229	499	3621	4745	2649	2151	913	1032	3132	2301	6079	6017	5563	3465	310	1319	3594	5574	2764	5721	2335	3590	3187	4243	4686	4713	1170	3189	4093	2003	2129	1989	2623	560	270	3269	3076	2293	2088	3553	1660	1790	3526	716	689	4910	3881	1262	2063	1364	5412	778	1249	1509	4916	2813	1700	1108	1708	1232	4002	5670	3072	5502	4563	5259	5531	2260	5349	6106	1041	4923	1676	110	1757	3360	4869	1873	5352	2484	3371	2329	5125	110	721	4642	774	3779	1454	2787	1808	253	3372	2020	1523	892	2666	4399	1169	5245	2461	1243	5086	4165
5900	700	4751	2267	3843	667	5346	2602	854	1373	2296	1173	4125	1838	5787	142	5354	1727	1030	2086	5612	3930	3916	4297	5800	5911	186	5484	599	4196	2988	5624	4053	5509	4673	865	1794	3255	5212	1539	3442	942	1301	2131	445	1621	5755	303	1434	1408	5925	1057	923	1326	5662	5715	4624	630	5080	5395	2720	4561	4055	2302	3917	5023	110	5039	2274	5555	5678	3079	5099	698	4803	3647	1041	6106	1924	4121	5400	3240	1208	5183	215	670	759	1560	1429	5641	3850	4417	2349	5547	2303	1616	6055	2013	5889	117	148	4213	1720	141	3219	121	2056	5812	4753	3729	286
2425	172	2913	5295	2654	2211	285	2339	2440	3639	5885	258	990	5682	394	4446	5693	1306	2402	4327	1082	4918	1903	4320	1101	3030	5033	4830	739	858	4601	3155	2128	4701	5479	5718	2781	2516	1233	3671	1131	1969	4991	617	4699	3468	2684	4299	3017	1521	5640	2887	5696	2604	2711	6032	5499	2503	5420	5435	1089	5214	5858	5647	5186	5937	3040	3382	3676	5189	4593	1279	3340	1822	3993	348	4923	1924	6106	1630	3991	5993	4842	5584	3622	3092	4628	3957	1498	793	4079	243	242	1557	3783	3517	1192	1166	202	3810	261	110	4060	337	4244	5146	4020	1428	2846	110	1119
5780	1203	1877	2783	2423	632	1639	2334	3343	1241	5864	2317	4687	245	1927	982	5051	3418	6052	1650	5666	1317	3504	3934	1183	1935	3453	812	305	585	1855	4328	2261	1907	1916	255	2348	1308	4082	3636	1758	1347	168	2154	5472	2280	2249	610	2632	2799	2603	5131	3480	2628	4225	3851	4091	299	3246	1503	1271	2373	3104	4998	2320	5601	2969	6030	5460	3486	3428	3394	3274	3614	4668	110	1676	4121	1630	6106	4063	2126	6025	5232	5119	4730	4296	2007	2957	114	4546	3408	2234	278	903	1688	5262	1125	3045	1003	3960	185	2071	567	4477	1570	3364	991	837	4681	5644
2586	999	4163	5171	1556	919	4599	4152	2982	2219	4604	2462	4487	2286	3931	4467	1928	4044	4977	3834	444	3370	2597	6058	3088	4684	591	1778	466	276	149	2057	538	996	5137	3801	5845	2630	2064	2545	5853	6060	2206	550	5815	1887	1096	4187	4153	3867	2863	455	906	5446	924	3156	5914	2144	1302	1230	2009	6085	461	4015	4334	1972	2712	2541	5550	1602	4695	1432	4436	2371	5916	3359	110	5400	3991	4063	6106	2354	5221	2738	5954	3936	3995	981	1386	4595	2705	1174	1990	4602	5314	5368	4655	1582	485	1008	1770	1010	2048	1400	1529	3181	4712	4847	3215	1020	4883
3173	4479	2849	2665	688	1378	1625	5814	1512	1110	3208	4647	2463	3446	4404	5464	3893	3650	1048	110	2822	575	5440	1389	1294	748	2465	539	4461	3726	2803	5999	5494	853	5389	757	5065	110	5236	4463	736	3148	4375	4734	3516	2077	110	152	1662	5026	1018	5606	429	1744	193	3620	1195	5628	3584	3150	5141	3544	1606	4892	3771	3419	2581	440	5826	266	5118	1128	2169	697	2967	2253	1757	3240	5993	2126	2354	6106	1163	1735	1721	3362	110	4974	3358	2459	5976	1797	373	271	730	4966	3160	2610	3543	1491	3280	2948	3053	2405	5309	2407	493	2150	987	1598	2536
110	5461	2564	3000	3877	6003	2925	1260	1547	2817	5743	110	656	2364	5566	1843	1472	1190	402	2055	1717	966	702	2124	1695	4480	3580	1789	361	3437	2379	5315	4663	3216	1703	3178	120	5980	5163	5098	755	5191	1981	5527	5237	140	5910	5725	381	5969	2933	4558	6033	840	6075	2747	3050	1956	180	1947	110	4372	2422	4005	515	6016	5804	2651	4678	4499	4034	5109	573	5418	1748	3937	3360	1208	4842	6025	5221	1163	6106	5471	3381	2761	5830	4646	2991	5951	4459	1019	3022	5515	4861	3261	769	2139	2515	4792	1614	6068	325	1719	1325	2479	4280	2976	852	5235	5425
1189	2687	1095	1534	4989	421	5328	110	725	682	4896	3032	1480	5570	5516	1657	3602	2954	5589	3410	110	5548	4724	4525	4890	5034	4471	2285	4226	468	4783	4058	2538	1784	1617	4128	3048	5650	6026	2986	2038	5079	2728	2478	1052	5111	1098	3712	2893	764	5375	2587	1036	1471	4269	1670	6044	2567	2658	2090	6089	2860	3751	4854	4373	4123	2505	2357	5861	4470	2032	2324	5982	1525	2193	5746	4869	5183	5584	5232	2738	1735	5471	6106	5786	563	1755	6074	3493	5057	2110	5082	4448	4897	3019	3389	3253	693	4042	4057	752	1711	5160	4843	4984	5020	929	1658	1040	2380	3262
649	5944	3077	1136	1042	734	296	2642	110	4242	1246	5115	233	2539	4580	5357	718	2382	292	1005	4190	5069	5665	3044	5238	2309	587	731	3361	5044	1967	3308	4613	4882	1383	5874	223	6094	2796	2089	5733	4418	1882	3641	5651	5664	3567	110	2874	4544	1456	2340	110	198	4124	231	1768	631	1004	2184	3031	1608	5801	4644	3875	2741	3948	3041	4855	679	2179	687	4473	5068	3115	1809	1873	215	3622	5119	5954	1721	3381	5786	6106	1583	3140	4921	2678	3811	888	2277	3233	4904	487	2460	2228	722	3374	1571	5384	2475	3093	4665	2852	1514	5692	2780	5193	1451	3923
660	5552	4267	2593	5426	5734	110	1750	5867	2757	2210	4796	5317	1323	2617	2633	5876	5144	3736	4767	4490	1267	4421	5055	5856	2692	1958	2818	3301	3426	5686	1043	3862	4222	5918	561	5855	1168	5561	300	1437	2431	3114	2197	3921	835	4452	3323	602	1613	3601	1628	2619	3608	4862	1817	4746	5698	4562	3926	5705	3439	3292	2328	4095	2865	1407	5684	2972	4833	4219	5797	1909	5536	2973	3908	5352	670	3092	4730	3936	3362	2761	563	1583	6106	4350	2074	2691	1196	3056	1333	4612	4934	2551	2198	4045	612	3226	3668	1760	2453	5638	513	2512	1886	3167	1674	4389	4582	4177
2836	5200	4784	1738	5767	4550	4664	719	938	3479	2495	3378	3111	713	2755	4376	3885	3669	1419	3005	5422	1357	5155	4729	3317	5133	1901	792	964	4035	4537	5994	1376	3188	1895	931	1761	5145	2039	3166	3304	3473	3531	280	3423	2265	1149	6023	5255	1825	582	568	5609	4805	2434	431	1309	4398	3922	955	5528	365	2953	2907	5906	3673	2862	374	1106	1546	1129	4182	2557	3674	2634	783	2484	759	4628	4296	3995	110	5830	1755	3140	4350	6106	2895	110	3296	5253	110	5053	4074	110	380	3635	6105	3761	1396	110	6005	3670	3199	4520	1390	3207	1632	1340	494	3116
6037	3692	1000	3485	4885	1158	1955	1225	786	4447	145	2955	1644	4632	1978	891	5092	3348	2915	2140	5356	3600	507	3478	110	5532	1531	3332	4088	1147	857	1942	3906	2159	4442	3556	1900	110	4553	5332	5321	2015	110	5190	3798	1920	2701	5508	110	5301	5009	2737	3826	1987	1283	694	902	1791	4556	3047	3946	376	2312	264	1440	196	4294	2573	110	3833	3075	4252	3755	2800	988	3385	3371	1560	3957	2007	981	4974	4646	6074	4921	2074	2895	6106	2921	1202	2190	842	1968	2347	3954	1667	1655	5331	239	1524	1362	4012	2332	5974	2043	1023	2083	2289	2027	2626	1782
4764	1984	430	1359	2809	5166	4598	4836	3775	5979	1127	4298	5823	628	481	2680	2501	3656	4310	2014	5896	2485	3366	6046	983	2451	412	872	5610	122	1427	975	5007	1902	4990	4817	232	4513	1677	1943	4066	3089	6043	4061	3386	4183	5607	2175	5334	1573	5184	3569	5781	2413	1874	4518	4075	1516	1565	2189	2548	2616	1151	1929	3723	4011	3505	195	2042	1435	5308	684	110	5476	3287	4281	2329	1429	1498	2957	1386	3358	2991	3493	2678	2691	110	2921	6106	5542	2514	2775	3758	3271	1756	1764	3819	3986	2888	3211	3522	3586	119	3964	941	4255	289	3133	556	160	5035
4743	5432	5587	5919	4697	2504	458	662	2789	1816	2223	3210	2419	5148	5136	4839	3932	4073	3561	4797	1589	811	1681	3804	1876	6064	1679	436	5498	2135	3605	2172	1293	2938	887	2406	3342	226	1586	112	3507	3487	545	5002	1578	1745	116	696	2225	5345	3039	4508	4778	2867	3794	5287	1765	3099	4605	729	3980	362	2900	521	432	4054	5796	5514	673	110	2939	110	134	3519	110	1215	5125	5641	793	114	4595	2459	5951	5057	3811	1196	3296	1202	5542	6106	2099	753	1641	320	3162	5363	3395	1636	1773	791	5139	3547	2397	534	484	5085	3324	1409	3992	5588	2566
1385	1171	4648	1864	2661	4386	1316	3399	4506	5634	4739	504	1884	920	5729	450	2518	5213	3494	2488	4159	1922	1274	2718	4065	3856	3432	5241	529	110	4988	3653	5196	110	1118	1558	3961	5482	604	4603	5924	2344	4919	4488	6009	5716	4256	2185	295	5981	3607	4235	1880	5497	3680	5577	5224	5277	756	4645	110	110	2611	5912	3792	4677	3876	2049	866	1885	2819	5305	3119	3403	5283	5543	110	3850	4079	4546	2705	5976	4459	2110	888	3056	5253	2190	2514	2099	6106	962	3651	4547	5161	785	1580	4453	558	4441	1561	3179	3353	5894	5605	3853	480	1823	6100	5359	1788
3170	5372	4321	5202	5061	2093	4340	3355	3951	1177	1970	5580	4835	5134	2486	2657	3427	2498	5423	3774	3549	5833	4596	3390	3731	2912	844	707	5419	870	5458	4355	6093	2493	3130	3814	2802	2367	417	4395	1056	5766	4135	961	3209	4727	1635	3637	671	814	272	1375	5759	1490	5673	4865	5535	2298	4509	4437	4050	5503	3081	227	4136	1890	5132	3643	1477	634	2811	1995	640	839	3943	110	721	4417	243	3408	1174	1797	1019	5082	2277	1333	110	842	2775	753	962	6106	110	724	4083	123	5681	5676	5298	1156	4207	4799	5667	845	4357	2023	3540	4868	2854	4178	3530
4838	6098	2904	1771	2659	1087	5986	5239	1844	3035	3588	4439	2624	5004	267	5383	5694	3967	5417	4807	3445	5895	4889	3919	1806	5792	1231	1859	2935	949	3377	659	2902	1759	1072	6022	4189	595	3289	3989	2351	110	3693	2876	4987	3959	2275	5135	2962	1086	1117	4936	3998	1484	3711	5968	523	2085	1919	1934	3481	3003	1724	5519	5143	4384	4139	5344	2369	2870	5323	4416	1992	469	1058	5290	4642	2349	242	2234	1990	373	3022	4448	3233	4612	5053	1968	3758	1641	3651	110	6106	3438	4636	1016	4674	5984	110	570	2148	4449	2899	675	1336	5654	2553	5294	2638	3491	1093
265	2840	6059	3383	4846	3610	1836	1321	4786	2578	248	5228	2103	5936	5897	5598	1779	5274	1869	327	1734	441	2715	2232	4387	1830	4120	592	1857	5457	4715	2749	2067	2674	4211	2235	4956	3482	4716	4962	909	3757	3143	221	5573	474	3500	2052	3721	1663	2107	5866	341	1486	1528	4218	2117	2252	384	3248	352	250	912	5122	4258	3571	5286	1172	5327	2482	5076	815	5473	5097	5608	1079	774	5547	1557	278	4602	271	5515	4897	4904	4934	4074	2347	3271	320	4547	724	3438	6106	1331	5387	3302	3846	4985	1406	1345	110	4311	2237	2682	2605	6061	5444	5772	491	422
3733	5819	819	5683	1126	3574	899	3206	5300	3894	3701	5935	4718	5431	4994	3863	2987	1743	1273	1669	2910	442	2574	1348	5807	3624	1033	5371	3609	4279	1303	2044	4105	5534	2609	4134	1691	5591	1704	5107	3476	3322	470	5695	3303	5760	5042	1270	456	1265	6080	4425	5706	3325	1272	4039	3899	1595	3406	4659	5852	4790	1562	5304	5489	4107	4161	3243	5520	787	3186	3305	2203	4669	4911	5104	3779	2303	3783	903	5314	730	4861	3019	487	2551	110	3954	1756	3162	5161	4083	4636	1331	6106	2693	581	948	5312	4023	827	2331	3815	3129	2218	5421	2664	3127	4312	4223	4046
883	2958	4867	1638	1501	5319	2618	867	2897	4732	2590	4150	5851	3067	777	5073	378	1290	4616	1945	3285	4208	1612	3706	691	2690	1584	4402	600	3665	3368	4469	110	5402	1123	3350	940	1881	2141	4444	2885	2227	5688	451	1463	3753	5517	2999	187	1818	5860	4415	192	2378	1330	3220	5056	3367	2740	5064	1527	3451	2977	4240	2149	2245	5014	326	2768	4945	4318	1415	686	2081	2756	1563	1454	1616	3517	1688	5368	4966	3261	3389	2460	2198	380	1667	1764	5363	785	123	1016	5387	2693	6106	3315	2697	5672	3633	4579	5719	154	5226	4179	110	5382	5325	3096	1474	2353
633	3213	3433	2984	1600	2753	4907	3920	5567	156	5117	1161	5824	2960	2806	6070	3914	3903	472	3905	4914	2896	3807	2905	2942	3105	4829	2377	5717	2257	125	5803	126	2158	2595	2066	5934	2569	2829	4451	2156	885	6034	4622	5751	110	2729	4625	993	5187	5360	5813	5396	2769	4633	2519	4234	4087	5834	5269	977	1363	495	3767	4657	946	4326	3689	6081	1485	1322	5590	2944	5455	5526	4879	2787	6055	1192	5262	4655	3160	769	3253	2228	4045	3635	1655	3819	3395	1580	5681	4674	3302	581	3315	6106	2831	6097	4693	699	5829	1015	4078	5972	5249	4594	462	1701	3952	3051
110	3252	2127	5765	831	5762	4104	497	4928	1858	1251	2068	1931	4761	5614	1951	571	1229	972	1445	4801	1645	597	339	5505	3955	5558	4875	2717	3095	4274	5879	5393	5031	3865	1184	834	4364	911	4330	3780	2959	623	4092	2404	1796	344	957	3058	1167	2964	1933	4253	342	2470	4698	5904	4567	1076	2134	3163	4496	3498	3270	5322	1585	2847	1207	3990	128	596	5094	5961	3933	2375	5140	1808	2013	1166	1125	1582	2610	2139	693	722	612	6105	5331	3986	1636	4453	5676	5984	3846	948	2697	2831	6106	4859	2366	1288	6095	5493	590	3376	4262	4099	1835	5544	875	1851
143	1991	217	181	848	262	3334	5343	2041	5884	6099	4077	4414	838	5871	3087	5012	5838	1099	2675	4132	5451	1564	166	2069	4906	1384	6013	4864	2102	726	1186	3218	2686	1314	220	1337	5289	2323	5355	3817	1957	4460	4356	3662	4530	2928	5410	4019	3793	963	2436	3527	1536	5844	1620	2469	5913	519	3164	1710	324	1592	4347	2647	588	5049	4873	1831	3912	1837	3257	1113	3313	4390	3420	253	5889	202	3045	485	3543	2515	4042	3374	3226	3761	239	2888	1773	558	5298	110	4985	5312	5672	6097	4859	6106	594	5234	2930	4401	1824	1827	569	110	4151	2844	5750	4696
768	1697	1002	5379	1211	4780	5284	4122	2694	1311	1861	4777	4779	2663	1568	598	375	1039	541	4335	2012	2153	3562	683	1216	482	4666	2192	3094	3356	2325	532	2091	110	4785	6053	214	5595	1392	2472	330	5247	799	554	3737	1805	1460	5645	2653	5380	4549	3582	1130	5507	2839	3728	2576	1382	110	1795	2706	4845	2473	222	5271	281	2314	3570	3889	5278	2644	850	5449	5128	3049	2945	3372	117	3810	1003	1008	1491	4792	4057	1571	3668	1396	1524	3211	791	4441	1156	570	1406	4023	3633	4693	2366	594	6106	4333	210	3149	3730	4154	4337	3165	3497	2165	1829	4895
167	4229	546	965	1133	1263	1533	2155	2130	3474	5576	2843	970	1939	5487	1897	1070	1996	2795	1250	5831	1623	3078	340	4070	1634	3028	2555	935	2525	5572	1517	5093	5029	110	5837	3312	315	3719	3739	2832	1618	5565	4887	3405	1811	4378	763	3735	5599	1960	2458	5873	4635	5506	163	3868	861	4529	4158	5615	4771	5405	1937	5597	4264	4946	5047	2521	3068	4278	3828	4456	1725	3063	5452	2020	148	261	3960	1770	3280	1614	752	5384	1760	110	1362	3522	5139	1561	4207	2148	1345	827	4579	699	1288	5234	4333	6106	4265	1569	1936	1841	4728	2552	3742	241	1051	516
203	2400	2708	3754	5761	3858	3430	2363	5500	2411	5244	4233	1154	4170	3509	5616	5539	2492	3443	3157	1286	5862	5571	2095	5197	4409	5310	1009	4427	4781	1212	3845	1832	3336	5697	2901	4380	2113	4948	2160	6024	672	4112	2762	3384	153	5025	860	2447	3295	5677	5825	4957	1329	5622	3849	4100	4028	1944	2777	1741	3740	3023	4670	5045	2646	1239	5753	2414	4309	2439	4013	5470	4825	216	2995	1523	4213	110	185	1010	2948	6068	1711	2475	2453	6005	4012	3586	3547	3179	4799	4449	110	2331	5719	5829	6095	2930	210	4265	6106	3227	4900	151	1749	1891	5223	4725	5462	1775
3241	1248	129	399	2259	1135	2394	536	880	3268	2607	5930	2164	2858	1889	1157	3450	2224	3776	2058	2635	5116	4374	5625	2024	4856	3848	1438	3124	1567	110	2239	496	3131	3190	1349	3963	4809	4354	5836	113	609	526	715	1591	4466	6038	5736	1675	2989	4041	5474	3224	4798	625	2180	1461	1726	3038	5560	1446	1495	5121	1150	5905	3128	4740	5727	4554	2343	3528	6020	5006	862	110	3415	892	1720	4060	2071	2048	3053	325	5160	3093	5638	3670	2332	119	2397	3353	5667	2899	4311	3815	154	1015	5493	4401	3149	1569	3227	6106	1346	3765	4043	2927	4206	2853	3510	4450
2307	2878	110	453	4837	2059	5081	3349	5392	2600	4037	3924	1826	334	4571	3235	2448	359	992	4407	5340	5156	1421	3171	3979	3151	2037	2116	3888	434	2092	2393	3069	3196	1111	353	2975	5962	2398	473	5292	1537	2273	5205	4214	5854	1847	1356	3452	4671	746	5433	1879	4001	1952	3144	282	409	973	5907	4925	460	3738	3176	655	1142	1418	1237	6072	3722	6066	3981	2855	2517	2445	1328	2666	141	337	567	1400	2405	1719	4843	4665	513	3199	5974	3964	534	5894	845	675	2237	3129	5226	4078	590	1824	3730	1936	4900	1346	6106	657	3962	1699	3896	2355	1736	3061
4303	4517	3057	586	408	2061	2295	3256	1405	2588	5270	6031	823	3435	2319	881	3563	5201	4926	3283	1983	4443	4231	1355	2810	110	720	4766	517	4760	3014	3441	1094	4497	5409	2880	2511	5096	110	5285	3741	4010	2226	5685	6021	2963	110	6090	3042	542	5922	2864	5280	5101	3490	893	3182	4097	509	3915	3696	2236	3838	3354	5789	1894	4171	2889	4172	1599	5490	1661	3138	6011	3560	4979	4399	3219	4244	4477	1529	5309	1325	4984	2852	2512	4520	2043	941	484	5605	4357	1336	2682	2218	4179	5972	3376	1827	4154	1841	151	3765	657	6106	118	4639	6014	4232	5211	4142
3158	2338	706	414	139	2558	1683	2122	2345	3611	1081	772	110	5172	771	708	110	2906	3265	3725	3200	2676	443	2707	6042	1121	1074	4106	980	5376	4651	869	4272	4981	1804	4148	3506	5318	710	4611	1722	3294	1046	1220	2742	1965	4773	4316	1904	1080	3685	2772	5757	110	5231	4912	1282	309	2524	3968	135	1254	5501	355	2271	2869	489	3222	4949	3603	2871	2087	4929	4621	1334	1198	1169	121	5146	1570	3181	2407	2479	5020	1514	1886	1390	1023	4255	5085	3853	2023	5654	2605	5421	110	5249	4262	569	4337	4728	1749	4043	3962	118	6106	1707	593	1487	830	5179
5070	2752	4748	3710	4514	2825	366	2612	4552	3904	4397	1692	2201	3596	3902	5712	314	459	805	1875	4164	398	1493	1767	4344	3249	3795	614	1540	3705	5958	3221	514	3180	502	4080	110	863	2330	5839	3172	3205	1666	5512	1702	3251	4209	3416	4029	3264	5703	4557	1482	2080	110	4590	364	4004	3404	2025	2238	5679	2424	4247	5102	2793	333	6104	1083	6006	4504	3654	130	1416	2656	4200	5245	2056	4020	3364	4712	493	4280	929	5692	3167	3207	2083	289	3324	480	3540	2553	6061	2664	5382	4594	4099	110	3165	2552	1891	2927	1699	4639	1707	6106	110	4036	2426	5965
5575	2841	3431	3183	5041	2808	4880	5257	1845	5427	205	1468	4286	3434	2220	1678	110	2188	4814	479	4169	3686	5495	2292	4371	1352	5256	1815	5246	3938	1338	2078	3070	3159	4638	1398	2814	1975	1420	4228	2036	4367	1690	2771	5794	6077	895	5169	789	2606	1457	4129	3802	2269	4140	1399	4819	826	810	3469	4363	6076	577	176	3483	3935	110	279	5661	1852	3956	3421	773	4108	4555	2736	2461	5812	1428	991	4847	2150	2976	1658	2780	1674	1632	2289	3133	1409	1823	4868	5294	5444	3127	5325	462	1835	4151	3497	3742	5223	4206	3896	6014	593	110	6106	3230	661	1783
5046	2683	3489	544	5227	678	1217	3244	1007	110	4423	2827	483	2743	3352	5291	4306	6062	2386	4202	2021	3010	3055	3407	5859	2011	3532	1732	1507	4440	3535	1402	4654	1908	1287	4874	2452	1742	411	2167	2689	2310	1483	2026	4388	5203	4886	2622	2540	5603	1071	2645	3642	741	5456	1849	3699	263	5724	4511	2200	2556	5636	4458	2709	3212	767	2815	2535	385	110	5067	5966	5011	750	4007	1243	4753	2846	837	3215	987	852	1040	5193	4389	1340	2027	556	3992	6100	2854	2638	5772	4312	3096	1701	5544	2844	2165	241	4725	2853	2355	4232	1487	4036	3230	6106	3250	4346
1581	3872	1001	1898	3027	4685	735	3539	4893	3337	1868	1423	5173	2583	1850	5242	2202	110	4495	3886	2621	1579	5593	4030	132	3239	4285	1733	606	3447	3994	1017	5971	5511	1350	382	2868	4600	2396	615	1059	2530	3036	6000	3414	2949	1092	351	751	749	1977	2704	1335	363	1774	4597	4275	2765	3168	5288	3703	5600	3142	5806	1140	4995	6045	2956	4742	2030	4260	3790	5730	2746	110	5732	5086	3729	110	4681	1020	1598	5235	2380	1451	4582	494	2626	160	5588	5359	4178	3491	491	4223	1474	3952	875	5750	1829	1051	5462	3510	1736	5211	830	2426	661	3250	6106	3525
4224	3983	4476	5158	1222	3201	5066	3496	5880	3716	1753	3883	297	5399	5142	5549	1930	110	5071	1339	1986	2258	1120	3709	1664	4982	2510	2416	5810	4581	4565	564	3197	2579	4317	4319	1496	2750	2866	2947	669	5394	524	849	2872	1590	5893	3996	4788	1572	358	905	5439	1777	2187	2670	4230	994	2487	5058	1209	4489	5886	3291	1107	4475	5872	1853	1342	2826	390	3462	5901	5522	2001	293	4165	286	1119	5644	4883	2536	5425	3262	3923	4177	3116	1782	5035	2566	1788	3530	1093	422	4046	2353	3051	1851	4696	4895	516	1775	4450	3061	4142	5179	5965	1783	4346	3525	6106
