6106	1159	3267	790	553	4887	1487	1302	1842	1738	5509	2481	5856	3653	1623	111	5008	2789	1023	5434	4255	5297	3054	4884	5511	1001	3897	3584	555	718	1673	2673	4025	2257	3681	3169	3797	1471	565	3370	3222	2675	4183	4901	5960	5780	550	6097	3910	3334	2532	4633	3378	731	847	2765	5140	2431	1727	1480	2224	110	4664	1917	392	151	3717	4278	1415	110	2230	452	1067	5527	5006	5343	4334	1972	2314	867	5025	2846	1596	3699	4915	1964	5480	3178	3111	692	4898	741	2539	5946	2473	1424	1396	3881	4763	1297	5218	1812	1376	3678	5478	3269	1746	3081	4812	361	3950
1159	6106	3488	4085	3821	974	2165	5081	4962	2216	1169	3473	4593	5774	4403	2910	2233	3647	3842	4199	2691	876	3458	3134	3400	5148	3763	4562	671	177	3864	541	4941	312	1343	414	2476	4980	4448	1327	1732	2079	2684	2612	2328	110	1874	5577	1579	3916	3621	2375	863	353	3214	2190	4940	349	4208	2028	2703	5590	2530	3523	3102	144	792	4032	3566	1804	5886	1975	537	4443	355	526	771	3600	2076	2870	3553	1162	3971	2479	3841	3645	2596	110	3395	5363	3966	5229	5877	1173	3183	517	4372	5009	3761	270	4654	2908	4918	3438	4421	1697	2208	1518	5340	1582	1179
3267	3488	6106	5072	1267	4094	386	725	2068	2393	1626	4012	3033	2993	2995	2925	3899	5502	4038	146	2124	2362	4271	5913	2945	4886	1295	3908	6092	3692	5068	5409	465	4533	1246	5232	6028	5605	4438	2001	1050	4853	2585	819	5444	5074	1260	4238	2110	6037	4889	989	2864	494	2299	1016	2322	5965	939	673	4974	3822	788	1150	3608	110	842	3082	5758	5056	336	4110	5821	5922	5806	814	1940	3415	4982	2421	4989	5536	2800	4523	2203	1089	211	5197	3685	5238	3409	2531	629	1018	3199	3646	3990	2876	2260	4404	4319	5188	634	281	1337	651	5481	2381	4369	2345	3632
790	4085	5072	6106	5555	2907	4592	3204	4296	1631	286	990	3120	5258	3361	3303	615	3607	1340	3728	2575	998	290	5252	6060	2759	3285	703	110	412	1367	2213	5147	850	4304	1643	1908	3682	543	5512	2893	935	3638	524	4095	1640	2757	1236	4295	6062	4545	5173	3393	3794	3195	924	4624	826	1293	2679	3194	238	4706	2164	848	1368	4888	3936	3591	3824	1132	2975	1279	1382	5345	1115	1195	5679	511	5728	5385	311	2054	3028	1030	2255	2156	3994	4464	2843	4845	2733	4902	1477	4311	4065	3032	528	4078	1511	3549	2181	5311	305	4104	5016	1358	1492	1357	189	3068
553	3821	1267	5555	6106	3208	5144	327	2798	5040	801	2676	4907	6010	4086	4554	705	5976	2395	4939	1409	110	3945	5812	407	4270	2277	5766	5931	3492	950	2976	1430	4676	4023	2073	4526	3827	1835	2242	886	5483	1047	5801	3513	3652	834	604	3663	4357	2577	2241	110	6002	5279	2088	5131	2288	3453	1491	5547	337	1017	5339	638	1418	945	4943	2762	5535	160	1714	2909	1651	5388	5838	4140	1128	5342	4590	4906	6039	2410	1682	4261	579	3114	2882	3975	2844	2389	2401	117	222	2272	3642	4252	4116	1366	3048	1048	3391	944	824	5187	2529	5494	5190	2558	556	1762
4887	974	4094	2907	3208	6106	1482	5179	4162	5926	4838	2881	3886	5497	5215	3065	937	5421	5618	3595	1120	5004	5145	5769	5582	4344	5623	129	1099	3155	5403	191	6082	1134	2642	2008	2954	4789	2948	362	2419	704	5510	3497	110	3109	5651	1216	4324	2593	2457	1522	1636	460	110	4711	1168	2347	1983	4754	4840	4155	1032	3745	4423	2868	3619	4272	2074	5067	4460	3960	1497	4256	371	110	3939	5300	5463	1291	5013	4628	4315	2978	1002	1783	4976	121	5962	1264	279	3106	5244	3248	4905	4239	4100	2169	1799	5288	110	3001	4948	5411	3710	3158	2608	3575	5347	4704	5396
1487	2165	386	4592	5144	1482	6106	4306	5717	1015	5255	4725	1437	2209	3999	2959	4501	5848	567	390	6025	960	2058	2402	4551	6101	6012	5790	5047	2622	2942	1923	522	3132	882	5093	2514	3814	815	2289	5770	1509	165	830	3952	2888	2817	1417	3327	2518	2803	1254	6013	1388	3255	5830	5563	2324	3150	678	3020	508	4190	5639	110	1478	5408	4794	4245	4444	5429	5706	2474	3535	6011	3310	516	5002	5663	4156	2175	1887	1853	110	2524	4925	3707	5163	1584	993	4932	2418	1704	5700	6057	3053	2904	1743	3390	4362	1355	1856	5854	1838	2746	4283	4046	927	2446	3894	5888
1302	5081	725	3204	327	5179	4306	6106	1968	2480	5969	4774	5778	627	1475	5552	4859	4084	3693	3773	2652	4185	1034	825	4811	3206	2466	3778	4475	3977	2048	5023	5874	4405	4499	1548	4310	2217	2527	2706	110	4615	5772	325	5799	2694	193	4016	3466	1723	3980	1026	6043	5724	2601	5865	719	3670	1557	499	4822	4309	3107	423	1009	5753	5532	2848	1558	5250	1535	4205	4529	884	4544	2780	871	4358	2775	4297	2716	2188	775	5687	832	2511	5977	658	5062	5678	784	1378	2969	2357	4795	348	4505	5858	3025	110	4582	672	1937	3405	5128	3577	3795	2570	2788	1633	3164
1842	4962	2068	4296	2798	4162	5717	1968	6106	3744	4557	5589	2833	4926	2285	4921	261	5763	5998	5870	2920	5864	4747	4335	4487	4937	5348	3851	2550	3083	357	5357	3902	5476	2135	1197	3519	4864	2132	490	275	317	5643	2837	2879	2038	1567	5823	5293	283	1749	2279	4619	4017	4302	5442	586	3216	5755	5541	2986	2119	2905	1322	1077	5460	4022	2018	4979	2178	1726	2368	478	1805	4098	3580	2813	5791	4731	4171	253	4467	5958	3552	2749	3350	652	3754	4382	5867	2211	1124	498	5119	3777	1644	5834	110	4498	2764	3420	1808	3930	1641	5470	1781	4595	4830	585	5727	3434
1738	2216	2393	1631	5040	5926	1015	2480	3744	6106	1205	1918	1052	5879	3352	5059	3075	2701	5043	717	4559	3911	1938	2814	4519	4336	3518	1990	3596	1275	3286	645	110	1675	1657	534	1731	4674	1301	1028	1006	2332	1286	831	973	1108	2186	476	2384	1777	810	4874	5515	4574	1060	359	4056	3262	4419	308	1406	496	3023	1685	3187	5312	3071	972	4392	1787	2176	5413	1524	1379	2670	5456	2961	4843	1569	5354	2100	4567	3063	2071	3153	1202	2967	5167	1939	6080	2812	1231	3741	853	3297	4207	3893	110	482	5486	2317	4326	3291	5704	5033	2850	3583	3808	5092	1093	1380
5509	1169	1626	286	801	4838	5255	5969	4557	1205	6106	4059	2741	3878	5947	1428	4581	3545	3565	4316	2105	5224	4044	4960	5022	3674	288	2453	753	1139	2122	4120	2161	2193	4325	4666	218	768	2011	4867	1489	782	557	5594	4141	1010	5367	1728	124	3149	110	1574	5337	2974	3970	749	5984	1615	4370	5583	3747	3055	2565	3011	1785	445	1373	5952	3914	3924	4166	1203	5934	321	754	4102	1294	4459	3548	5595	2316	1892	1973	734	2958	2617	1156	2433	6024	2528	4458	5584	1469	3487	901	636	3307	3665	868	4644	5055	2768	1053	3622	5622	2638	2552	874	2403	5461	2916
2481	3473	4012	990	2676	2881	4725	4774	5589	1918	4059	6106	1598	918	956	6007	2340	5132	110	5029	3343	154	2953	2271	3585	4777	2939	3470	2295	1117	1543	1188	5581	4623	3425	5633	3280	1947	4675	1122	2223	4516	4024	110	2878	110	5795	5814	2804	1617	4263	564	3898	2187	3581	838	909	4222	5914	4613	3809	3490	1532	4474	4503	904	1345	2201	3947	2039	1873	4260	2398	4106	5684	2182	2121	3287	5089	1829	780	5220	3635	6063	1177	4305	4610	5122	2146	860	3959	2333	2114	5603	2250	2777	5164	839	335	739	4699	2712	994	4929	2625	3355	3167	2829	5781	2244	3227
5856	4593	3033	3120	4907	3886	1437	5778	2833	1052	2741	1598	6106	5274	2592	4389	5386	1166	5808	3885	4039	3270	1551	3522	2102	4707	1486	5654	1110	4249	2540	1789	6052	3511	4197	3782	1566	3142	5689	4923	2197	6064	5982	110	4430	5117	4819	1226	3730	4124	5260	5955	677	1391	5957	338	4637	1185	461	5431	3276	3446	3554	3209	4045	1240	2267	3218	4537	5897	3074	5499	3200	5237	4408	1073	529	1782	2151	4760	3052	3273	1514	4850	1314	1148	2648	5331	3040	5375	4350	5701	1948	1711	5207	1752	4742	5471	231	3691	4870	2640	5078	568	3321	3288	3706	2417	2805	2584	976
3653	5774	2993	5258	6010	5497	2209	627	4926	5879	3878	918	5274	6106	5994	1837	3185	6088	2968	4737	2366	4151	1227	3302	5948	750	5707	4002	3235	4928	2426	5534	3246	966	1774	3485	110	4178	3721	1830	316	6050	3435	6027	5219	4143	1141	3601	999	3948	2047	5839	1668	3253	360	2455	912	4768	5889	5020	1157	2248	1815	1229	3568	1559	486	3184	1319	1488	3714	2096	5208	5572	5786	1190	4340	696	4090	5379	4617	1094	110	1003	5652	769	206	6036	2052	4993	5243	951	5508	4858	3430	5211	5194	2130	2996	358	138	5071	2824	5111	4176	3163	3019	981	5697	5336	3392
1623	4403	2995	3361	4086	5215	3999	1475	2285	3352	5947	956	2592	5994	6106	800	5675	5105	4374	3439	2312	5829	6058	4736	3528	4758	6047	4434	5159	2273	4231	4626	118	5863	861	670	190	5788	3419	5894	6095	4440	379	260	484	3599	5757	4214	2947	2554	4601	2416	5544	1750	6104	1243	2300	647	3099	3292	122	110	3643	3067	1165	5125	2327	4635	4771	1936	1594	3624	2321	1912	1364	5406	2933	4876	3573	2505	2256	269	139	483	3064	5395	3031	4829	1434	4228	5927	4575	3715	940	3386	808	2827	1341	2722	1335	4977	3239	1131	110	3079	3784	2390	4097	2559	1819	4154
111	2910	2925	3303	4554	3065	2959	5552	4921	5059	1428	6007	4389	1837	800	6106	5664	1251	4221	864	654	1103	110	2598	1517	3139	4869	4511	5591	738	5671	6003	2117	2653	1207	212	470	2637	507	5239	6078	5752	3820	2663	4200	1611	4051	4049	110	4072	294	1193	5729	4788	5415	2515	1824	1310	3697	1414	5742	2562	3805	364	391	1544	1814	1329	2903	798	2661	2097	110	1392	1650	5644	1991	2865	4220	4602	1262	702	110	324	4507	329	2564	4607	2358	4240	4738	650	835	120	1689	4765	1333	370	5280	1289	1473	1693	419	2310	5424	1637	862	110	277	2720	4477
5008	2233	3899	615	705	937	4501	4859	261	3075	4581	2340	5386	3185	5675	5664	6106	4971	3525	309	869	2644	4490	1883	1593	2158	1988	4534	1258	1317	3320	789	2020	402	3171	5428	3049	2477	5712	4520	5306	4164	110	5887	3712	4091	4048	1878	3582	4379	2435	3189	4034	4150	3781	4203	2503	5398	3460	6041	3182	4175	2546	293	4206	5487	5686	5034	1725	2704	4531	1198	2501	592	1045	648	4343	2195	934	4348	4212	5905	5601	694	3926	1461	4806	1741	3502	2206	3085	1213	4698	997	3700	2423	977	4174	2429	1178	110	3201	1906	396	4030	2880	4972	1412	1523	3301	2794
2789	3647	5502	3607	5976	5421	5848	4084	5763	2701	3545	5132	1166	6088	5105	1251	4971	6106	2666	4055	4018	3258	3920	4994	2521	1601	3217	1401	5174	2631	5455	1512	929	4121	3517	5368	1590	5046	3027	1390	5570	3651	1145	5080	5281	2891	1694	4583	1464	417	3654	6075	3555	448	1993	1747	2330	4215	1467	5566	688	2173	3858	3367	606	523	2724	3668	2371	6081	2923	2166	559	1686	1642	3357	447	5027	3757	619	3042	245	4139	4841	3503	813	3251	1070	2806	2727	5810	2936	4451	1855	4225	4959	110	4470	3144	4968	5915	4130	319	4572	1758	110	3151	1033	2750	4160	2731
1023	3842	4038	1340	2395	5618	567	3693	5998	5043	3565	110	5808	2968	4374	4221	3525	2666	6106	403	4866	5983	4917	941	4146	5394	877	2991	5909	3510	4186	5997	1142	2603	4491	3792	3713	3058	4288	2778	898	6042	2786	905	5217	1809	1181	1349	5030	1222	3309	5236	5716	4891	2944	4627	2427	5028	3179	1019	5436	3211	372	5362	4605	1004	4320	3441	928	4636	1767	3141	1408	3750	1795	4766	5556	1700	5387	4555	4863	340	4597	2030	3615	5200	4897	6102	4412	4882	5308	4783	2517	2361	4799	3857	2756	3186	1427	2566	4798	2657	5305	724	3225	5202	4767	5731	2219	4946	4837
5434	4199	146	3728	4939	3595	390	3773	5870	717	4316	5029	3885	4737	3439	864	309	4055	403	6106	5743	147	4518	4833	5086	2634	5932	1283	605	5412	2917	2394	3136	4500	1304	5304	1957	4683	6034	621	1435	3812	1778	5860	5248	757	5426	257	3799	6035	4873	2555	737	5459	5669	440	4184	3702	133	637	1527	5473	3098	4580	748	4287	491	1628	5246	2682	4007	1851	695	282	1875	5504	890	3578	3917	2932	4685	1062	351	2767	1921	4671	1944	3127	1587	3957	5974	988	1303	110	5137	4632	1516	213	408	1386	1996	4608	5645	851	1161	770	2586	5069	1928	4986	1387
4255	2691	2124	2575	1409	1120	6025	2652	2920	4559	2105	3343	4039	2366	2312	654	869	4018	4866	5743	6106	608	3213	2702	170	110	5254	1910	2081	381	5561	1550	2232	1707	1250	3560	923	4485	4429	441	767	1911	4293	3641	3005	2148	4352	2962	3967	468	4087	5667	2730	4568	978	3449	5416	4950	3613	3256	110	4322	4384	2420	232	6030	2365	4355	1504	3961	3987	657	3667	393	4733	2493	4363	865	1969	297	558	4132	947	4514	2927	1330	1416	1800	3983	943	1955	375	4268	110	5271	3165	2162	1013	4776	298	829	2336	273	5447	164	1281	1107	2200	1739	5158	230
5297	876	2362	998	110	5004	960	4185	5864	3911	5224	154	3270	4151	5829	1103	2644	3258	5983	147	608	6106	3128	2234	4494	4308	2196	2498	5042	3424	4415	5400	1654	4983	5245	3524	4701	2344	3640	5698	5665	3544	713	3026	3221	4127	1735	110	1149	3374	5465	5816	893	2561	4092	2997	4148	2900	3531	2557	563	1982	3130	1425	2754	3507	6046	5183	4133	1591	1924	4068	5433	5120	2089	687	1980	4427	2083	4903	3241	4740	3402	4264	3092	5575	5842	3162	475	1915	4594	820	113	892	1629	3457	980	844	2057	1091	5392	818	2445	5133	168	1962	4571	333	3609	1361	3004
3054	3458	4271	290	3945	5145	2058	1034	4747	1938	4044	2953	1551	1227	6058	110	4490	3920	4917	4518	3213	3128	6106	2463	4489	1847	5372	3563	5130	5971	1736	622	2890	6053	3482	4417	5776	237	1765	5641	5588	5324	5945	233	3093	2980	1869	891	4409	1041	4107	745	6033	110	4670	5407	2106	377	594	1974	2311	2941	1583	2107	4410	5506	1652	3785	5136	2318	182	1441	169	4848	4383	3100	3394	3231	4307	1773	5501	4856	5405	5292	2291	2740	4089	573	227	3108	199	4226	3455	2935	432	5673	5748	4506	5891	5925	1065	5084	6015	2770	1634	4705	4331	1143	1764	4749	4353
4884	3134	5913	5252	5812	5769	2402	825	4335	2814	4960	2271	3522	3302	4736	2598	1883	4994	941	4833	2702	2234	2463	6106	3774	267	1545	846	3935	2383	110	4251	6016	4461	5558	6049	2080	685	2651	6091	242	1400	5037	3516	5853	2127	1834	5647	746	5923	3972	1274	4730	5661	4773	2259	3398	2972	5832	3869	4390	2748	4144	2737	1443	3998	5548	5100	2886	4951	2407	781	473	3196	1221	2549	201	1563	398	1496	5017	263	5903	707	5338	4589	3751	1085	855	128	2302	5015	5026	4262	733	4922	244	2154	3412	3830	5466	3313	2082	5761	5221	1503	5666	1078	2461	5121	3138
5511	3400	2945	6060	407	5582	4551	4811	4487	4519	5022	3585	2102	5948	3528	1517	1593	2521	4146	5086	170	4494	4489	3774	6106	4118	3465	1299	2059	3996	110	5625	2769	2275	6048	1710	1111	938	2810	3344	2921	1546	5425	5233	4746	5890	1614	1462	4992	4463	635	2773	4543	610	4818	2726	1616	5949	2093	5227	2649	4400	3498	3283	4472	4385	4762	4066	799	4987	3906	730	474	4817	1261	2348	708	4105	4446	2442	3388	872	295	2576	2943	4732	5216	5683	2671	505	466	1433	3951	4439	2069	2560	2296	4970	5457	1753	477	1597	3339	3666	5018	669	3175	1151	1943	1699	2659
1001	5148	4886	2759	4270	4344	6101	3206	4937	4336	3674	4777	4707	750	4758	3139	2158	1601	5394	2634	110	4308	1847	267	4118	6106	714	2537	2297	3148	852	1888	661	2112	110	481	3826	5153	1702	3863	2543	3385	954	3943	5329	5528	196	4495	4502	755	4805	6008	3474	2439	5359	1495	4743	1031	6079	5355	5691	4276	1292	4435	2155	4852	2599	3069	2816	366	3671	859	1393	2356	5467	5559	1069	1935	1385	4703	5249	3036	1342	4708	2229	4573	4914	2799	3769	3376	415	4298	5453	411	3793	4598	4244	5980	3614	5787	4269	2441	2725	5831	2468	2687	4796	577	4961	2056	986
3897	3763	1295	3285	2277	5623	6012	2466	5348	3518	288	2939	1486	5707	6047	4869	1988	3217	877	5932	5254	2196	5372	1545	3465	714	6106	1466	368	4224	134	2354	4553	2677	821	2066	434	4528	6087	5882	5771	4827	2931	3762	1554	2045	3125	110	5091	4515	1184	1238	2337	2387	5861	6099	4117	4213	6077	3845	3090	3557	3118	5417	1690	1413	5270	732	623	525	2563	2708	2992	4450	5868	4314	3115	2408	1539	416	4342	1687	5161	5376	5264	1256	3266	3991	1422	5063	1619	4026	1771	5798	5959	1025	1451	881	5956	369	1603	247	5449	4253	1014	328	2313	6100	2437	530	2681
3584	4562	3908	703	5766	129	5790	3778	3851	1990	2453	3470	5654	4002	4434	4511	4534	1401	2991	1283	1910	2498	3563	846	1299	2537	1466	6106	2261	3411	5180	3772	4471	5500	343	995	4541	3836	2033	5272	1703	1555	926	4814	501	5242	1755	2095	1123	4612	2551	4077	3593	4566	1810	1792	110	5286	5326	2367	4538	1599	5833	2533	1946	272	3938	2170	3176	5124	2734	2404	2896	897	6065	4294	5058	1244	2023	4652	234	5779	1608	4006	2199	136	1410	3499	856	5495	3475	2246	1721	4330	875	3489	5735	251	3057	4655	4441	462	3833	4527	2918	1862	4634	3756	5901	4779	4286
555	671	6092	110	5931	1099	5047	4475	2550	3596	753	2295	1110	3235	5159	5591	1258	5174	5909	605	2081	5042	5130	3935	2059	2297	368	2261	6106	3496	3249	917	280	2629	600	1252	5422	2568	3901	743	1118	2497	2628	187	5967	1859	2548	2884	4259	1688	3506	3574	3871	762	5862	4250	5846	2032	4803	5298	5549	4192	779	4008	5944	4813	3530	1841	3848	4629	2669	4168	178	5869	3838	446	4177	2370	1729	3501	758	2133	5942	1677	2044	4364	4480	3974	2006	110	1199	1086	110	4101	4775	350	3537	5335	2436	152	204	2280	1848	3550	2037	3493	5213	3992	5316	1788	1798
718	177	3692	412	3492	3155	2622	3977	3083	1275	1139	1117	4249	4928	2273	738	1317	2631	3510	5412	381	3424	5971	2383	3996	3148	4224	3411	3496	6106	394	5635	1055	5333	3746	3215	5185	5884	3810	2752	4931	4536	1790	4715	5855	1344	1515	3801	3856	2569	3705	633	1818	4916	4958	4447	401	3126	2278	4661	3625	5266	1374	3375	5777	421	284	5650	5430	1346	2902	1076	1208	1534	969	110	4191	5450	5737	259	3324	5177	4584	3012	5381	6006	3907	3512	167	1902	2101	4036	4761	2711	5710	2282	4690	5098	5315	4975	5762	5613	1803	1321	1507	2002	500	4301	2482	697	4645
1673	3864	5068	1367	950	5403	2942	2048	357	3286	2122	1543	2540	2426	4231	5671	3320	5455	4186	2917	5561	4415	1736	110	110	852	134	5180	3249	394	6106	5881	902	1146	1653	4386	552	1259	1678	2760	3739	3771	1125	3369	1876	1508	3080	3190	250	1960	5353	3220	3562	463	3159	603	4137	2911	110	6072	6017	2914	1325	2060	3880	2149	409	5007	2424	2938	970	3538	1909	3800	2342	346	2781	1861	4713	3892	1092	794	2009	1438	3422	314	4857	1531	518	2513	5199	3017	2251	3423	271	3170	3639	4956	3895	712	580	5364	1889	3383	5358	2821	2053	4246	2111	4611	5493
2673	541	5409	2213	2976	191	1923	5023	5357	645	4120	1188	1789	5534	4626	6003	789	1512	5997	2394	1550	5400	622	4251	5625	1888	2354	3772	917	5635	5881	6106	5383	2298	858	1106	384	4879	961	2583	922	3038	888	4995	1722	2572	4062	2831	5940	2534	110	1241	3703	1635	1369	2998	504	510	4128	110	4785	4739	2619	2123	883	6022	1621	5214	591	110	6055	4073	2388	3919	4173	5734	4509	4373	4684	539	3650	797	1529	4823	2665	4885	456	807	726	185	451	837	5503	5954	3359	2856	2922	5472	4836	3768	4851	4365	1984	3626	3816	4658	3677	5127	5616	1449	2329
4025	4941	465	5147	1430	6082	522	5874	3902	110	2161	5581	6052	3246	118	2117	2020	929	1142	3136	2232	1654	2890	6016	2769	661	4553	4471	280	1055	902	5383	6106	5693	512	5961	1961	878	4341	1901	716	4247	3233	5382	913	4744	1630	1549	4909	2040	3268	2062	5850	5507	1717	1063	822	110	110	3056	5807	1247	4468	3371	639	3168	4165	2897	4556	2125	5053	5784	6018	3648	2747	3659	3188	2029	2855	2307	1080	700	5910	5973	1040	631	2973	5732	1269	2847	5655	4877	5284	1300	2126	1713	1230	5371	4881	3835	3362	5369	3986	5672	1985	2744	1839	5809	1263	3993	4949
2257	312	4533	850	4676	1134	3132	4405	5476	1675	2193	4623	3511	966	5863	2653	402	4121	2603	4500	1707	4983	6053	4461	2275	2112	2677	5500	2629	5333	1146	2298	5693	6106	1560	662	6073	4955	1845	1627	4378	5524	3403	1770	1632	3811	3300	5469	880	425	2492	4714	175	1900	2194	1907	1313	3263	4659	664	3122	4809	1868	571	219	5108	2478	5226	2547	4188	4282	4425	1113	2835	449	3051	4524	1219	3564	3245	5551	3397	3633	3387	2376	5711	110	756	5247	3891	334	3687	2355	4217	4003	4860	4967	4075	1083	5402	3882	433	2041	2611	4125	1472	399	1375	2150	2159	5198
3681	1343	1246	4304	4023	2642	882	4499	2135	1657	4325	3425	4197	1774	861	1207	3171	3517	4491	1304	1250	5245	3482	5558	6048	110	821	343	600	3746	1653	858	512	1560	6106	5859	3823	5813	3567	2700	4662	925	2183	2582	3243	2325	2579	4406	225	809	6094	3789	248	3509	3890	4114	4618	174	1012	4273	4194	2472	306	3534	593	2099	2520	4189	3978	1140	3844	4454	1152	289	2818	879	5699	2556	2623	2693	5393	5325	968	5146	171	680	5106	4411	5904	200	5077	3133	1249	5152	3616	721	3365	519	5783	3044	5722	1420	1823	5516	4561	1225	2660	3725	660	2875	1537
3169	414	5232	1643	2073	2008	5093	1548	1197	534	4666	5633	3782	3485	670	212	5428	5368	3792	5304	3560	3524	4417	6049	1710	481	2066	995	1252	3215	4386	1106	5961	662	5859	6106	5951	3354	682	5988	188	4815	5041	4784	5085	3740	2567	5341	4643	5384	6009	2573	4258	2745	4957	5987	5893	4804	1674	2512	110	2380	5019	3918	3007	3417	3944	2766	535	4550	1372	946	1751	1600	4361	4973	3759	4769	3634	709	3696	3329	2231	3172	613	1525	110	5193	310	3131	1268	841	5012	5346	1802	1661	5182	5775	6032	3308	1864	469	5269	4473	5157	1997	4020	2049	2465	4646	2928
3797	2476	6028	1908	4526	2954	2514	4310	3519	1731	218	3280	1566	110	190	470	3049	1590	3713	1957	923	4701	5776	2080	1111	3826	434	4541	5422	5185	552	384	1961	6073	3823	5951	6106	2215	4157	4720	1038	214	4218	2237	5087	3416	4394	1541	2491	1138	1112	1625	1147	4778	3817	2207	156	4667	5782	2736	2012	3884	5936	3156	4420	3021	889	996	4449	520	1271	6069	873	4428	3839	268	5785	1144	1476	911	5615	4407	2662	339	3831	4947	590	1881	2987	2541	4057	3561	5090	236	3877	4388	6083	365	3010	4050	915	4721	5617	3883	3477	1662	1338	1520	2787	2898	2952
1471	4980	5605	3682	3827	4789	3814	2217	4864	4674	768	1947	3142	4178	5788	2637	2477	5046	3058	4683	4485	2344	237	685	938	5153	4528	3836	2568	5884	1259	4879	878	4955	5813	3354	2215	6106	5636	5736	5505	5580	4422	181	110	4210	110	2305	5597	3859	2830	205	3110	4896	5917	3598	1234	6004	2595	2683	3571	3060	2858	1586	2895	3688	5377	1992	1298	5660	5792	3698	1484	1604	3238	4453	5251	2859	3637	3979	2147	649	5804	1813	1952	2265	2191	4999	110	1786	4129	3147	2912	2160	5278	4586	5674	744	4103	4179	1100	587	5134	5201	5825	1316	5990	3426	4145	4616	5223
565	4448	4438	543	1835	2948	815	2527	2132	1301	2011	4675	5689	3721	3419	507	5712	3027	4288	6034	4429	3640	1765	2651	2810	1702	6087	2033	3901	3810	1678	961	4341	1845	3567	682	4157	5636	6106	110	3798	5741	2086	3202	110	2072	4402	1913	5702	2668	4969	2458	1232	2614	2985	2715	1105	4793	5885	2067	3123	5196	2594	599	2488	2451	388	149	5276	570	4755	4726	4647	5031	4233	4642	2807	5826	2189	1797	506	3760	125	5750	2043	5082	3008	4660	982	480	2202	5519	1278	5076	2544	3988	1820	1196	6074	2430	4053	1931	5225	1929	1068	1933	2471	765	2268	223	699
3370	1327	2001	5512	2242	362	2289	2706	490	1028	4867	1122	4923	1830	5894	5239	4520	1390	2778	621	441	5698	5641	6091	3344	3863	5882	5272	743	2752	2760	2583	1901	1627	2700	5988	4720	5736	110	6106	194	3875	1734	4413	2964	4345	5579	158	3087	5282	2632	5600	2090	942	3337	2177	5319	1308	1763	148	1054	5301	2999	3630	5845	5995	840	777	899	2140	5522	2091	3539	4954	5815	141	5320	299	406	3467	3338	2262	1090	2713	3527	3382	5317	4172	2269	5924	1172	2055	3572	5289	4780	1720	1716	786	1715	1665	5000	2956	488	2450	910	4280	4398	4111	5649	4895	296
3222	1732	1050	2893	886	2419	5770	110	275	1006	1489	2223	2197	316	6095	6078	5306	5570	898	1435	767	5665	5588	242	2921	2543	5771	1703	1118	4931	3739	922	716	4378	4662	188	1038	5505	3798	194	6106	1334	3922	2664	5165	5036	5474	2937	5985	2284	551	3121	3366	4277	5322	5489	1448	3605	3723	4323	584	2857	5253	4237	4169	3804	4919	2228	5760	3050	2613	1233	2490	908	747	3203	2507	3250	4997	3679	3030	1481	3982	3210	4924	4317	5578	5607	2459	722	4088	1450	4248	2240	5906	5614	110	4525	1224	2226	4216	1155	5290	1709	2094	1607	2172	5291	5066	4265	1951
2675	2079	4853	935	5483	704	1509	4615	317	2332	782	4516	6064	6050	4440	5752	4164	3651	6042	3812	1911	3544	5324	1400	1546	3385	4827	1555	2497	4536	3771	3038	4247	5524	925	4815	214	5580	5741	3875	1334	6106	313	1306	5883	4351	3813	3672	3198	5045	4808	3627	778	2699	4883	1656	3332	3432	3997	4108	110	5986	258	3363	1104	3384	2153	3401	5035	3807	2571	5627	3290	2320	2352	612	4802	3311	2930	3062	380	1051	2723	5138	540	6040	6096	4113	5847	1526	5624	3088	3113	5585	4504	3461	4321	2755	4513	5118	1049	1102	3662	3755	110	1498	5835	1575	1852	727	3708
4183	2684	2585	3638	1047	5510	165	5772	5643	1286	557	4024	5982	3435	379	3820	110	1145	2786	1778	4293	713	5945	5037	5425	954	2931	926	2628	1790	1125	888	3233	3403	2183	5041	4218	4422	2086	1734	3922	313	6106	607	3236	4337	5764	1359	1585	3271	180	1454	4377	2728	2946	1217	5039	5513	3191	521	3289	2136	1562	2236	983	3413	3135	373	5966	301	5939	1447	1456	3937	3456	4300	3252	3738	3205	4054	110	1538	4908	4158	1405	1350	1402	3034	1021	285	4692	3649	1365	4998	5109	2412	583	5492	2674	2852	1620	1431	4673	2690	2050	1536	628	545	5390	3437	127
4901	2612	819	524	5801	3497	830	325	2837	831	5594	110	110	6027	260	2663	5887	5080	905	5860	3641	3026	233	3516	5233	3943	3762	4814	187	4715	3369	4995	5382	1770	2582	4784	2237	181	3202	4413	2664	1306	607	6106	1209	4821	5464	3265	4193	3331	5310	2301	791	3958	5195	5533	4600	5169	575	155	2144	3346	4052	4689	5841	5560	472	1719	5708	4718	3157	710	3695	2732	683	3377	2854	1465	385	4161	1043	3825	1272	1895	3373	4542	5574	3039	3340	3631	5531	5445	3736	2626	2397	1419	2013	1323	5101	5767	3078	150	3232	3888	4695	1691	514	3061	4465	276	5794
5960	2328	5444	4095	3513	110	3952	5799	2879	973	4141	2878	4430	5219	484	4200	3712	5281	5217	5248	3005	3221	3093	5853	4746	5329	1554	501	5967	5855	1876	1722	913	1632	3243	5085	5087	110	110	2964	5165	5883	3236	1209	6106	971	5593	320	2385	2309	6070	1766	5064	4717	772	1421	1570	4532	3849	459	4069	979	930	2697	547	2104	2630	5692	4401	3628	3022	3879	2692	3124	2915	5720	3787	1832	5723	2411	1088	3779	1533	2523	3788	4479	3689	1133	736	2834	345	3312	3867	1072	5203	1780	1056	5446	2516	5517	4650	195	4109	5657	4800	4318	640	919	153	3876	5568
5780	110	5074	1640	3652	3109	2888	2694	2038	1108	1010	110	5117	4143	3599	1611	4091	2891	1809	757	2148	4127	2980	2127	5890	5528	2045	5242	1859	1344	1508	2572	4744	3811	2325	3740	3416	4210	2072	4345	5036	4351	4337	4821	971	6106	5849	4010	1925	987	763	2981	4432	2017	2860	5642	291	274	2913	4371	3764	110	1398	110	2084	4070	1648	1200	183	679	3657	5557	2422	2688	735	5918	4530	4356	5628	2889	1899	2428	3984	742	2274	5112	2377	1061	1744	3731	5192	5682	3146	3931	5143	2588	4431	5898	804	4985	4492	4512	5709	3576	3900	1561	3414	4493	444	3989	2462
550	1874	1260	2757	834	5651	2817	193	1567	2186	5367	5795	4819	1141	5757	4051	4048	1694	1181	5426	4352	1735	1869	1834	1614	196	3125	1755	2548	1515	3080	4062	1630	3300	2579	2567	4394	110	4402	5579	5474	3813	5764	5464	5593	5849	6106	1130	140	948	1126	3913	5378	2742	2470	5410	1987	1087	5545	5567	6066	4865	1290	1742	4966	5496	1407	5941	2545	1903	2212	2718	5123	3719	6020	4396	1079	1981	5745	895	3611	2574	166	2784	3089	5011	3341	4067	4663	1660	4569	5186	2650	5872	4366	1897	5599	1436	5088	209	159	5334	3356	2853	2168	5241	4693	1235	4653	857	955
6097	5577	4238	1236	604	1216	1417	4016	5823	476	1728	5814	1226	3601	4214	4049	1878	4583	1349	257	2962	110	891	5647	1462	4495	110	2095	2884	3801	3190	2831	1549	5469	4406	5341	1541	2305	1913	158	2937	3672	1359	3265	320	4010	1130	6106	1057	828	5265	5981	625	4781	3729	3486	4665	1945	5797	676	5719	110	5796	4745	5562	1613	706	3704	4854	405	5307	1081	5079	1377	4996	1098	728	1312	1363	4752	3780	5871	1084	3293	3143	110	3318	367	3726	3770	3500	2851	576	5638	5052	5907	2085	1186	4517	5521	598	1311	457	3237	836	3003	2877	3874	3594	963	1305
3910	1579	2110	4295	3663	4324	3327	3466	5293	2384	124	2804	3730	999	2947	110	3582	1464	5030	3799	3967	1149	4409	746	4992	4502	5091	1123	4259	3856	250	5940	4909	880	225	4643	2491	5597	5702	3087	5985	3198	1585	4193	2385	1925	140	1057	6106	3676	574	546	1121	4578	1153	4229	1101	2063	4376	2400	4734	1934	404	5713	2502	667	914	3105	4680	1097	114	4964	3421	1659	2225	3985	4442	1646	1339	1745	4927	110	112	2714	4933	255	4254	2883	422	4900	4508	921	1059	766	4076	5703	5099	5688	3483	3212	3818	3976	436	1170	4834	1044	3077	3868	4587	3854	2374
3334	3916	6037	6062	4357	2593	2518	1723	283	1777	3149	1617	4124	3948	2554	4072	4379	417	1222	6035	468	3374	1041	5923	4463	755	4515	4612	1688	2569	1960	2534	2040	425	809	5384	1138	3859	2668	5282	2284	5045	3271	3331	2309	987	948	828	3676	6106	4641	1315	110	544	1485	4064	4367	5191	761	5073	3660	3748	959	4702	5681	110	4138	4001	5360	5895	4134	3606	816	110	198	4027	1647	2615	3873	1737	1681	224	2929	3656	4649	2364	4368	1362	2926	5526	4716	1701	300	2738	2983	2031	3734	1756	5256	4060	2616	497	5257	439	5498	6019	2239	3154	4797	4436	2643
2532	3621	4889	4545	2577	2457	2803	3980	1749	810	110	4263	5260	2047	4601	294	2435	3654	3309	4873	4087	5465	4107	3972	635	4805	1184	2551	3506	3705	5353	110	3268	2492	6094	6009	1112	2830	4969	2632	551	4808	180	5310	6070	763	1126	5265	574	4641	6106	5441	4764	1886	5523	3070	3981	1831	6001	221	4339	5543	1521	2990	5972	2341	3618	5670	5690	5747	5756	3590	3101	1500	796	4912	2636	3219	3520	2949	378	4782	2811	4131	5321	2152	376	4668	4625	3326	3464	6093	4565	2025	562	3275	5327	5366	5283	2460	226	5629	3529	569	110	1336	287	1880	1008	3965	2077
4633	2375	989	5173	2241	1522	1254	1026	2279	4874	1574	564	5955	5839	2416	1193	3189	6075	5236	2555	5667	5816	745	1274	2773	6008	1238	4077	3574	633	3220	1241	2062	4714	3789	2573	1625	205	2458	5600	3121	3627	1454	2301	1766	2981	3913	5981	546	1315	5441	6106	1866	1242	123	4484	3776	3228	729	2343	549	1965	4043	2134	2444	3925	1595	6090	4426	5908	2034	1609	1007	2369	3389	2776	3410	4347	5160	1494	354	1000	1680	110	3119	115	2036	4462	675	2654	4741	2103	2989	5175	1904	595	3684	4872	2685	3476	2934	3145	3336	1442	2276	3872	5739	2128	3086	5828	4621
3378	863	2864	3393	110	1636	6013	6043	4619	5515	5337	3898	677	1668	5544	5729	4034	3555	5716	737	2730	893	6033	4730	4543	3474	2337	3593	3871	1818	3562	3703	5850	175	248	4258	1147	3110	1232	2090	3366	778	4377	791	5064	4432	5378	625	1121	110	4764	1866	6106	3330	1649	2021	3193	2264	184	1273	1667	1683	3843	5374	3680	5565	1724	3791	4005	1468	4756	5902	2678	4009	5462	920	1825	110	4639	965	2378	3046	4211	2294	5933	5168	4182	5920	536	4630	5978	5989	2270	5432	5103	5181	5634	4560	1460	5351	192	1578	3224	5048	202	3904	266	4510	4723	3866	5569
731	353	494	3794	6002	460	1388	5724	4017	4574	2974	2187	1391	3253	1750	4788	4150	448	4891	5459	4568	2561	110	5661	610	2439	2387	4566	762	4916	463	1635	5507	1900	3509	2745	4778	4896	2614	942	4277	2699	2728	3958	4717	2017	2742	4781	4578	544	1886	1242	3330	6106	6105	374	3261	2303	953	1846	1870	5328	5142	5204	424	1266	1605	618	4381	3342	665	2510	3277	3558	4540	479	489	2331	3796	3433	5685	642	3954	5970	3602	5550	3463	5083	5302	3752	471	2075	4153	4466	4112	3009	641	1806	5606	1922	5822	1214	3790	3551	843	802	6085	1612	5820	5129	1381
847	3214	2299	3195	5279	110	3255	2601	4302	1060	3970	3581	5957	360	6104	5415	3781	1993	2944	5669	978	4092	4670	4773	4818	5359	5861	1810	5862	4958	3159	1369	1717	2194	3890	4957	3817	5917	2985	3337	5322	4883	2946	5195	772	2860	2470	3729	1153	1485	5523	123	1649	6105	6106	5943	1119	596	4081	3921	2035	2434	916	5529	1183	4232	5525	773	760	4242	967	1849	4241	1840	1942	2618	3543	1920	1394	3491	5968	2506	3407	2139	1180	5802	1163	1552	5277	5514	4548	1282	5919	2696	3299	2526	1395	653	4871	689	210	2222	5950	617	3766	1490	5044	1950	3559	2360	5696
2765	2190	1016	924	2088	4711	5830	5865	5442	359	749	838	338	2455	1243	2515	4203	1747	4627	440	3449	2997	5407	2259	2726	1495	6099	1792	4250	4447	603	2998	1063	1907	4114	5987	2207	3598	2715	2177	5489	1656	1217	5533	1421	5642	5410	3486	4229	4064	3070	4484	2021	374	5943	6106	2238	3515	5611	1671	3701	3629	1446	229	1253	4469	1672	110	2906	3758	2290	5171	2245	5438	3247	3664	949	1309	690	2070	1210	2581	542	2667	674	2113	3783	4119	2346	5110	2589	5318	4682	751	5166	331	5659	5010	5427	228	326	4878	611	5726	397	3690	1890	1759	803	4083	2836
5140	4940	2322	4624	5131	1168	5563	719	586	4056	5984	909	4637	912	2300	1824	2503	2330	2427	4184	5416	4148	2106	3398	1616	4743	4117	110	5846	401	4137	504	822	1313	4618	5893	156	1234	1105	5319	1448	3332	5039	4600	1570	291	1987	4665	1101	4367	3981	3776	3193	3261	1119	2238	6106	1501	2955	1618	427	454	2739	4000	1695	3281	866	5975	5155	4832	602	249	2639	5414	776	110	2832	1528	2609	4724	900	467	3716	4209	3306	6044	4828	344	492	453	3722	4862	2866	2802	4899	5929	5126	4227	3116	4824	3887	5287	4984	1740	3016	774	3494	5765	4700	2604	2645
2431	349	5965	826	2288	2347	2324	3670	3216	3262	1615	4222	1185	4768	647	1310	5398	4215	5028	3702	4950	2900	377	2972	5949	1031	4213	5286	2032	3126	2911	510	110	3263	174	4804	4667	6004	4793	1308	3605	3432	5513	5169	4532	274	1087	1945	2063	5191	1831	3228	2264	2303	596	3515	1501	6106	5448	5228	2620	1245	2315	1588	4687	3431	4552	723	1204	5733	1320	2489	4935	3969	3428	4063	4911	157	4236	4202	110	1884	2600	5299	686	2221	2525	2157	443	513	3117	3896	5749	4904	3923	110	1114	554	1776	1556	1553	3095	4013	4790	2578	5827	2475	5953	1191	2174	3002
1727	4208	939	1293	3453	1983	3150	1557	5755	4419	4370	5914	461	5889	3099	3697	3460	1467	3179	133	3613	3531	594	5832	2093	6079	6077	5326	4803	2278	110	4128	110	4659	1012	1674	5782	2595	5885	1763	3723	3997	3191	575	3849	2913	5545	5797	4376	761	6001	729	184	953	4081	5611	2955	5448	6106	3408	3526	5344	1020	1877	3368	620	5313	5819	1926	936	3963	2227	2602	681	3767	2494	5209	4751	2820	4694	3587	4375	3612	2772	179	2508	2078	3323	3161	3658	2845	1171	389	5520	1622	4021	663	4329	2885	437	2861	3724	1082	4031	2323	4080	3452	3406	5380	2163	5107
1480	2028	673	2679	1491	4754	678	499	5541	308	5583	4613	5431	5020	3292	1414	6041	5566	1019	637	3256	2557	1974	3869	5227	5355	3845	2367	5298	4661	6072	110	3056	664	4273	2512	2736	2683	2067	148	4323	4108	521	155	459	4371	5567	676	2400	5073	221	2343	1273	1846	3921	1671	1618	5228	3408	6106	4257	1066	3589	5184	2887	5539	4759	110	262	3861	1502	1577	2438	4122	1458	5564	1354	2892	764	2042	4198	4349	1470	2454	5095	3732	197	3604	5916	203	2129	4195	1027	5061	2143	2763	1930	1201	292	5740	2519	126	582	1956	487	5230	4093	5399	4810	624	3440
2224	2703	4974	3194	5547	4840	3020	4822	2986	1406	3747	3809	3276	1157	122	5742	3182	688	5436	1527	110	563	2311	4390	2649	5691	3090	4538	5549	3625	6017	4785	5807	3122	4194	110	2012	3571	3123	1054	584	110	3289	2144	4069	3764	6066	5719	4734	3660	4339	549	1667	1870	2035	3701	427	2620	3526	4257	6106	3358	793	5294	1580	1568	849	6084	2247	4142	1510	1872	907	2391	208	2982	3084	4709	5540	5718	2483	2432	3912	235	5744	4416	145	2719	4267	5262	2709	5234	4938	3481	2707	560	1666	4640	1288	2286	1399	984	2901	5993	3282	5662	4820	5546	1426	5880	4312
110	5590	3822	238	337	4155	508	4309	2119	496	3055	3490	3446	2248	110	2562	4175	2173	3211	5473	4322	1982	2941	2748	4400	4276	3557	1599	4192	5266	2914	4739	1247	4809	2472	2380	3884	3060	5196	5301	2857	5986	2136	3346	979	110	4865	110	1934	3748	5543	1965	1683	5328	2434	3629	454	1245	5344	1066	3358	6106	4274	5222	3749	207	2988	4875	4535	131	2180	2087	1136	5668	1265	3469	5680	243	5896	2399	3733	5094	1237	5435	4115	2116	5303	3541	3480	5598	3364	3180	3588	3335	4831	1811	827	2022	5021	3353	5751	5451	5210	4606	3348	1748	2597	2198	1324	5840	3091
4664	2530	788	4706	1017	1032	4190	3107	2905	3023	2565	1532	3554	1815	3643	3805	2546	3858	372	3098	4384	3130	1583	4144	3498	1292	3118	5833	779	1374	1325	2619	4468	1868	306	5019	5936	2858	2594	2999	5253	258	1562	4052	930	1398	1290	5796	404	959	1521	4043	3843	5142	916	1446	2739	2315	1020	3589	793	4274	6106	5851	215	1453	1296	1223	1220	1046	5836	4387	1791	3294	4801	135	4936	3953	5677	5275	116	833	442	356	2338	4588	2979	4219	5361	2894	4861	2809	906	1348	5437	1863	5964	110	1958	1801	2306	119	3260	2373	4849	4292	4061	548	2098	1655	5715
1917	3523	1150	2164	5339	3745	5639	423	1322	1685	3011	4474	3209	1229	3067	364	293	3367	5362	4580	2420	1425	2107	2737	3283	4435	5417	2533	4008	3375	2060	2123	3371	571	3534	3918	3156	1586	599	3630	4237	3363	2236	4689	2697	110	1742	4745	5713	4702	2990	2134	5374	5204	5529	229	4000	1588	1877	5184	5294	5222	5851	6106	1356	3404	2499	4393	2966	578	2538	3644	2698	3940	4539	1836	2965	4082	711	5637	3014	383	2349	1137	2710	752	4380	823	5705	2185	5602	5296	1328	1893	1664	1581	1347	5038	3104	4099	4880	958	1712	2867	2656	5759	1499	2464	3045	3941	4433
392	3102	3608	848	638	4423	110	1009	1077	3187	1785	4503	4045	3568	1165	391	4206	606	4605	748	232	2754	4410	1443	4472	2155	1690	1946	5944	5777	3880	883	639	219	593	3007	4420	2895	2488	5845	4169	1104	983	5841	547	2084	4966	5562	2502	5681	5972	2444	3680	424	1183	1253	1695	4687	3368	2887	1580	3749	215	1356	6106	3956	2822	2359	4359	239	4913	4609	2353	3636	252	5116	1676	256	2840	957	5768	5979	2304	5051	4576	1573	5352	6076	2792	964	1383	3718	2940	4564	1967	5115	1158	2372	5631	4037	2258	2826	503	4712	2841	2535	5800	3504	3035	3995	3860
151	144	110	1368	1418	2868	1478	5753	5460	5312	445	904	1240	1559	5125	1544	5487	523	1004	4287	6030	3507	5506	3998	4385	4852	1413	272	4813	421	2149	6022	3168	5108	2099	3417	3021	3688	2451	5995	3804	3384	3413	5560	2104	4070	5496	1613	667	110	2341	3925	5565	1266	4232	4469	3281	3431	620	5539	1568	207	1453	3404	3956	6106	3946	5876	4399	6005	3097	2838	3436	429	3349	3949	4291	1760	1784	1885	4944	2751	3847	2109	1127	2253	307	3197	1326	1255	5205	3242	4656	3837	643	4638	4149	845	1042	3066	4414	431	2590	1474	2363	5653	264	2984	2339	1854	4284
3717	792	842	4888	945	3619	5408	5532	4022	3071	1373	1345	2267	486	2327	1814	5686	2724	4320	491	2365	6046	1652	5548	4762	2599	5270	3938	3530	284	409	1621	4165	2478	2520	3944	889	5377	388	840	4919	2153	3135	472	2630	1648	1407	706	914	4138	3618	1595	1724	1605	5525	1672	866	4552	5313	4759	849	2988	1296	2499	2822	3946	6106	4603	1624	332	5373	3834	1698	1116	3505	2536	3742	887	2218	1164	2010	4266	3226	1037	3041	2447	2873	5714	5554	4338	1353	5852	5612	5206	341	1977	4234	1011	110	2790	3855	1479	1212	3532	1285	3927	1807	1998	5050	2963	3059
4278	4032	3082	3936	4943	4272	4794	2848	2018	972	5952	2201	3218	3184	4635	1329	5034	3668	3441	1628	4355	5183	3785	5100	4066	3069	732	2170	1841	5650	5007	5214	2897	5226	4189	2766	996	1992	149	777	2228	3401	373	1719	5692	1200	5941	3704	3105	4001	5670	6090	3791	618	773	110	5975	723	5819	110	6084	4875	1223	4393	2359	5876	4603	6106	438	701	5356	4170	2266	3673	2350	5805	4354	2924	4424	2970	2872	186	485	5873	240	1384	3427	3018	787	318	3013	2003	3166	1775	5259	1318	1280	241	4965	1389	1154	3316	3909	5151	1513	3775	2686	4395	4028	1444	693
1415	3566	5758	3591	2762	2074	4245	1558	4979	4392	3914	3947	4537	1319	4771	2903	1725	2371	928	5246	1504	4133	5136	2886	799	2816	623	3176	3848	5430	2424	591	4556	2547	3978	535	4449	1298	5276	899	5760	5035	5966	5708	4401	183	2545	4854	4680	5360	5690	4426	4005	4381	760	2906	5155	1204	1926	262	2247	4535	1220	2966	4359	4399	1624	438	6106	3865	2406	426	1978	3570	1994	5484	1896	458	1287	1411	2919	5485	1663	2823	217	110	3547	1916	5060	2414	4807	1966	5309	5621	5488	2004	3889	1761	5235	4187	561	3015	2243	2658	4243	4787	2448	3181	1953	5454	1857
110	1804	5056	3824	5535	5067	4444	5250	2178	1787	3924	2039	5897	1488	1936	798	2704	6081	4636	2682	3961	1591	2318	4951	4987	366	525	5124	4629	1346	2938	110	2125	4188	1140	4550	520	5660	570	2140	3050	3807	301	4718	3628	679	1903	405	1097	5895	5747	5908	1468	3342	4242	3758	4832	5733	936	3861	4142	131	1046	578	239	6005	332	701	3865	6106	323	4679	759	161	5875	418	2184	2293	3418	3379	3024	4360	4847	110	4135	3832	1733	6021	2496	2405	2027	2171	5263	330	5261	4748	413	2791	3603	2319	4981	1816	387	2382	2024	1827	6086	2051	1905	3569	1228
2230	5886	336	1132	160	4460	5429	1535	1726	2176	4166	1873	3074	3714	1594	2661	4531	2923	1767	4007	3987	1924	182	2407	3906	3671	2563	2734	2669	2902	970	6055	5053	4282	3844	1372	1271	5792	4755	5522	2613	2571	5939	3157	3022	3657	2212	5307	114	4134	5756	2034	4756	665	967	2290	602	1320	3963	1502	1510	2180	5836	2538	4913	3097	5373	5356	2406	323	6106	3103	430	1129	110	3230	2469	4826	2409	1459	110	1696	3929	1564	3694	1257	2761	3037	3442	5458	4004	176	3479	3325	4332	1194	3686	5963	1768	5911	3819	3047	975	1779	2735	616	2839	4391	2138	588	322
452	1975	4110	2975	1714	3960	5706	4205	2368	5413	1203	4260	5499	2096	3624	2097	1198	2166	3141	1851	657	4068	1441	781	730	859	2708	2404	4168	1076	3538	4073	5784	4425	4454	946	6069	3698	4726	2091	1233	5627	1447	710	3879	5557	2718	1081	4964	3606	3590	1609	5902	2510	1849	5171	249	2489	2227	1577	1872	2087	4387	3644	4609	2838	3834	4170	426	4679	3103	6106	1074	4579	991	5592	4015	581	2487	5773	110	1432	1954	1371	4825	2633	2141	962	4727	1706	4934	5930	1826	4770	1439	5267	4547	1331	903	4842	3399	5389	854	4792	5468	2689	2485	4437	4042	4486	5439
1067	537	5821	1279	2909	1497	2474	4529	478	1524	5934	2398	3200	5208	2321	110	2501	559	1408	695	3667	5433	169	473	474	1393	2992	2896	178	1208	1909	2388	6018	1113	1152	1751	873	1484	4647	3539	2490	3290	1456	3695	2692	2422	5123	5079	3421	816	3101	1007	2678	3277	4241	2245	2639	4935	2602	2438	907	1136	1791	2698	2353	3436	1698	2266	1978	759	430	1074	6106	3317	5938	3711	5212	5609	4558	4481	6000	2115	2415	5899	5049	2179	1284	3174	1248	303	3933	2553	2015	5189	110	1576	1999	3173	5857	2977	4563	1658	1397	110	3259	572	5332	3192	3447	4476	110
5527	4443	5922	1382	1651	4256	3535	884	1805	1379	321	4106	5237	5572	1912	1392	592	1686	3750	282	393	5120	4848	3196	4817	2356	4450	897	5869	1534	3800	3919	3648	2835	289	1600	4428	1604	5031	4954	908	2320	3937	2732	3124	2688	3719	1377	1659	110	1500	2369	4009	3558	1840	5438	5414	3969	681	4122	2391	5668	3294	3940	3636	429	1116	3673	3570	161	1129	4579	3317	6106	5162	5365	3229	1109	1793	1821	1571	1867	4839	2167	4988	3484	5423	2647	2795	3304	2771	812	4963	2828	2443	2046	5113	3542	2871	1645	5596	5418	4452	6051	1519	3319	1160	4488	2680	1871	6014
5006	355	5806	5345	5388	371	6011	4544	4098	2670	754	5684	4408	5786	1364	1650	1045	1642	1795	1875	4733	2089	4383	1221	1261	5467	5868	6065	3838	969	2342	4173	2747	449	2818	4361	3839	3238	4233	5815	747	2352	3456	683	2915	735	6020	4996	2225	198	796	3389	5462	4540	1942	3247	776	3428	3767	1458	208	1265	4801	4539	252	3349	3505	2350	1994	5875	110	991	5938	5162	6106	1639	6061	4577	5999	5005	3620	1894	435	3964	3655	4281	4445	142	3396	3765	4041	5912	5746	1914	4327	1843	3328	4990	3556	5370	2220	2627	527	5419	2587	495	5096	4397	3669	5104	2061
5343	526	814	1115	5838	110	3310	2780	3580	5456	4102	2182	1073	1190	5406	5644	648	3357	4766	5504	2493	687	3100	2549	2348	5559	4314	4294	446	110	346	5734	3659	3051	879	4973	268	4453	4642	141	3203	612	4300	3377	5720	5918	4396	1098	3985	4027	4912	2776	920	479	2618	3664	110	4063	2494	5564	2982	3469	135	1836	5116	3949	2536	5805	5484	418	3230	5592	3711	5365	1639	6106	538	172	4892	2635	1457	3905	3072	5475	4275	1187	5843	5350	4651	2334	162	668	4920	3955	4978	2825	5285	1530	5619	3223	4126	1602	3096	3617	3112	1192	4019	4204	342	609	931
4334	771	1940	1195	4140	3939	516	871	2813	2961	1294	2121	529	4340	2933	1991	4343	447	5556	890	4363	1980	3394	201	708	1069	3115	5058	4177	4191	2781	4509	3188	4524	5699	3759	5785	5251	2807	5320	2507	4802	3252	2854	3787	4530	1079	728	4442	1647	2636	3410	1825	489	3543	949	2832	4911	5209	1354	3084	5680	4936	2965	1676	4291	3742	4354	1896	2184	2469	4015	5212	3229	6061	538	6106	691	4035	4691	4614	3586	805	3846	3683	2808	3459	1064	2743	3454	5676	1769	1589	2863	4299	2205	5268	1970	1167	1370	4147	5490	4482	110	1540	4011	2774	740	3322	2785	1979
1972	3600	3415	5679	1128	5300	5002	4358	5791	4843	4459	3287	1782	696	4876	2865	2195	5027	1700	3578	865	4427	3231	1563	4105	1935	2408	1244	2370	5450	1861	4373	2029	1219	2556	4769	1144	2859	5826	299	3250	3311	3738	1465	1832	4356	1981	1312	1646	2615	3219	4347	110	2331	1920	1309	1528	157	4751	2892	4709	243	3953	4082	256	1760	887	2924	458	2293	4826	581	5609	1109	4577	172	691	6106	3315	4757	5721	220	1206	3720	2869	2210	1796	5391	2849	2192	2386	1440	1976	1610	6103	4678	2396	1463	5640	4791	4047	3137	2005	5803	3727	1174	4497	5646	2440	5935	132
2314	2076	4982	511	5342	5463	5663	2775	4731	1569	3548	5089	2151	4090	3573	4220	934	3757	5387	3917	1969	2083	4307	398	4446	1385	1539	2023	1729	5737	4713	4684	2855	3564	2623	3634	1476	3637	2189	406	4997	2930	3205	385	5723	5628	5745	1363	1339	3873	3520	5160	4639	3796	1394	690	2609	4236	2820	764	5540	5896	5677	711	2840	1784	2218	4424	1287	3418	2409	2487	4558	1793	5999	4892	4035	3315	6106	3928	2351	1005	5240	382	2500	254	2951	2467	5135	566	2007	4942	1882	395	5482	3478	110	1429	4844	1941	4029	2379	3592	715	3451	4930	2797	502	3540	3234	1493
867	2870	2421	5728	4590	1291	4156	4297	4171	5354	5595	1829	4760	5379	2505	4602	4348	619	4555	2932	297	4903	1773	1496	2442	4703	416	4652	3501	259	3892	539	2307	3245	2693	709	911	3979	1797	3467	3679	3062	4054	4161	2411	2889	895	4752	1745	1737	2949	1494	965	3433	3491	2070	4724	4202	4694	2042	5718	2399	5275	5637	957	1885	1164	2970	1411	3379	1459	5773	4481	1821	5005	2635	4691	4757	3928	6106	5070	6056	2624	4894	5014	3853	2484	2263	1898	1850	2522	1035	3177	3076	3803	632	5694	3546	785	2960	5725	4478	4071	2108	4599	1822	6067	110	4152	4058	3815
5025	3553	4989	5385	4906	5013	2175	2716	253	2100	2316	780	3052	4617	2256	1262	4212	3042	4863	4685	558	3241	5501	5017	3388	5249	4342	234	758	3324	1092	3650	1080	5551	5393	3696	5615	2147	506	3338	3030	380	110	1043	1088	1899	3611	3780	4927	1681	378	354	2378	5685	5968	1210	900	110	3587	4198	2483	3733	116	3014	5768	4944	2010	2872	2919	3024	110	110	6000	1571	3620	1457	4614	5721	2351	5070	6106	5824	656	532	3140	4522	1096	4622	3610	2145	4953	5452	5024	5397	3240	3597	1239	5001	110	6054	783	5150	3429	1865	2580	3360	2994	2252	2793	2392	5573
2846	1162	5536	311	6039	4628	1887	2188	4467	4567	1892	5220	3273	1094	269	702	5905	245	340	1062	4132	4740	4856	263	872	3036	1687	5779	2133	5177	794	797	700	3397	5325	3329	4407	649	3760	2262	1481	1051	1538	3825	3779	2428	2574	5871	110	224	4782	1000	3046	642	2506	2581	467	1884	4375	4349	2432	5094	833	383	5979	2751	4266	186	5485	4360	1696	1432	2115	1867	1894	3905	3586	220	1005	6056	5824	6106	5793	4585	1135	5156	3536	1455	2605	5610	110	5057	3278	2064	4181	4910	3973	3295	6029	5172	4289	5818	870	450	3029	2335	1075	4846	589	493	1971
1596	3971	2800	2054	2410	4315	1853	775	5958	3063	1973	3635	1514	110	139	110	5601	4139	4597	351	947	3402	5405	5903	295	1342	5161	1608	5942	4584	2009	1529	5910	3633	968	2231	2662	5804	125	1090	3982	2723	4908	1272	1533	3984	166	1084	112	2929	2811	1680	4211	3954	3407	542	3716	2600	3612	1470	3912	1237	442	2349	2304	3847	3226	485	1663	4847	3929	1954	2415	4839	435	3072	805	1206	5240	2624	656	5793	6106	3274	3380	4496	3207	2287	5231	2000	4620	143	4040	4483	5571	533	896	1270	3915	1708	3862	6038	1506	1175	5178	659	4893	1565	1547	1071	5844
3699	2479	4523	3028	1682	2978	110	5687	3552	2071	734	6063	4850	1003	483	324	694	4841	2030	2767	4514	4264	5292	707	2576	4708	5376	4006	1677	3012	1438	4823	5973	3387	5146	3172	339	1813	5750	2713	3210	5138	4158	1895	2523	742	2784	3293	2714	3656	4131	110	2294	5970	2139	2667	4209	5299	2772	2454	235	5435	356	1137	5051	2109	1037	5873	2823	110	1564	1371	5899	2167	3964	5475	3846	3720	382	4894	532	4585	3274	6106	4279	2425	5176	2542	4180	5170	4729	1403	5632	2717	1949	5401	4686	2729	6071	4719	110	5141	2646	4890	2950	1211	2495	3623	216	5656	1757
4915	3841	2203	1030	4261	1002	2524	832	2749	3153	2958	1177	1314	5652	3064	4507	3926	3503	3615	1921	2927	3092	2291	5338	2943	2229	5264	2199	2044	5381	3422	2665	1040	2376	171	613	3831	1952	2043	3527	4924	540	1405	3373	3788	2274	3089	3143	4933	4649	5321	3119	5933	3602	1180	674	3306	686	179	5095	5744	4115	2338	2710	4576	1127	3041	240	217	4135	3694	4825	5049	4988	3655	4275	3683	2869	2500	5014	3140	1135	3380	4279	6106	1817	1095	5330	601	5032	698	246	5075	4952	3073	110	4136	932	2796	3521	4455	6089	3152	3828	1176	4521	363	3462	5620	1860	5608
1964	3645	1089	2255	579	1783	4925	2511	3350	1202	2617	4305	1148	769	5395	329	1461	813	5200	4671	1330	5575	2740	4589	4732	4573	1256	136	4364	6006	314	4885	631	5711	680	1525	4947	2265	5082	3382	4317	6040	1350	4542	4479	5112	5011	110	255	2364	2152	115	5168	5550	5802	2113	6044	2221	2508	3732	4416	2116	4588	752	1573	2253	2447	1384	110	3832	1257	2633	2179	3484	4281	1187	2808	2210	254	3853	4522	5156	4496	2425	1817	6106	2204	1932	2641	5003	2142	1692	4697	3468	4657	1828	1218	5149	2308	3244	2026	5518	5695	2819	2899	1029	1276	2842	3129	2721	4549
5480	2596	211	2156	3114	4976	3707	5977	652	2967	1156	4610	2648	206	3031	2564	4806	3251	4897	1944	1416	5842	4089	3751	5216	4914	3266	1410	4480	3907	4857	456	2973	110	5106	110	590	2191	3008	5317	5578	6096	1402	5574	3689	2377	3341	3318	4254	4368	376	2036	4182	3463	1163	3783	4828	2525	2078	197	145	5303	2979	4380	5352	307	2873	3427	3547	1733	2761	2141	1284	5423	4445	5843	3459	1796	2951	2484	1096	3536	3207	5176	1095	2204	6106	3314	4596	795	1592	4456	4313	4033	5996	4728	1332	2874	1963	173	3709	4991	817	3448	2131	4868	1423	4196	3962	110	2249
3178	110	5197	3994	2882	121	5163	658	3754	5167	2433	5122	5331	6036	4829	4607	1741	1070	6102	3127	1800	3162	573	1085	5683	2799	3991	3499	3974	3512	1531	807	5732	756	4411	5193	1881	4999	4660	4172	5607	4113	3034	3039	1133	1061	4067	367	2883	1362	4668	4462	5920	5083	1552	4119	344	2157	3323	3604	2719	3541	4219	823	6076	3197	5714	3018	1916	6021	3037	962	3174	2647	142	5350	1064	5391	2467	2263	4622	1455	2287	2542	5330	1932	3314	6106	1307	2486	3381	130	110	1452	5440	2283	2254	1705	5537	5491	666	5921	646	3840	5587	5065	5586	5349	3675	2014	4328
3111	3395	3685	4464	3975	5962	1584	5062	4382	1939	6024	2146	3040	2052	1434	2358	3502	2806	4412	1587	3983	475	227	855	2671	3769	1422	856	2006	167	518	726	1269	5247	5904	310	2987	110	982	2269	2459	5847	1021	3340	736	1744	4663	3726	422	2926	4625	675	536	5302	5277	2346	492	443	3161	5916	4267	3480	5361	5705	2792	1326	5554	787	5060	2496	3442	4727	1248	2795	3396	4651	2743	2849	5135	1898	3610	2605	5231	4180	601	2641	4596	1307	6106	3347	2957	5900	4945	428	1189	4696	5730	3806	4772	4230	597	4591	4163	1182	2758	5102	3514	614	3533	720	4816
692	5363	5238	2843	2844	1264	993	5678	5867	6080	2528	860	5375	4993	4228	4240	2206	2727	4882	3957	943	1915	3108	128	505	3376	5063	5495	110	1902	2513	185	2847	3891	200	3131	2541	1786	480	5924	722	1526	285	3631	2834	3731	1660	3770	4900	5526	3326	2654	4630	3752	5514	5110	453	513	3658	203	5262	5598	2894	2185	964	1255	4338	318	2414	2405	5458	1706	303	3304	3765	2334	3454	2192	566	1850	2145	5610	2000	5170	5032	5003	795	2486	3347	6106	3284	110	5866	304	5837	3000	5648	1919	4303	2016	1718	6045	278	4159	3786	5928	3305	3870	110	2607	3850
4898	3966	3409	4845	2389	279	4932	784	2211	2812	4458	3959	4350	5243	5927	4738	3085	5810	5308	5974	1955	4594	199	2302	466	415	1619	3475	1199	2101	5199	451	5655	334	5077	1268	4057	4129	2202	1172	4088	5624	4692	5531	345	5192	4569	3500	4508	4716	3464	4741	5978	471	4548	2589	3722	3117	2845	2129	2709	3364	4861	5602	1383	5205	1353	3013	4807	2027	4004	4934	3933	2771	4041	162	5676	2386	2007	2522	4953	110	4620	4729	698	2142	1592	3381	2957	3284	6106	933	5323	3968	4223	2118	644	1360	1679	1833	5892	1215	4235	2509	3852	5443	110	3333	2292	952	2753
741	5229	2531	2733	2401	3106	2418	1378	1124	1231	5584	2333	5701	951	4575	650	1213	2936	4783	988	375	820	4226	5015	1433	4298	4026	2246	1086	4036	3017	837	4877	3687	3133	841	3561	3147	5519	2055	1450	3088	3649	5445	3312	5682	5186	2851	921	1701	6093	2103	5989	2075	1282	5318	4862	3896	1171	4195	5234	3180	2809	5296	3718	3242	5852	2003	1966	2171	176	5930	2553	812	5912	668	1769	1440	4942	1035	5452	5057	143	1403	246	1692	4456	130	5900	110	933	6106	5817	400	2137	5139	630	2783	1039	2504	509	4074	3829	4570	2606	5114	6031	4786	4677	3351	1572
2539	5877	629	4902	117	5244	1704	2969	498	3741	1469	2114	1948	5508	3715	835	4698	4451	2517	1303	4268	113	3455	5026	3951	5453	1771	1721	110	4761	2251	5503	5284	2355	1249	5012	5090	2912	1278	3572	4248	3113	1365	3736	3867	3146	2650	576	1059	300	4565	2989	2270	4153	5919	4682	2866	5749	389	1027	4938	3588	906	1328	2940	4656	5612	3166	5309	5263	3479	1826	2015	4963	5746	4920	1589	1976	1882	3177	5024	3278	4040	5632	5075	4697	4313	110	4945	5866	5323	5817	6106	2779	3735	2655	1858	1638	4201	4290	3743	3296	5992	5576	1352	2449	6023	2326	2801	1927	515
5946	1173	1018	1477	222	3248	5700	2357	5119	853	3487	5603	1711	4858	940	120	997	1855	2361	110	110	892	2935	4262	4439	411	5798	4330	4101	2711	3423	5954	1300	4217	5152	5346	236	2160	5076	5289	2240	5585	4998	2626	1072	3931	5872	5638	766	2738	2025	5175	5432	4466	2696	751	2802	4904	5520	5061	3481	3335	1348	1893	4564	3837	5206	1775	5621	330	3325	4770	5189	2828	1914	3955	2863	1610	395	3076	5397	2064	4483	2717	4952	3468	4033	1452	428	304	3968	400	2779	6106	1022	4855	5542	1606	885	6098	1404	1669	5538	3443	1959	2705	347	6068	464	1670	163
2473	3183	3199	4311	2272	4905	6057	4795	3777	3297	901	2250	5207	3430	3386	1689	3700	4225	4799	5137	5271	1629	432	733	2069	3793	5959	875	4775	5710	271	3359	2126	4003	3616	1802	3877	5278	2544	4780	5906	4504	5109	2397	5203	5143	4366	5052	4076	2983	562	1904	5103	4112	3299	5166	4899	3923	1622	2143	2707	4831	5437	1664	1967	643	341	5259	5488	5261	4332	1439	110	2443	4327	4978	4299	6103	5482	3803	3240	4181	5571	1949	3073	4657	5996	5440	1189	5837	4223	2137	3735	1022	6106	655	4753	5404	5479	5789	5630	3661	1986	1505	3932	110	1844	4648	4546	137	5604
1424	517	3646	4065	3642	4239	3053	348	1644	4207	636	2777	1752	5211	808	4765	2423	4959	3857	4632	3165	3457	5673	4922	2560	4598	1025	3489	350	2282	3170	2856	1713	4860	721	1661	4388	4586	3988	1720	5614	3461	2412	1419	1780	2588	1897	5907	5703	2031	3275	595	5181	3009	2526	331	5929	110	4021	2763	560	1811	1863	1581	5115	4638	1977	1318	2004	4748	1194	5267	1576	2046	1843	2825	2205	4678	3478	632	3597	4910	533	5401	110	1828	4728	2283	4696	3000	2118	5139	2655	4855	655	6106	1058	992	894	3372	3094	5314	4418	3802	2862	5420	420	5658	2695	315	2815
1396	4372	3990	3032	4252	4100	2904	4505	5834	3893	3307	5164	4742	5194	2827	1333	977	110	2756	1516	2162	980	5748	244	2296	4244	1451	5735	3537	4690	3639	2922	1230	4967	3365	5182	6083	5674	1820	1716	110	4321	583	2013	1056	4431	5599	2085	5099	3734	5327	3684	5634	641	1395	5659	5126	1114	663	1930	1666	827	5964	1347	1158	4149	4234	1280	3889	413	3686	4547	1999	5113	3328	5285	5268	2396	110	5694	1239	3973	896	4686	4136	1218	1332	2254	5730	5648	644	630	1858	5542	4753	1058	6106	4014	4710	1483	684	2120	3934	4750	4167	2672	2065	3345	1754	2413	806
3881	5009	2876	528	4116	2169	1743	5858	110	110	3665	839	5471	2130	1341	370	4174	4470	3186	213	1013	844	4506	2154	4970	5980	881	251	5335	5098	4956	5472	5371	4075	519	5775	365	744	1196	786	4525	2755	5492	1323	5446	5898	1436	1186	5688	1756	5366	4872	4560	1806	653	5010	4227	554	4329	1201	4640	2022	110	5038	2372	845	1011	241	1761	2791	5963	1331	3173	3542	4990	1530	1970	1463	1429	3546	5001	3295	1270	2729	932	5149	2874	1705	3806	1919	1360	2783	1638	1606	5404	992	4014	6106	2971	4079	1036	2235	3279	1879	4346	1024	4722	2591	302	1995	5154
4763	3761	2260	4078	1366	1799	3390	3025	4498	482	868	335	231	2996	2722	5280	2429	3144	1427	408	4776	2057	5891	3412	5457	3614	5956	3057	2436	5315	3895	4836	4881	1083	5783	6032	3010	4103	6074	1715	1224	4513	2674	5101	2516	804	5088	4517	3483	5256	5283	2685	1460	5606	4871	5427	3116	1776	2885	292	1288	5021	1958	3104	5631	1042	110	4965	5235	3603	1768	903	5857	2871	3556	5619	1167	5640	4844	785	110	6029	3915	6071	2796	2308	1963	5537	4772	4303	1679	1039	4201	885	5479	894	4710	2971	6106	3444	3257	1351	6059	2610	4096	3942	2019	5553	410	3579	3450
1297	270	4404	1511	3048	5288	4362	110	2764	5486	4644	739	3691	358	1335	1289	1178	4968	2566	1386	298	1091	5925	3830	1753	5787	369	4655	152	4975	712	3768	3835	5402	3044	3308	4050	4179	2430	1665	2226	5118	2852	5767	5517	4985	209	5521	3212	4060	2460	3476	5351	1922	689	228	4824	1556	437	5740	2286	3353	1801	4099	4037	3066	2790	1389	4187	2319	5911	4842	2977	1645	5370	3223	1370	4791	1941	2960	6054	5172	1708	4719	3521	3244	173	5491	4230	2016	1833	2504	4290	6098	5789	3372	1483	4079	3444	6106	2782	5754	5477	5273	265	3160	3445	2456	4735	455	811
5218	4654	4319	3549	1048	110	1355	4582	3420	2317	5055	4699	4870	138	4977	1473	110	5915	4798	1996	829	5392	1065	5466	477	4269	1603	4441	204	5762	580	4851	3362	3882	5722	1864	915	1100	4053	5000	4216	1049	1620	3078	4650	4492	159	598	3818	2616	226	2934	192	5822	210	326	3887	1553	2861	2519	1399	5751	2306	4880	2258	4414	3855	1154	561	4981	3819	3399	4563	5596	2220	4126	4147	4047	4029	5725	783	4289	3862	110	4455	2026	3709	666	597	1718	5892	509	3743	1404	5630	3094	684	1036	3257	2782	6106	4457	352	3298	4688	1794	2092	5626	4669	1772	626
1812	2908	5188	2181	3391	3001	1856	672	1808	4326	2768	2712	2640	5071	3239	1693	3201	4130	2657	4608	2336	818	5084	3313	1597	2441	247	462	2280	5613	5364	4365	5369	433	1420	469	4721	587	1931	2956	1155	1102	1431	150	195	4512	5334	1311	3976	497	5629	3145	1578	1214	2222	4878	5287	3095	3724	126	984	5451	119	958	2826	431	1479	3316	3015	1816	3047	5389	1658	5418	2627	1602	5490	3137	2379	4478	5150	5818	6038	5141	6089	5518	4991	5921	4591	6045	1215	4074	3296	1669	3661	5314	2120	2235	1351	5754	4457	6106	110	110	3472	3043	5295	3753	5991	4835	3903
1376	4918	634	5311	944	4948	5854	1937	3930	3291	1053	994	5078	2824	1131	419	1906	319	5305	5645	273	2445	6015	2082	3339	2725	5449	3833	1848	1803	1889	1984	3986	2041	1823	5269	5617	5134	5225	488	5290	3662	4673	3232	4109	5709	3356	457	436	5257	3529	3336	3224	3790	5950	611	4984	4013	1082	582	2901	5210	3260	1712	503	2590	1212	3909	2243	387	975	854	1397	4452	527	3096	4482	2005	3592	4071	3429	870	1506	2646	3152	5695	817	646	4163	278	4235	3829	5992	5538	1986	4418	3934	3279	6059	5477	352	110	6106	4285	5937	3254	3471	1277	5811	3508	3264
3678	3438	281	305	824	5411	1838	3405	1641	5704	3622	4929	568	5111	110	2310	396	4572	724	851	5447	5133	2770	5761	3666	5831	4253	4527	3550	1321	3383	3626	5672	2611	5516	4473	3883	5201	1929	2450	1709	3755	2690	3888	5657	3576	2853	3237	1170	439	569	1442	5048	3551	617	5726	1740	4790	4031	1956	5993	4606	2373	2867	4712	1474	3532	5151	2658	2382	1779	4792	110	6051	5419	3617	110	5803	715	2108	1865	450	1175	4890	3828	2819	3448	3840	1182	4159	2509	4570	5576	3443	1505	3802	4750	1879	2610	5273	3298	110	4285	6106	1891	4672	1989	4681	531	2452	2621
5478	4421	1337	4104	5187	3710	2746	5128	5470	5033	5622	2625	3321	4176	3079	5424	4030	1758	3225	1161	164	168	1634	5221	5018	2468	1014	2918	2037	1507	5358	3816	1985	4125	4561	5157	3477	5825	1068	910	2094	110	2050	4695	4800	3900	2168	836	4834	5498	110	2276	202	843	3766	397	3016	2578	2323	487	3282	3348	4849	2656	2841	2363	1285	1513	4243	2024	2735	5468	3259	1519	2587	3112	1540	3727	3451	4599	2580	3029	5178	2950	1176	2899	2131	5587	2758	3786	3852	2606	1352	1959	3932	2862	4167	4346	4096	265	4688	3472	5937	1891	6106	4604	1542	1730	985	3272	5054
3269	1697	651	5016	2529	3158	4283	3577	1781	2850	2638	3355	3288	3163	3784	1637	2880	110	5202	770	1281	1962	4705	1503	669	2687	328	1862	3493	2002	2821	4658	2744	1472	1225	1997	1662	1316	1933	4280	1607	1498	1536	1691	4318	1561	5241	3003	1044	6019	1336	3872	3904	802	1490	3690	774	5827	4080	5230	5662	1748	4292	5759	2535	5653	3927	3775	4787	1827	616	2689	572	3319	495	1192	4011	1174	4930	1822	3360	2335	659	1211	4521	1029	4868	5065	5102	5928	5443	5114	2449	2705	110	5420	2672	1024	3942	3160	1794	3043	3254	4672	4604	6106	1445	1684	2214	6026	4333
1746	2208	5481	1358	5494	2608	4046	3795	4595	3583	2552	3167	3706	3019	2390	862	4972	3151	4767	2586	1107	4571	4331	5666	3175	4796	2313	4634	5213	500	2053	3677	1839	399	2660	4020	1338	5990	2471	4398	2172	5835	628	514	640	3414	4693	2877	3077	2239	287	5739	266	6085	5044	1890	3494	2475	3452	4093	4820	2597	4061	1499	5800	264	1807	2686	2448	6086	2839	2485	5332	1160	5096	4019	2774	4497	2797	6067	2994	1075	4893	2495	363	1276	1423	5586	3514	3305	110	6031	6023	347	1844	420	2065	4722	2019	3445	2092	5295	3471	1989	1542	1445	6106	5530	5097	5738	2281
3081	1518	2381	1492	5190	3575	927	2570	4830	3808	874	2829	2417	981	4097	110	1412	1033	5731	5069	2200	333	1143	1078	1151	577	6100	3756	3992	4301	4246	5127	5809	1375	3725	2049	1520	3426	765	4111	5291	1575	545	3061	919	4493	1235	3874	3868	3154	1880	2128	4510	1612	1950	1759	5765	5953	3406	5399	5546	2198	548	2464	3504	2984	1998	4395	3181	2051	4391	4437	3192	4488	4397	4204	740	5646	502	110	2252	4846	1565	3623	3462	2842	4196	5349	614	3870	3333	4786	2326	6068	4648	5658	3345	2591	5553	2456	5626	3753	1277	4681	1730	1684	5530	6106	4631	3495	3737
4812	5340	4369	1357	2558	5347	2446	2788	585	5092	2403	5781	2805	5697	2559	277	1523	2750	2219	1928	1739	3609	1764	2461	1943	4961	2437	5901	5316	2482	2111	5616	1263	2150	660	2465	2787	4145	2268	5649	5066	1852	5390	4465	153	444	4653	3594	4587	4797	1008	3086	4723	5820	3559	803	4700	1191	5380	4810	1426	1324	2098	3045	3035	2339	5050	4028	1953	1905	2138	4042	3447	2680	3669	342	3322	2440	3540	4152	2793	589	1547	216	5620	3129	3962	3675	3533	110	2292	4677	2801	464	4546	2695	1754	302	410	4735	4669	5991	5811	531	985	2214	5097	4631	6106	3006	5878
361	1582	2345	189	556	4704	3894	1633	5727	1093	5461	2244	2584	5336	1819	2720	3301	4160	4946	4986	5158	1361	4749	5121	1699	2056	530	4779	1788	697	4611	1449	3993	2159	2875	4646	2898	4616	223	4895	4265	727	3437	276	3876	3989	857	963	3854	4436	3965	5828	3866	5129	2360	4083	2604	2174	2163	624	5880	5840	1655	3941	3995	1854	2963	1444	5454	3569	588	4486	4476	1871	5104	609	2785	5935	3234	4058	2392	493	1071	5656	1860	2721	110	2014	720	2607	952	3351	1927	1670	137	315	2413	1995	3579	455	1772	4835	3508	2452	3272	6026	5738	3495	3006	6106	4123
3950	1179	3632	3068	1762	5396	5888	3164	3434	1380	2916	3227	976	3392	4154	4477	2794	2731	4837	1387	230	3004	4353	3138	2659	986	2681	4286	1798	4645	5493	2329	4949	5198	1537	2928	2952	5223	699	296	1951	3708	127	5794	5568	2462	955	1305	2374	2643	2077	4621	5569	1381	5696	2836	2645	3002	5107	3440	4312	3091	5715	4433	3860	4284	3059	693	1857	1228	322	5439	110	6014	2061	931	1979	132	1493	3815	5573	1971	5844	1757	5608	4549	2249	4328	4816	3850	2753	1572	515	163	5604	2815	806	5154	3450	811	626	3903	3264	2621	5054	4333	2281	3737	5878	4123	6106
